sample	lat	long	replicate	Site	Depth	bottle	Fluorescence WET Labs ECO-AFL/FL [mg/m^3]	CStarAt0 Beam Attenuation WET Labs C-Star [1/m]	CStarTr0 Beam Transmission WET Labs C-Star %	oxy_conc_ch1 (micromole/kg)	salinity_ch1 (PSU)	salinity_ch2 (PSU)	sigma_t_ch1 (kg m-3)	sigma_t_ch2 (kg m-3)	temperature_ch1 (degree_C)	temperature_ch2 (degree_C)	pressure (decibar)	time (UTC)
E1877.SKQ23-12S	62.19452	-174.67402	E1877	M8	66.929	1	0.0878	1.2484	73.1918	280.045	31.837	31.8476	25.6037	25.6124	-1.5216	-1.5218	67.589	2023-9-14T13:34:8
E1878.SKQ23-12S	62.19454	-174.674	E1878	M8	30.104	12	0.5474	0.5219	87.7671	356.9	31.5575	31.5726	25.3716	25.3839	-1.2925	-1.2943	30.398	2023-9-14T13:44:17
E1879.SKQ23-12S	62.19454	-174.67401	E1879	M8	10.24	18	0.9592	0.7431	83.0464	287.982	30.779	30.7869	23.995	24.0011	7.7534	7.7544	10.339	2023-9-14T13:51:44
E1880.SKQ23-12S	62.0098	-175.06118	E1880	DBO1.1	73.483	1	0.0644	1.1355	75.2864	250.053	31.9484	31.9579	25.6731	25.6808	-0.7691	-0.7691	74.207	2023-9-15T5:31:41
E1881.SKQ23-12S	62.0098	-175.06098	E1881	DBO1.1	30.309	10	0.6201	0.4659	89.0059	346.362	31.473	31.4811	25.2982	25.3047	-1.1017	-1.1008	30.604	2023-9-15T5:39:51
E1882.SKQ23-12S	62.0098	-175.06122	E1882	DBO1.1	10.368	16	0.6839	0.6013	86.0434	292.993	30.6707	30.6785	23.9483	23.9544	7.4707	7.4717	10.468	2023-9-15T5:46:58
E1883.SKQ23-12S	62.05014	-175.20878	E1883	DBO1.2	74.882	1	0.0532	1.4564	69.4819	254.253	31.9119	31.9433	25.6504	25.6758	-0.9855	-0.9825	75.621	2023-9-15T8:7:48
E1884.SKQ23-12S	62.05016	-175.20864	E1884	DBO1.2	27.16	12	1.8978	0.5514	87.1218	366.124	31.3536	31.3816	25.2073	25.23	-1.3386	-1.3384	27.424	2023-9-15T8:18:57
E1885.SKQ23-12S	62.05002	-175.2095	E1885	DBO1.2	10.105	17	0.7363	0.5655	86.8166	293.867	30.6496	30.6735	23.95	23.9685	7.3349	7.3361	10.203	2023-9-15T8:24:0
E1886.SKQ23-12S	62.38978	-174.5696	E1886	DBO1.4	65.336	1	0.0946	1.0108	77.6698	284.281	31.899	31.9097	25.6541	25.6628	-1.5235	-1.5231	65.981	2023-9-15T22:19:27
E1887.SKQ23-12S	62.38978	-174.5696	E1887	DBO1.4	24.163	12	0.8207	0.5403	87.3652	373.131	31.4905	31.5125	25.1447	25.1703	2.226	2.1159	24.399	2023-9-15T22:30:0
E1888.SKQ23-12S	62.38976	-174.5696	E1888	DBO1.4	1.46	21	0.4631	0.7089	83.7631	285.029	30.9243	30.9882	24.0941	24.1432	7.8611	7.8686	1.474	2023-9-15T22:37:34
E1889.SKQ23-12S	62.55918	-173.55036	E1889	DBO1.6	60.552	1	0.2089	1.6173	66.7425	279.354	31.8883	31.8984	25.6452	25.6534	-1.5122	-1.5109	61.15	2023-9-16T4:54:29
E1890.SKQ23-12S	62.55928	-173.55026	E1890	DBO1.6	30.233	10	0.9278	0.5193	87.8248	349.851	31.7531	31.7626	25.5243	25.5319	-1.069	-1.0682	30.529	2023-9-16T5:1:14
E1891.SKQ23-12S	62.55946	-173.55006	E1891	DBO1.6	10.47	18	1.0366	0.681	84.3449	292.836	31.1556	31.1635	24.3317	24.3376	7.4527	7.4555	10.572	2023-9-16T5:8:31
E1892.SKQ23-12S	63.0284	-173.4606	E1892	DBO1.8	65.964	1	0.1941	1.1227	75.5271	258.291	32.0936	32.1037	25.8086	25.8167	-1.3754	-1.3752	66.618	2023-9-16T11:1:25
E1893.SKQ23-12S	63.0284	-173.4606	E1893	DBO1.8	30.101	10	0.8509	0.4955	88.349	421.834	31.9201	31.93	25.639	25.6469	-0.4536	-0.4519	30.397	2023-9-16T11:9:27
E1894.SKQ23-12S	63.0284	-173.4606	E1894	DBO1.8	10.232	17	0.6078	0.5764	86.5803	293.366	31.3851	31.3922	24.5275	24.5331	7.3383	7.3387	10.332	2023-9-16T11:15:58
E1895.SKQ23-12S	64.67155	-170.64123	E1895	DBO2.09	40.95	1	0.587	0.8508	80.8418	227.5	33.0136	33.0232	26.2798	26.2873	3.2241	3.2249	41.358	2023-9-17T3:50:21
E1896.SKQ23-12S	64.67128	-170.64078	E1896	DBO2.09	29.994	8	0.6049	0.7968	81.9388	228.421	33.0135	33.0228	26.2796	26.2869	3.2253	3.2259	30.292	2023-9-17T3:53:50
E1897.SKQ23-12S	64.6708	-170.64004	E1897	DBO2.09	10.24	15	0.6382	0.813	81.6072	228.493	33.0135	33.0234	26.2792	26.2869	3.2295	3.2308	10.342	2023-9-17T3:59:8
E1898.SKQ23-12S	64.66926	-169.9202	E1898	DBO2.1	40.643	1	1.3334	1.0999	75.9587	226.443	33.0207	33.0305	26.3214	26.3292	2.8122	2.8129	41.049	2023-9-17T8:38:3
E1899.SKQ23-12S	64.66932	-169.92011	E1899	DBO2.1	30.361	8	1.2014	0.9059	79.7348	227.11	33.0248	33.0344	26.3207	26.3282	2.8591	2.8598	30.663	2023-9-17T8:41:49
E1900.SKQ23-12S	64.66934	-169.92004	E1900	DBO2.1	10.319	13	3.2691	0.9544	78.7743	297.876	32.561	32.5796	26.0001	26.0148	2.2387	2.2416	10.422	2023-9-17T8:49:17
E1901.SKQ23-12S	64.67944	-169.1	E1901	DBO2.2	39.56	1	0.65	0.8911	80.0458	263.345	32.8443	32.8539	26.1688	26.1764	2.9505	2.9513	39.954	2023-9-17T13:47:23
E1902.SKQ23-12S	64.6794	-169.10002	E1902	DBO2.2	30.083	5	0.4399	0.7527	82.8465	260.362	32.7163	32.727	26.0861	26.0944	2.7194	2.7224	30.383	2023-9-17T13:50:47
E1903.SKQ23-12S	64.67938	-169.10008	E1903	DBO2.2	10.652	13	1.2588	0.7426	83.0565	298.866	32.4493	32.4589	25.881	25.8887	2.6188	2.6192	10.758	2023-9-17T13:56:36
E1904.SKQ23-12S	64.66892	-168.23716	E1904	DBO2.3	32.68	1	1.3944	0.8803	80.2468	290.055	31.8511	31.858	25.1232	25.13	5.5056	5.4935	33.005	2023-9-17T19:1:58
E1905.SKQ23-12S	64.6689	-168.23688	E1905	DBO2.3	10	12	1.9477	0.796	81.9542	291.897	31.8168	31.8261	25.0261	25.0333	6.0985	6.1001	10.099	2023-9-17T19:6:38
E1906.SKQ23-12S	64.99988	-168.2216	E1906	DBO2.7	40.171	1	0.6455	1.0901	76.1459	228.117	28.4681	30.9876	22.5662	24.5662	4.3167	4.3075	40.572	2023-9-17T22:36:35
E1907.SKQ23-12S	64.9999	-168.22158	E1907	DBO2.7	29.782	7	0.6228	0.9805	78.2612	160.591	27.4787	31.7685	21.655	25.0443	5.6297	5.6237	30.079	2023-9-17T22:39:33
E1908.SKQ23-12S	64.9999	-168.22158	E1908	DBO2.7	9.89	13	2.2861	0.9575	78.7129	243.938	27.4666	31.0247	21.5785	24.3829	6.2487	6.2498	9.988	2023-9-17T22:44:23
E1909.SKQ23-12S	64.99154	-169.13858	E1909	DBO2.5	42.723	1	0.4241	0.9678	78.5092	259.365	32.8164	32.8441	26.1282	26.1524	3.16	3.1354	43.15	2023-9-18T3:0:57
E1910.SKQ23-12S	64.9917	-169.13882	E1910	DBO2.5	29.832	8	0.4359	0.7278	83.3632	265.401	32.7602	32.7711	26.0778	26.0862	3.2231	3.2256	30.129	2023-9-18T3:4:19
E1911.SKQ23-12S	64.99208	-169.13876	E1911	DBO2.5	10.102	18	0.8716	0.7303	83.3125	272.342	32.5835	32.5812	25.9733	25.9688	2.7998	2.8315	10.202	2023-9-18T3:9:52
E1912.SKQ23-12S	64.96166	-169.88356	E1912	DBO2.4	42.638	1	1.0552	1.1192	75.5948	242.404	32.7821	32.7931	26.1785	26.1875	2.219	2.2178	43.065	2023-9-18T7:10:54
E1913.SKQ23-12S	64.9616	-169.88352	E1913	DBO2.4	30.502	8	0.3907	0.6497	85.0082	264.393	32.7842	32.7953	26.0945	26.1037	3.2504	3.2456	30.806	2023-9-18T7:14:18
E1914.SKQ23-12S	64.96174	-169.88364	E1914	DBO2.4	10.421	15	2.0473	0.8855	80.1415	312.066	32.1244	32.1356	25.7156	25.7246	1.2959	1.2965	10.524	2023-9-18T7:20:28
E1915.SKQ23-12S	71.24684	-157.16436	E1915	DBO5.1	40.818	1	0.1934	1.2491	73.1802	316.859	31.6573	31.6683	25.2569	25.2656	2.5085	2.5089	41.242	2023-9-20T21:15:18
E1916.SKQ23-12S	71.24684	-157.1644	E1916	DBO5.1	29.966	7	0.2393	0.6401	85.2113	310.044	31.1943	31.2152	24.7812	24.7978	3.7715	3.7726	30.277	2023-9-20T21:18:9
E1917.SKQ23-12S	71.24682	-157.1644	E1917	DBO5.1	9.981	14	0.6029	0.6262	85.5086	309.019	30.6655	30.6762	24.3312	24.3395	4.0922	4.0934	10.084	2023-9-20T21:24:52
E1918.SKQ23-12S	71.28777	-157.2454	E1918	DBO5.2	50.849	1	0.2188	1.7878	63.9577	315.263	31.784	31.7956	25.384	25.3933	2.1639	2.1631	51.38	2023-9-20T23:22:25
E1919.SKQ23-12S	71.28782	-157.245	E1919	DBO5.2	30.023	10	0.2207	0.6948	84.0535	313.689	31.491	29.2329	25.0707	23.2718	3.1681	3.1638	30.334	2023-9-20T23:28:51
E1920.SKQ23-12S	71.28782	-157.24492	E1920	DBO5.2	9.663	17	0.9252	0.7375	83.1612	309.85	30.2808	27.0765	24.003	21.461	4.3315	4.3357	9.762	2023-9-20T23:36:17
E1921.SKQ23-12S	71.32998	-157.33132	E1921	DBO5.3	84.54	1	1.0132	1.1084	75.7974	316.368	32.4284	32.4526	26.074	26.0936	-1.1536	-1.1534	85.429	2023-9-21T1:18:8
E1922.SKQ23-12S	71.32991	-157.33182	E1922	DBO5.3	30.528	12	0.0681	0.5387	87.4091	323.865	31.8907	31.9638	25.5247	25.594	1.3486	1.1759	30.845	2023-9-21T1:29:3
E1923.SKQ23-12S	71.32996	-157.33143	E1923	DBO5.3	10.787	18	0.808	0.7441	83.0252	302.763	30.1104	30.1313	23.8173	23.8336	4.8421	4.8444	10.898	2023-9-21T1:33:50
E1924.SKQ23-12S	71.37254	-157.41352	E1924	DBO5.4	105.676	1	1.4122	1.2068	73.9567	297.145	32.5752	32.5851	26.2023	26.2103	-1.4898	-1.4883	106.793	2023-9-21T3:25:9
E1925.SKQ23-12S	71.37282	-157.41068	E1925	DBO5.4	29.746	11	0.3251	0.5788	86.5305	358.268	32.04	32.0538	25.7093	25.7207	0.1703	0.1656	30.055	2023-9-21T3:36:48
E1926.SKQ23-12S	71.37294	-157.40962	E1926	DBO5.4	9.617	18	0.9456	0.841	81.0386	302.98	30.054	30.0621	23.7771	23.7833	4.7983	4.8004	9.717	2023-9-21T3:41:45
E1927.SKQ23-12S	71.40908	-157.49209	E1927	DBO5.5	118.649	1	0.2056	1.1139	75.6932	244.441	32.7508	32.7609	26.3492	26.3574	-1.6675	-1.666	119.908	2023-9-21T5:10:7
E1928.SKQ23-12S	71.40916	-157.48897	E1928	DBO5.5	30.264	14	1.4614	0.5968	86.1407	388.386	32.373	32.3871	26.0357	26.047	-1.3891	-1.387	30.579	2023-9-21T5:25:9
E1929.SKQ23-12S	71.40916	-157.48841	E1929	DBO5.5	10.354	18	0.7395	0.7954	81.9679	304.579	30.2715	30.28	23.9602	23.9667	4.6919	4.6938	10.46	2023-9-21T5:30:5
E1930.SKQ23-12S	71.45514	-157.59102	E1930	DBO5.6	103.44	1	0.0814	1.4815	69.0466	263.596	32.9797	32.9902	26.5358	26.5443	-1.6919	-1.6906	104.533	2023-9-21T7:36:56
E1931.SKQ23-12S	71.45519	-157.58952	E1931	DBO5.6	30.066	11	0.4671	0.5148	87.9243	336.629	32.3789	32.3891	26.0435	26.0519	-1.515	-1.5163	30.378	2023-9-21T7:47:53
E1932.SKQ23-12S	71.45522	-157.5887	E1932	DBO5.6	10.471	18	0.6068	0.554	87.0663	314.883	30.4494	30.4617	24.1456	24.1579	4.2398	4.2132	10.58	2023-9-21T7:55:56
E1933.SKQ23-12S	71.49902	-157.67364	E1933	DBO5.7	75.632	1	0.1236	1.3259	71.7859	260.028	32.896	32.9054	26.4667	26.4743	-1.6458	-1.6444	76.426	2023-9-21T9:59:24
E1934.SKQ23-12S	71.49902	-157.67356	E1934	DBO5.7	29.79	11	0.2361	0.528	87.6339	306.952	32.5225	32.5331	26.1604	26.1688	-1.5244	-1.5196	30.1	2023-9-21T10:10:34
E1935.SKQ23-12S	71.49896	-157.67426	E1935	DBO5.7	9.768	17	0.6175	0.5376	87.4239	340.803	30.0098	30.0146	23.9063	23.9108	2.9668	2.9591	9.869	2023-9-21T10:15:48
E1936.SKQ23-12S	71.53638	-157.75148	E1936	DBO5.8	65.028	1	0.1159	1.9185	61.9022	272.648	32.9268	32.9354	26.4895	26.4965	-1.5558	-1.5543	65.71	2023-9-21T12:47:28
E1937.SKQ23-12S	71.53639	-157.75152	E1937	DBO5.8	30.372	9	0.1189	0.4899	88.4722	315.197	32.4336	32.4428	26.0876	26.095	-1.4978	-1.4959	30.688	2023-9-21T12:55:55
E1938.SKQ23-12S	71.53636	-157.7516	E1938	DBO5.8	10.375	15	0.5985	0.5219	87.7671	414.326	31.655	31.6663	25.411	25.42	-0.1057	-0.1051	10.482	2023-9-21T13:1:38
E1939.SKQ23-12S	71.5775	-157.83745	E1939	DBO5.9	59.004	1	0.1176	1.999	60.6688	273.282	32.8985	32.9085	26.4684	26.4765	-1.6334	-1.6318	59.622	2023-9-21T14:32:6
E1940.SKQ23-12S	71.57745	-157.83778	E1940	DBO5.9	29.161	10	0.1251	0.4833	88.6193	315.482	32.4053	32.415	26.0643	26.0721	-1.4834	-1.4814	29.464	2023-9-21T14:41:0
E1941.SKQ23-12S	71.5774	-157.838	E1941	DBO5.9	10.937	17	0.5561	0.5091	88.0486	355.641	30.2448	30.1426	24.1511	24.0652	2.1883	2.2493	11.051	2023-9-21T14:48:41
E1942.SKQ23-12S	71.61913	-157.92416	E1942	DBO5.10	56.07	1	0.1135	1.7151	65.1314	273.369	32.9066	32.9156	26.4761	26.4834	-1.6783	-1.6754	56.657	2023-9-21T16:42:55
E1943.SKQ23-12S	71.61909	-157.92431	E1943	DBO5.10	29.868	10	0.1485	0.4893	88.4855	317.865	32.4061	32.4172	26.0646	26.0735	-1.4714	-1.47	30.179	2023-9-21T16:50:19
E1944.SKQ23-12S	71.61902	-157.92456	E1944	DBO5.10	10.372	16	0.5484	0.5175	87.864	372.364	31.6095	31.6688	25.3771	25.4279	-0.1755	-0.2458	10.48	2023-9-21T16:54:48
E1945.SKQ23-12S	71.75106	-154.46002	E1945	BF2	78.14	1	0.2755	0.9876	78.121	318.881	32.3306	32.3415	25.9887	25.9974	-0.9553	-0.9543	78.962	2023-9-22T2:9:17
E1946.SKQ23-12S	71.75098	-154.45794	E1946	BF2	30.167	5	0.1503	0.7832	82.2171	332.2	32.0042	32.018	25.6547	25.6666	0.6813	0.6676	30.48	2023-9-22T2:17:9
E1947.SKQ23-12S	71.75076	-154.4567	E1947	BF2	9.99	7	0.9034	1.2432	73.2865	315.721	28.5532	28.6527	22.658	22.7379	4.0448	4.0351	10.094	2023-9-22T2:21:19
E1948.SKQ23-12S	72.46519	-156.54646	E1948	CK9	980.083	1	-0.0001	0.4295	89.8189	288.687	34.858	34.868	27.9769	27.9849	0.2659	0.2682	992.613	2023-9-22T14:34:51
E1949.SKQ23-12S	72.46498	-156.54672	E1949	CK9	499.833	7	0.0089	0.4053	90.3643	283.97	34.8407	34.8507	27.9267	27.9347	0.8597	0.8606	505.633	2023-9-22T14:52:38
E1950.SKQ23-12S	72.46464	-156.54704	E1950	CK9	100.172	15	0.0603	0.5676	86.7707	292.44	32.6923	32.6993	26.2976	26.3032	-1.4973	-1.4926	101.236	2023-9-22T15:16:7
E1951.SKQ23-12S	72.46454	-156.54712	E1951	CK9	30.05	19	0.1745	0.457	89.2038	360.494	31.3862	31.3953	25.1963	25.2035	-0.1627	-0.1573	30.363	2023-9-22T15:25:1
E1952.SKQ23-12S	72.46462	-156.54704	E1952	CK9	10.251	22	0.7788	0.5633	86.8638	324.642	27.5755	27.5851	21.9272	21.9348	3.4882	3.4887	10.358	2023-9-22T15:30:23
E1953.SKQ23-12S	71.19248	-160.26608	E1953	DBO4.1n	48.685	1	0.1795	1.4264	70.005	261.138	32.6582	32.6698	26.2742	26.2836	-1.6762	-1.675	49.193	2023-9-23T8:6:19
E1954.SKQ23-12S	71.19248	-160.26612	E1954	DBO4.1n	29.886	8	0.162	1.1024	75.9111	264.174	32.6568	32.668	26.2731	26.2821	-1.6778	-1.6755	30.196	2023-9-23T8:11:30
E1955.SKQ23-12S	71.19246	-160.26608	E1955	DBO4.1n	10.147	16	0.6594	0.5353	87.4757	422.424	30.6898	30.711	24.6032	24.6219	0.5595	0.5247	10.251	2023-9-23T8:20:16
E1956.SKQ23-12S	71.3219	-160.65142	E1956	DBO4.2n	42.835	1	0.1727	2.054	59.8399	250.884	32.6601	32.6708	26.2756	26.2842	-1.6672	-1.6649	43.281	2023-9-23T11:59:13
E1957.SKQ23-12S	71.322	-160.65108	E1957	DBO4.2n	30.251	10	0.1647	0.8228	81.4072	261.26	32.6159	32.6268	26.2394	26.2482	-1.6545	-1.653	30.565	2023-9-23T12:4:53
E1958.SKQ23-12S	71.3217	-160.65164	E1958	DBO4.2n	10.288	18	0.6796	0.5644	86.841	338.033	27.5277	27.5369	21.9607	21.9678	2.4831	2.4849	10.395	2023-9-23T12:11:15
E1959.SKQ23-12S	71.45352	-161.0379	E1959	DBO4.3n	41.697	1	0.249	2.6663	51.3457	258.545	32.6046	32.6164	26.2291	26.2387	-1.6105	-1.6116	42.131	2023-9-24T4:59:23
E1960.SKQ23-12S	71.45341	-161.03816	E1960	DBO4.3n	30.121	6	0.3628	0.8983	79.8844	276.97	32.5724	32.5836	26.2027	26.2118	-1.5996	-1.5992	30.434	2023-9-24T5:2:13
E1961.SKQ23-12S	71.45302	-161.03902	E1961	DBO4.3n	10.346	15	0.7646	0.5849	86.3946	343.192	27.2467	27.2544	21.7577	21.7636	2.1344	2.1385	10.453	2023-9-24T5:11:4
E1962.SKQ23-12S	71.58606	-161.39586	E1962	DBO4.4n	41.88	1	0.2554	2.4648	53.9994	256.7	32.5696	32.5809	26.1991	26.2084	-1.5458	-1.5459	42.317	2023-9-24T8:21:19
E1963.SKQ23-12S	71.58596	-161.39616	E1963	DBO4.4n	30.075	8	0.7105	0.7956	81.9637	274.793	32.5519	32.5626	26.1845	26.1931	-1.5331	-1.5329	30.388	2023-9-24T8:24:35
E1964.SKQ23-12S	71.58586	-161.39658	E1964	DBO4.4n	10.01	15	0.757	0.5834	86.4279	343.357	27.2387	27.2491	21.7534	21.7615	2.0979	2.1016	10.114	2023-9-24T8:31:48
E1965.SKQ23-12S	71.71928	-161.77236	E1965	DBO4.5n	37.727	1	0.3909	1.837	63.1765	290.883	32.6512	32.6569	26.2383	26.2427	-0.6684	-0.6629	38.12	2023-9-25T3:14:1
E1966.SKQ23-12S	71.71928	-161.7724	E1966	DBO4.5n	30.274	5	0.334	1.7044	65.3043	292.624	32.6469	32.6579	26.2336	26.2425	-0.637	-0.6359	30.59	2023-9-25T3:16:42
E1967.SKQ23-12S	71.71922	-161.7726	E1967	DBO4.5n	10.099	12	0.3894	0.496	88.3384	338.481	28.0235	28.0347	22.3676	22.3764	2.3111	2.3126	10.203	2023-9-25T3:22:8
E1968.SKQ23-12S	71.85008	-162.15674	E1968	DBO4.6n	35.847	1	0.4916	2.3309	55.8375	283.621	32.6461	32.6573	26.2334	26.2425	-0.6502	-0.6489	36.221	2023-9-25T6:50:21
E1969.SKQ23-12S	71.85008	-162.15674	E1969	DBO4.6n	30.41	5	0.5096	1.8266	63.3399	286.489	32.6372	32.6486	26.2278	26.237	-0.6909	-0.6904	30.727	2023-9-25T6:52:35
E1970.SKQ23-12S	71.85008	-162.15676	E1970	DBO4.6n	10.239	13	0.6162	0.569	86.74	342.699	28.4402	28.444	22.7312	22.7342	1.8111	1.813	10.345	2023-9-25T6:59:22
E1971.SKQ23-12S	70.58002	-162.49076	E1971	IC11	33.868	1	0.1421	2.5612	52.7136	197.513	30.9883	30.9996	24.3867	24.3955	5.9774	5.9785	34.218	2023-9-26T16:6:37
E1972.SKQ23-12S	70.57988	-162.49072	E1972	IC11	10.159	10	0.8678	0.6192	85.6588	291.533	28.5659	28.5777	22.4067	22.4157	6.5739	6.5756	10.263	2023-9-26T16:11:58
E1973.SKQ23-12S	70.71706	-162.85558	E1973	IC10	36.772	1	0.1386	4.0046	36.7461	200.463	31.4655	31.4765	24.8355	24.8441	5.3525	5.3534	37.153	2023-9-26T19:9:35
E1974.SKQ23-12S	70.71712	-162.85328	E1974	IC10	10.248	14	0.854	0.6251	85.5314	293.226	28.6433	28.6524	22.4794	22.4867	6.4743	6.4725	10.353	2023-9-26T19:17:58
E1975.SKQ23-12S	70.8487	-163.18464	E1975	IC09	38.825	1	0.1651	2.6642	51.3733	234.768	31.7878	31.7985	25.1921	25.2006	4.4014	4.4014	39.228	2023-9-26T23:42:3
E1976.SKQ23-12S	70.84874	-163.1849	E1976	IC09	10	14	0.9691	0.5727	86.6601	293.694	30.3253	30.3506	23.879	23.8986	5.8418	5.8456	10.103	2023-9-26T23:51:40
E1977.SKQ23-12S	70.97168	-163.5666	E1977	IC08	39.82	1	0.3073	2.5276	53.1584	293.203	32.0905	32.1022	25.6628	25.6721	1.6897	1.6902	40.233	2023-9-27T2:33:2
E1978.SKQ23-12S	70.97158	-163.56684	E1978	IC08	30.215	6	0.3439	2.3	56.2701	293.379	32.0852	32.0974	25.6549	25.6649	1.7438	1.7401	30.528	2023-9-27T2:35:48
E1979.SKQ23-12S	70.97154	-163.56698	E1979	IC08	10.431	13	0.6315	0.5799	86.5056	305.295	30.4675	30.4778	24.1177	24.1256	4.6704	4.6728	10.538	2023-9-27T2:42:25
E1980.SKQ23-12S	71.08482	-163.80274	E1980	IC07	37.776	1	0.2019	2.1566	58.3245	300.262	32.188	32.1988	25.8033	25.8118	0.6689	0.6725	38.168	2023-9-27T4:2:51
E1981.SKQ23-12S	71.08482	-163.80274	E1981	IC07	10.233	13	0.57	0.5096	88.0385	314.676	30.8767	30.8868	24.5288	24.5368	3.7699	3.77	10.338	2023-9-27T4:11:47
E1982.SKQ23-12S	71.19488	-164.19864	E1982	IC06	38.711	1	0.2935	1.669	65.8862	290.62	32.3555	32.3676	26.0064	26.0162	-0.8807	-0.8798	39.113	2023-9-27T6:49:54
E1983.SKQ23-12S	71.19488	-164.19864	E1983	IC06	10.349	13	0.6969	0.5441	87.2811	306.15	31.1235	31.1338	24.6638	24.673	4.4121	4.4019	10.456	2023-9-27T6:58:26
E1984.SKQ23-12S	71.33644	-164.61042	E1984	IC05	38.641	1	0.3068	1.6253	66.6092	259.061	32.4554	32.4667	26.0992	26.1084	-1.2697	-1.2684	39.044	2023-9-27T8:35:42
E1985.SKQ23-12S	71.33688	-164.61118	E1985	IC05	10.231	13	0.1112	0.422	89.9887	324.35	30.6361	30.6469	24.4137	24.4221	2.8669	2.8689	10.336	2023-9-27T8:43:31
E1986.SKQ23-12S	71.44816	-164.9151	E1986	IC04	36.675	1	0.48	1.4886	68.9249	266.142	32.4984	32.5099	26.1289	26.1381	-1.0908	-1.0879	37.057	2023-9-27T11:45:12
E1987.SKQ23-12S	71.4483	-164.91624	E1987	IC04	10.232	12	0.0856	0.4213	90.004	324.574	30.5598	30.5703	24.3588	24.367	2.7898	2.7915	10.338	2023-9-27T11:52:59
E1988.SKQ23-12S	71.6009	-165.30478	E1988	IC03	36.818	1	0.6163	1.6316	66.5045	266.78	32.4822	32.4941	26.1137	26.1235	-1.0248	-1.0309	37.202	2023-9-27T22:18:43
E1989.SKQ23-12S	71.6009	-165.30478	E1989	IC03	10.065	13	0.1291	0.4292	89.8263	325.9	30.4845	30.4961	24.3034	24.3122	2.7292	2.7348	10.169	2023-9-27T22:28:1
E1990.SKQ23-12S	71.70562	-165.60136	E1990	IC02	35.791	1	0.5887	1.5711	67.519	286.534	32.4677	32.4793	26.0944	26.1036	-0.7976	-0.7896	36.164	2023-9-28T1:32:26
E1991.SKQ23-12S	71.70562	-165.60134	E1991	IC02	10.082	14	0.1669	0.4488	89.3868	325.562	30.4662	30.4774	24.2835	24.2924	2.7978	2.7986	10.186	2023-9-28T1:41:25
E1992.SKQ23-12S	71.83038	-165.96636	E1992	IC01	38.766	1	0.5423	1.426	70.0119	295.539	32.4173	32.4262	26.0515	26.0586	-0.737	-0.7336	39.17	2023-9-28T6:24:57
E1993.SKQ23-12S	71.83034	-165.96426	E1993	IC01	10.348	14	0.3172	0.5581	87.0103	326.016	30.2878	30.2957	24.1389	24.1452	2.8271	2.8279	10.455	2023-9-28T6:35:3
E1994.SKQ23-12S	67.6771	-168.9495	E1994	DBO3.8	44.985	1	0.216	2.8801	48.6741	236.261	32.4226	32.4342	25.8352	25.8443	2.9161	2.9171	45.444	2023-9-29T21:49:27
E1995.SKQ23-12S	67.67712	-168.94984	E1995	DBO3.8	30.1	8	0.5165	0.781	82.2636	310.386	30.0769	30.0886	23.9994	24.0087	2.4384	2.4394	30.406	2023-9-29T21:55:5
E1996.SKQ23-12S	67.67716	-168.95032	E1996	DBO3.8	10.011	17	0.7799	0.711	83.715	319.724	27.1807	27.1928	21.6229	21.6327	3.3613	3.3591	10.112	2023-9-29T22:1:32
E1997.SKQ23-12S	67.78288	-168.59756	E1997	DBO3.7	44.847	1	0.2058	2.1925	57.8024	219.164	32.533	32.5439	25.8911	25.8997	3.2853	3.2866	45.304	2023-9-30T1:31:33
E1998.SKQ23-12S	67.78276	-168.59789	E1998	DBO3.7	30.161	8	0.1831	0.541	87.3509	289.58	30.8771	30.8721	24.3536	24.3545	5.5012	5.4571	30.467	2023-9-30T1:35:45
E1999.SKQ23-12S	67.78254	-168.59866	E1999	DBO3.7	10.11	15	1.132	0.7586	82.7253	332.922	28.219	28.1991	22.4911	22.4743	2.7961	2.8085	10.212	2023-9-30T1:41:3
E2000.SKQ23-12S	67.89818	-168.2336	E2000	DBO3.6	52.915	1	0.288	3.3248	43.553	214.443	32.4287	32.44	25.8371	25.8461	2.9507	2.9514	53.456	2023-9-30T4:27:35
E2001.SKQ23-12S	67.89822	-168.23358	E2001	DBO3.6	30.003	10	0.1488	1.3919	70.6117	230.62	32.3564	32.2265	25.7731	25.6695	3.0242	3.0241	30.308	2023-9-30T4:33:1
E2002.SKQ23-12S	67.89834	-168.2338	E2002	DBO3.6	10.181	18	2.271	0.7853	82.1747	324.663	28.266	28.1411	22.4563	22.3571	3.7349	3.7356	10.284	2023-9-30T4:37:46
E2003.SKQ23-12S	68.1326	-167.48632	E2003	DBO3.4	43.698	1	0.1031	1.4373	69.8135	266.912	32.0207	32.0321	25.4574	25.4664	3.5682	3.5695	44.144	2023-10-1T15:45:50
E2004.SKQ23-12S	68.13268	-167.48594	E2004	DBO3.4	29.915	6	0.0857	1.1659	74.7152	266.732	32.014	32.0254	25.4472	25.4562	3.6219	3.6223	30.22	2023-10-1T15:48:37
E2005.SKQ23-12S	68.1327	-167.48587	E2005	DBO3.4	10.384	14	0.1136	0.743	83.0517	279.735	32.001	31.9577	25.4115	25.3631	3.8921	4.0381	10.489	2023-10-1T15:53:24
E2006.SKQ23-12S	68.0118	-167.87296	E2006	DBO3.5	46.872	1	0.1539	1.5855	67.2752	234.781	32.2774	32.288	25.7119	25.7203	3.0023	3.0035	47.351	2023-10-1T18:55:20
E2007.SKQ23-12S	68.01128	-167.87198	E2007	DBO3.5	29.84	9	0.1874	1.4427	69.721	245.569	32.1983	32.209	25.658	25.6665	2.8937	2.8944	30.144	2023-10-1T19:0:15
E2008.SKQ23-12S	68.01076	-167.87125	E2008	DBO3.5	10.278	15	1.5547	0.706	83.8203	300.277	29.7791	29.852	23.5568	23.6136	4.8234	4.832	10.382	2023-10-1T19:4:56
E2009.SKQ23-12S	68.18696	-167.29568	E2009	DBO3..3	41.65	1	0.0996	1.3514	71.331	267.492	32.0532	32.0639	25.5052	25.5127	3.3252	3.3363	42.075	2023-10-2T3:48:32
E2010.SKQ23-12S	68.18692	-167.29566	E2010	DBO3..3	30.296	6	0.0856	1.0279	77.3392	268.587	31.8812	31.8941	25.2332	25.2429	4.7208	4.7265	30.604	2023-10-2T3:51:0
E2011.SKQ23-12S	68.187	-167.29565	E2011	DBO3..3	10.182	13	1.0199	0.6796	84.3751	284.763	29.6246	29.6079	23.2848	23.2718	6.2002	6.1983	10.286	2023-10-2T3:58:0
E2012.SKQ23-12S	68.24656	-167.1226	E2012	DBO3..2	37.813	1	0.101	1.564	67.638	266.624	31.896	31.9082	25.2714	25.2816	4.4659	4.461	38.199	2023-10-2T5:47:53
E2013.SKQ23-12S	68.24616	-167.12294	E2013	DBO3..2	9.935	12	0.5619	0.6619	84.7491	270.228	29.1797	29.1952	22.7747	22.7872	7.4919	7.4898	10.035	2023-10-2T5:56:2
E2014.SKQ23-12S	68.30194	-166.9241	E2014	DBO3.1	29.638	1	0.1212	1.4859	68.9709	264.723	31.8195	31.8304	25.1719	25.1805	4.8378	4.839	29.94	2023-10-2T8:23:34
E2015.SKQ23-12S	68.302	-166.92404	E2015	DBO3.1	10.275	8	1.0073	1.2549	73.0718	286.632	26.0549	26.1114	20.4095	20.453	6.7612	6.7694	10.38	2023-10-2T8:29:36
E2016.SKQ23-12S	65.78194	-168.84239	E2016	BS8	42.846	1	0.7082	0.9726	78.4151	239.609	32.9106	32.922	26.2113	26.2204	3.0691	3.07	43.277	2023-10-3T4:44:18
E2017.SKQ23-12S	65.78176	-168.84292	E2017	BS8	30.378	7	0.8035	0.9249	79.3576	242.055	32.9077	32.919	26.2098	26.2187	3.0606	3.0615	30.683	2023-10-3T4:47:21
E2018.SKQ23-12S	65.78132	-168.8442	E2018	BS8	9.955	14	0.8387	0.6997	83.9509	287.855	32.2129	32.2245	25.5982	25.6076	3.7	3.6991	10.054	2023-10-3T4:54:8
E2019.SKQ23-12S	65.73776	-168.64804	E2019	BS6	45.803	1	1.4119	0.9652	78.5611	243.959	32.5888	32.8139	25.9727	26.1524	2.857	2.8581	46.264	2023-10-3T7:12:31
E2020.SKQ23-12S	65.73768	-168.64844	E2020	BS6	30.033	7	1.1257	0.8529	80.799	255.521	32.5676	32.7151	25.9585	26.0761	2.8254	2.8268	30.335	2023-10-3T7:15:48
E2021.SKQ23-12S	65.73762	-168.64868	E2021	BS6	10.152	13	0.6325	0.655	84.8945	273.797	31.0472	31.2022	24.4644	24.5872	5.7088	5.7069	10.254	2023-10-3T7:20:8
E2022.SKQ23-12S	65.66982	-168.36866	E2022	BS3	47.306	1	0.647	0.8675	80.5038	247.113	32.8615	32.872	26.1762	26.1845	3.0235	3.0246	47.782	2023-10-3T9:55:41
E2023.SKQ23-12S	65.66976	-168.36918	E2023	BS3	30.065	9	0.5927	0.7949	81.9769	245.87	32.8542	32.8645	26.1713	26.1794	3.0125	3.0136	30.366	2023-10-3T9:59:22
E2024.SKQ23-12S	65.6697	-168.3696	E2024	BS3	10.452	15	0.9876	0.7365	83.1829	284.166	28.4055	28.3444	22.3289	22.2823	6.1553	6.1407	10.556	2023-10-3T10:3:38
E2025.SKQ23-12S	65.6182	-168.15364	E2025	BS1	23.594	1	0.9831	1.4231	70.0621	269.081	32.4632	32.4737	25.8114	25.8199	3.5501	3.549	23.83	2023-10-3T12:2:41
E2026.SKQ23-12S	65.61816	-168.15392	E2026	BS1	10.483	9	0.374	0.9167	79.5189	272.987	31.8791	31.8886	25.1735	25.1818	5.2564	5.249	10.588	2023-10-3T12:6:41
