1000278
1001333
1001334
1001823
100190
1001915
1001916
1001917
1001918
1001919
1001920
1001925
1001926
1001929
1001931
1001935
1001936
1001941
1001943
1001944
1001952
1001955
1001956
1001957
1001958
1001959
1001960
1001963
1001964
1001965
1001966
1001970
1001971
100200
100204
1002181
1003022
1003048
1003062
1003075
1003089
1003145
1003687
1003700
1003719
1003724
1003726
1003729
1003730
1003743
1003748
1003758
1003768
1003779
1003791
1003939
100678
100886
100952
1010707
1010708
1010713
1010714
1010786
1010792
101204
101205
101207
101283
101364
1014
101839
101879
101899
101904
101920
101924
101928
10212
102202
10224
102291
1026960
1026961
1026964
102713
1027347
1027435
1028178
1028180
102870
1028721
102976
1031547
1032745
1034831
103582
103583
1035833
103584
103588
103589
103590
103592
103594
103596
103598
103600
1036015
103810
103866
1041814
1041932
1042
1042645
1042646
1042647
1042649
1043164
1043165
1043166
1043177
1043707
1045198
1045269
1045278
1045544
1045779
1046055
104630
104631
104633
104635
104636
1048508
1048618
1049056
1049057
1049572
1049573
1049575
1049578
1050842
1051064
1051066
1051067
1051068
1051070
1051071
1051618
1051620
1051621
1051625
105259
105404
105407
105409
105414
1054624
1054627
1054643
105603
105607
105608
105638
105747
105860
105861
105876
105881
105949
106175
106209
106224
106299
1064535
106529
106585
1069381
1069382
1069389
1070206
1070326
1070784
1072022
1072028
1072029
1072040
1072050
1072061
1072467
1072477
107322
1073844
1076257
1076264
1077142
1077150
1077397
1077399
107757
1077841
1080294
1080295
1080299
1080304
1080308
1080309
1080310
1080351
1080442
108101
108102
108103
108104
108105
108108
108109
108111
108112
108118
108119
108121
1081868
1085684
1086039
1087062
1087309
1088028
1088058
1088090
1088129
1088130
1090247
1090248
1090249
1090250
1090251
1090252
1090253
1090254
1090256
1090257
1090481
109269
109273
109294
109295
109296
109298
1093141
109328
1093595
1093611
1093613
109674
109675
109705
109710
109711
109712
109713
109714
109715
109723
109725
109727
109731
109732
109733
109734
109736
109737
109738
109739
109741
109912
109923
1099869
1100067
110272
1104210
1104211
1104215
1104219
1104234
1104243
1104540
110510
110520
110524
1108582
1108592
1109017
1110611
111304
111307
1115533
1115630
1116213
1117645
1117646
111784
111789
111861
1118809
1118810
1118968
112230
112234
1124596
1124835
112503
112507
1125411
1125681
112728
1127570
1129274
1129275
1129554
113275
1134705
113487
113505
113515
1136369
113644
1137050
1137487
1137983
1138469
1141221
1141925
1141927
1141933
114197
1142141
1142215
1143156
1146995
1146996
1146997
1147041
1150258
1150263
1150389
1150732
1150978
1150979
1154596
1154603
1154617
1154619
1154624
1154625
1154629
1154653
1154654
1154658
1154659
1154682
1154735
1154760
1155711
1156094
1156109
1156116
1156117
1156118
1156140
1156143
1156145
1156471
115654
1156758
1157301
1157699
1158022
1159143
116045
116046
116065
1161354
1161356
1161358
1161363
116176
116177
116181
1163486
1163774
1165304
1169589
1169590
1169591
1169592
1169593
117001
1170267
1170316
1170319
1170836
117142
1171431
1171616
1171991
1172988
1173020
1173514
1173609
1173611
117501
1176151
1177618
1181230
1181232
1181249
1181254
1181256
1181258
1181261
1181264
118129
118130
118131
118138
1182195
1182200
1182848
1183110
118374
1186234
1188028
1190602
1194616
1194740
1194742
1194743
1194747
1194749
1194756
119488
1196387
1196843
119718
1197325
119738
1197702
1201942
1203005
1203185
120341
1204301
120431
1204344
1204385
1204389
1204391
1204395
1204396
1204399
1204400
1204403
1204404
1204405
1204406
1204407
1204409
1204410
1204564
1206574
1206913
1206991
120870
120873
1208869
1209975
1209976
1209980
121149
1211648
121492
1214922
121494
1217998
1218009
1218181
1218183
121845
1219119
1219311
1219347
1220549
1220728
1220756
1220763
1220764
1220767
1221223
1221224
1225398
1225888
1226274
1228997
1229908
1229909
1230365
1230539
1230544
1230546
1230547
1230549
1230551
1230554
1230562
1230584
1230708
1230710
1230711
1230713
1230714
1230718
1230726
1230793
1230804
1230805
1231346
1231916
123223
1232428
1232741
1232801
1232804
123325
1233977
1233979
1234821
123504
1235435
1236004
1236753
1236754
1238137
123867
1240238
1240730
1241908
1241978
1241981
1241982
124278
124279
124282
124283
1243175
1245217
1245545
1246994
1248172
1249490
125283
1258644
1258645
1260382
1260383
1260384
1260385
1260386
1260525
1260532
1262161
1262610
126305
126308
1263175
1263176
1263179
126353
126356
1263952
1265445
1266578
1266862
1266863
1266866
1266868
1266870
1266873
1266874
1266875
1266879
1266884
1267064
1267065
1267067
1267071
1267072
1267074
1267075
1267079
1267083
1267088
1267097
1267098
1267099
1267101
1267105
1267110
1267112
1267118
126726
126735
1268083
1268087
1268088
1268091
1271752
1274274
127450
127542
127572
127576
127578
1277708
1277709
1277716
1277720
1277724
1277728
1277934
1277942
1278990
1279004
1279364
127972
1280770
1281428
1281577
1284215
1286116
1286311
1286312
1286746
129044
129049
129050
129051
1292141
1295334
1297001
129788
1298636
1298638
1298647
1299447
1300979
1302273
1302306
1302316
1302777
1302783
1302786
13029
1304286
1304287
130472
1305605
1305609
1306265
1306615
1306631
1306753
13068
1306848
1308599
1308613
1308615
1308616
1308617
1308620
1308621
1308629
1308630
1308631
1308642
1308643
1308644
1308645
1308646
1308647
1308648
1308649
1308650
1308651
1308652
1308653
1308654
1308655
1308656
1308657
1308658
1308664
1308665
1308666
13095
1309716
13106
1311415
1311455
1311485
1311505
1311530
1311532
13131
1314837
1314851
1314852
1316013
1316014
1316015
1316099
1316108
1316150
13164
1317002
1317004
1317005
1317007
1317009
1317653
1320669
1320671
1320672
1320744
1322174
1323790
132415
1324352
1325509
1325549
1325550
1326761
1326770
132683
132684
1326874
1326876
1326878
1326880
1328066
1328949
1329944
133082
1332101
13323
133436
1334967
1335017
13353
1336025
1336670
1336672
1336673
1336882
1338011
1338610
1338612
1338620
1338621
1341016
1343904
1344035
1344354
1345006
1345008
1345009
134618
1347091
134920
1349310
134994
134995
134996
1350219
1350220
1350222
1350454
135079
1351937
1351938
1351939
1351940
1351941
1351942
1351943
1351945
1352361
1352362
1352363
1352364
1352365
1352366
1352940
1353246
13537
1354032
1354033
135421
1354240
13543
1355957
1356035
13575
135759
135760
135761
135762
135763
135764
135765
135766
135770
135771
135772
135773
1358432
1358436
1358729
1358730
1358731
1358732
1358733
1358734
1358735
1358737
1358742
13603
13604
136040
136180
136184
1365458
1365533
1365537
1365538
1365550
1365567
1365570
1365571
1365574
1365579
1365580
1365581
1365582
1365584
1365587
1365700
1365719
1365819
1365869
1366586
1366891
1367094
1367108
13676
13677
13679
136810
136829
136835
136938
136940
136941
136944
136948
136950
136951
136953
136987
137031
137034
137061
137067
137080
137092
137135
13719
13720
13721
13722
13723
13746
137520
137522
1377964
137881
137882
1379270
1379460
1379498
1380096
1380314
1380339
1380965
1381015
1381017
1381019
1381020
1381076
1381077
1381079
1382205
1382212
1386171
138676
1388755
1390627
1390635
1394518
1394994
1394996
1394997
1394998
1394999
1395000
1395001
1395002
1395003
1395004
1395005
1395006
1395007
1395008
1396429
1396431
1396432
1396433
1396434
1396435
1396437
1396438
1396440
1396442
1396444
1396447
1396451
139670
1397027
139729
1398096
139907
1399332
1399335
1399339
139980
1401325
1402070
1403316
1403536
1403802
140438
140439
140443
140595
1406140
1406388
1406400
1407008
1407132
1408142
1410051
1410052
1410053
1410054
1410376
1410377
1410378
1410606
1411933
1411935
141400
141403
141406
141407
141408
141410
141458
1414657
1414750
1415657
1415773
141656
1417803
1417805
141825
1418260
141885
141886
141887
1418985
1418987
1419731
1420981
142104
1421439
1423690
1425443
142658
142660
1427364
1427712
1427716
1427717
1427751
1429247
1429434
143163
143165
1431987
1431988
1431989
1431990
1431991
1432661
1432728
1432729
1432730
1432732
1432738
143281
143323
143332
143339
143344
143345
143398
143401
143403
143405
143406
1434781
143505
143506
1435194
1435197
143549
143550
143606
143608
143612
1436140
1436148
143615
143659
143672
143894
143895
143900
143948
1443077
1443078
1443164
1443200
1443243
1443580
144539
144551
1445868
1446899
1447026
144738
1447896
1450240
1450242
1450243
1450244
1450245
1450247
1450251
1450253
1450280
1450286
1450717
1451183
1451184
1453325
1455062
145522
145527
1456942
1458067
1458157
1458158
1458465
1458563
1458677
1458866
145923
1459801
146078
1461354
1461356
1461359
1461389
146143
146144
146145
146146
1463496
1463498
1464559
1464561
146480
1464978
146921
1470066
1470067
1470305
1471755
1471881
147208
147210
147211
1472224
1472950
1473247
1473587
1473685
1474813
1474814
1474817
1474818
147646
147648
1476532
1480062
1480063
1480064
148074
148086
1482869
1483028
1483030
1483031
1483032
1483033
1483035
1483036
1483110
1483149
1483516
1484166
1484167
1484357
148442
1484650
1486003
1486005
1486006
1486010
1486013
1486016
1486018
148607
1487565
1489734
1489735
148988
149088
1493872
1495610
1497510
1497542
1497665
1497672
1497673
1497674
1499333
1499518
149978
149980
1502869
1502934
1502952
1502953
150320
150322
150327
1503330
1503331
1504029
150493
1505670
1508078
1508112
1510466
151082
1511619
1514137
1514671
1515643
151728
1517458
1519031
1519565
1519760
1519962
1519963
1519964
1519970
1519989
1519991
152008
1520341
152106
152107
152109
152110
152113
1522377
1522389
1522419
1523555
1524265
1524266
1524930
1524931
152553
1526734
1527800
1530197
1530446
1531488
1534972
1536606
153719
1538613
1539280
153946
1539876
1541904
1542449
1543200
1543204
154350
1543967
1544376
1544377
1544528
1544529
154550
1545697
1545970
154811
1548121
154813
154815
154816
154817
154819
154820
154821
154822
154823
154825
154827
1548494
1549163
1549164
1550064
1550065
155060
155063
155066
155067
155074
155216
155217
1552736
155678
155679
1560653
1560654
1560667
1560672
1560678
1560686
1562161
1562378
1562708
1562871
1563990
1563991
1563992
1563993
1563994
1564001
1564185
1564186
1564738
1565084
1565311
1565312
1565378
1565380
1565384
1565385
1565386
1565389
1565390
156587
1566130
1566131
1569704
156985
156996
1571525
157167
1573627
1573630
1573810
1573833
1574408
157584
157585
157669
157710
1577494
1577725
1579277
1579316
1580092
158200
1582276
1582439
1582965
1582966
1585500
1585513
1585976
1586296
1586378
1587500
158766
158894
159162
1592804
1592896
1593418
159452
159454
160063
1602386
1603555
1604516
1604535
1604631
160619
1606556
1606557
1606558
1606652
1606654
1606671
160738
160742
160745
160765
160766
1607686
1607840
1608148
160817
160818
160819
1609324
1609531
1609616
161044
161051
161052
1610699
1610701
161456
1616773
161682
161683
161766
161767
1618372
1618600
161901
161905
161910
161913
161921
161928
161930
161932
1620460
1620464
1620467
1620474
1620475
1620476
1620477
1620914
1620915
1620916
1621113
1621114
1621115
1621116
1621117
1621118
162324
1628248
1628817
162955
162956
162982
162989
162997
162998
1630683
163117
163118
163124
163129
163134
163135
163137
163139
163141
163143
163144
163149
163232
1633020
1633432
1633458
1633460
1633468
1633511
163503
163516
163810
163812
1638153
1638156
1638160
163821
163823
163831
163832
163833
163838
1639837
1639838
1639839
1642128
1642177
1642578
1643632
1643819
164412
164605
1646562
1647520
1648404
1648921
164931
1653389
1653392
1653480
1653831
166027
166032
166256
166264
1664672
166482
1667274
166745
166748
166754
166755
166766
166776
166778
167318
167449
1675036
1675535
1675537
1675539
1677030
1677815
1677816
1678291
1678892
1679026
1679027
1679030
1679438
1680609
1680611
1680617
1680631
1680712
1683865
1683866
1683867
1683868
1683870
1684125
1684697
168765
168771
1691399
169289
169304
169321
1695232
1695233
1696824
1696828
1696864
169771
169774
169775
169778
169782
169784
169788
1697963
1698368
1699035
1699272
1699485
1699486
1699495
170189
170193
170196
170199
170202
170203
1702287
1702308
1702313
1703753
1703756
1704528
1706219
1706337
1707807
170823
170859
1711722
1711723
171196
1712426
171265
171268
171270
171271
1712862
171525
171527
171529
171530
171632
1717231
171732
171733
171735
171736
171737
1719461
172045
1721091
172131
172567
172659
172714
1727146
172769
172905
172907
172908
172910
172912
172914
172917
172919
172966
172976
172978
173034
173242
173309
173311
173312
173313
173315
173317
173320
173322
173324
173329
173338
173346
1734380
1734381
173480
173519
1735334
1735342
173545
1735696
1735697
1736633
1737341
1738886
1739615
1739621
173978
173987
1740620
1743393
1743396
174388
174392
174393
174397
1744849
1749025
1750699
1750720
1750721
1750722
1750723
175273
175282
1752860
1753971
175428
175429
175431
175434
175435
175436
175442
175444
1756149
1756150
1756417
1758121
1758748
1758749
1761466
1763776
1763777
1763778
1763779
1763781
1763788
1763789
1763793
1763794
1763795
1763796
1763798
1763800
1763804
1763805
1763806
1763807
1763809
1763814
1763819
1763820
1764367
1765644
1765770
1765771
1765776
1765777
1765778
1765783
1765790
1765793
1765795
1765884
1765902
1767050
176893
1769458
177147
1772091
1772095
177235
177238
1776111
1776112
1778599
1779361
178220
178221
178514
178539
178540
178552
1785604
178739
1789172
1790106
1790107
1790128
1792849
179359
179364
179368
179369
179370
179371
1794763
1794900
1795458
1795873
1798809
1804765
180519
180520
180522
180523
180524
1805644
1805675
1805676
1805677
1805678
1805684
1806088
1806175
1806177
1806185
1806508
1807190
1808015
180933
180935
180937
1809422
1809738
1809752
1811506
1811511
1812886
1813611
181404
181408
181438
181455
181459
181461
181464
181467
1815080
1815236
181618
1817958
1819260
1819757
1821161
1821172
1821173
1821174
182223
182227
182228
1824973
1824986
1825318
1825320
1825362
1825377
1825378
1825454
1825698
1825699
182643
1827350
182771
182800
182801
182852
182853
182854
182855
183589
183651
183653
1838204
183907
183908
183910
1840523
1840525
1840579
1840727
184215
1842845
1843760
1843778
1843782
1843789
184438
184442
184449
1844824
184585
184592
1846278
1849970
1850224
1851208
185214
1852275
1854498
1854753
185732
185735
185737
185739
185746
185748
1857655
1857656
1857657
1857658
1857659
1857756
1859164
1859602
1860143
186038
186039
186043
186175
186180
186181
186182
1864528
1864531
1864538
1866962
1867357
1867777
1867922
186835
1870906
1870908
1870909
1870919
1870920
1870921
1870922
1871047
1871143
187118
187135
187399
187406
1874132
1874689
187594
187733
187757
187795
187798
187806
187807
187809
187815
1881117
1882727
1884263
1884664
1884665
1884666
1885257
1885258
1885259
1885260
188536
1888008
189058
1892719
189388
189389
189534
189652
1897556
1898065
1898143
1898144
1898147
1898749
189917
1899210
1902835
1902845
1902847
1902859
1902867
1902871
1902921
1902925
1903275
1906128
1906130
1907586
1907847
1911260
1912806
1912809
1913988
191431
1916735
1916736
1916785
1916790
191724
191725
191726
191762
1918384
1918682
1918692
1920002
1920022
1920023
1920057
1920069
192014
192016
1920185
1920503
1920626
1920627
192372
192373
192376
192377
192378
192379
192389
1923966
1923967
1923973
1925548
1926311
1927884
192870
192871
1929310
1929312
1929472
1929907
1929943
1930071
1930277
193150
1932029
1932422
1932669
193294
1933387
1933388
1934098
1934105
1934185
1934659
1934661
1934679
1934710
1934713
1934717
1934729
1934731
1934735
1934750
1934775
1935428
1935457
1935467
1937691
1938378
1938920
1940113
1940317
1943573
194365
194366
194368
194371
194519
194548
1945516
194657
194857
1948882
1950938
195326
195331
1954227
1954391
1954392
1954393
1954394
1954395
1954396
1954397
1954398
1954399
1954400
1954401
1954402
1954403
1954405
1954406
1954407
1954408
1954410
1954411
1954413
1954414
1954415
1954416
1954417
1954418
1954419
1954420
1954421
1954422
1954423
1954424
1955233
1955504
1955552
195600
195609
195611
195612
195615
195617
1956186
195623
195624
195626
195628
195632
195635
195639
195643
195645
195660
195835
1959104
196071
196075
1960768
1960914
196128
196130
196131
196139
1962404
196372
1964570
1966245
1966247
196632
1966421
1966436
196748
196749
1967495
1967496
196750
196769
196770
196778
1967842
1967877
196921
1970159
1970214
1972590
1973460
197753
197756
197759
1977864
1977865
1979181
1979188
1979189
1979190
197939
1979807
1980395
198116
198252
1984844
1984846
1984848
198507
198511
2003551
2003782
2004349
2004710
2005381
200675
200676
200680
200682
200852
200857
200860
2008860
2009197
2010393
201059
201062
201065
2012906
2012907
2012925
2012948
201377
201378
201498
2015076
201688
201690
201691
201694
201695
201696
201697
201699
201701
201702
201703
201704
201705
201706
201707
201708
201709
201710
201712
2017598
2017986
2018052
2018706
2018708
2023136
2023715
2024387
202456
2024843
2025591
2025592
2025594
202583
202587
202588
202592
202597
202598
202599
202600
202602
202605
202606
2026729
2026791
2026804
202727
2027910
202874
2030800
203114
203116
203117
203118
2032702
203281
203283
203284
2032846
203286
203307
203308
203309
203310
203311
203314
203315
203321
203322
203323
203326
2033369
203344
203345
203346
2035278
203539
2035446
2036785
2037950
2039166
2039554
2039555
2039556
2039557
2039558
2039559
2039560
2039561
2039562
2039563
2039564
2039565
2039566
2039567
2039570
2039571
2041055
2042712
204322
204323
204326
204327
204328
204329
204331
204334
204335
204378
204384
204385
204386
204389
2044565
2044566
2044751
2045217
2045360
204741
204745
204746
204814
204817
204818
2048724
2048758
2049049
204992
2050714
205097
2051058
205127
205134
205135
2051848
2052148
2052166
2053516
205352
2053536
2053656
2053900
2053901
2053902
2053904
2053905
2053906
2053907
2053908
2053909
2053910
2053911
2053955
2054244
2054245
205593
2057042
2057163
205924
2059685
2059686
2059687
2060514
206142
206149
2069431
2069717
2069749
2070693
2070695
2070696
2070698
2070699
2078982
2079476
208007
2080421
2081872
208364
208460
208524
208525
208526
2086585
209169
209197
209199
209235
209240
2094010
2094014
209404
2094300
209541
209631
2099341
2099355
210004
210139
210225
210441
210602
210620
210626
210632
210633
210635
210638
2108040
2108150
2108151
2108152
210840
2108433
210850
2109336
211488
211491
2115823
2116735
212346
2126271
212737
212738
212740
2133758
2136010
2138251
2138253
2138257
2138264
2138497
2144175
214483
214485
214486
214487
214490
214491
214493
214812
214914
214916
214920
214921
214925
2153193
2153194
215336
215343
215356
215363
215367
215373
215382
215396
215398
215401
215407
215414
215418
215424
215425
215426
215428
215432
215434
216115
2161728
2161821
216359
2163919
216750
216763
216768
216802
216927
216979
217026
2170375
2171672
2171673
2171936
217211
217214
2172674
2172692
2173147
217483
2175002
217509
2175577
2184484
2185142
2185382
218798
219380
219593
219594
219661
2201459
2202732
2204210
2211138
221867
2219035
2219933
222863
223139
223211
223746
223802
223804
223806
223860
223861
223862
223863
223889
223995
224527
224703
224707
224708
224711
224713
224716
225387
225389
225390
225755
225757
225758
225759
225760
225761
2259110
2259646
2259672
2268451
226939
227286
227750
227751
227752
227755
227756
227976
2282170
228249
228250
228251
228252
228254
2283841
2283842
228471
228497
228541
228543
228914
228918
229056
229068
229069
229070
229071
229072
229073
229074
229075
229078
229083
229085
229087
229088
229090
229091
229092
229093
229094
229096
229101
229122
229125
229133
229137
2291383
229143
229144
2291890
229290
229291
2293317
229543
230148
2302361
2302362
2304654
230516
2305497
230553
2306805
231348
231370
231457
231458
231751
231755
232276
232941
232958
232998
233155
233184
233185
233186
233187
233190
233257
233772
233783
2339277
235072
235389
236585
236586
236787
237258
237411
237455
2377
238
238031
238034
238050
238051
238053
238055
238058
238060
238233
238692
238693
238708
238741
238838
238839
238840
238841
238846
239010
239011
239087
239089
239144
239250
239368
239743
240152
240154
240156
240822
240824
240825
240826
240830
240831
240832
240836
241259
241264
241287
241312
241323
241328
241346
241442
241444
241446
241451
241472
241474
241492
241494
241500
241822
2421351
242524
242525
242812
242823
242928
242929
243268
243652
243951
244423
244449
244450
244452
244482
244518
244772
244776
244777
2447940
2448038
2448914
245074
245095
245694
245701
245769
245875
245975
246121
246881
246882
246893
247
247297
247647
2478663
2479206
2480081
248065
248138
248254
2483365
2484171
2487063
2487064
2487065
2487072
2488307
2489368
248958
248959
248960
248996
248998
2491106
249132
249133
2497411
2497456
2497966
2497989
2498842
250
2500547
2505927
2505928
2506109
2507721
2507734
2507738
2508183
2508726
2510774
2510877
2511165
2511427
2511932
251530
2516292
2518994
252672
2527990
2528017
2528354
2529273
252933
252938
252961
252962
253
253017
253253
253861
253862
253870
254
254544
2546159
2546709
2546710
2546713
2546714
2546715
2546716
2546717
2546718
2546719
2546722
2546723
2546725
2546726
2546727
2546729
2546730
2546731
2546732
2546734
2546735
2546737
2546739
2546742
2546744
2546745
2546748
2546749
2546750
2546751
2546752
2546757
2546758
2546759
2546761
2546763
2546764
2546766
2546767
2546771
2546772
2546773
2546774
2546775
2546776
2546779
2547422
2550860
255295
255458
255464
255465
255468
255530
255533
255539
255551
255553
255555
255557
255558
255560
255564
255718
2558214
2558902
2559279
256058
256131
2563896
256424
2565277
2566147
2567908
256803
256899
2570533
2570534
2570535
2570536
2570537
2570538
2570679
2570680
2570877
2571099
2571100
2571101
2571102
2575635
2575687
2575699
2576622
257771
2578091
2578316
257887
257889
2580389
2580390
2582419
2582857
2582894
2583056
2583851
2584329
2584934
2584939
2584973
2586744
2587930
2589289
2589307
2589380
259029
2590590
2591251
2591686
2591997
2593073
2594656
2594658
259703
2597090
2597463
2597637
2597638
2597639
2597641
2597642
2597643
2597798
2597800
2598109
2598111
2598113
2598114
2598115
2598117
2598119
2598120
2598121
2598122
259834
2598546
2598549
259987
2599946
2600302
260093
260110
2602924
2602932
2604440
2604716
260499
260508
260525
2605477
2605608
2605939
2607498
2608402
2608453
2608665
2610849
2613872
2613873
2613874
2613875
261876
261878
261879
261880
261882
261891
262095
262098
262334
263419
263515
263516
263517
263519
263521
263523
263525
263526
263527
263529
263530
263534
263535
263537
263546
263547
263549
263550
263551
263552
263744
264216
264551
2650791
2650949
2651312
2651313
2652096
2652289
2653082
2653351
2653401
2653404
2654419
2654710
265498
265525
265545
265552
265564
2656760
2656761
2660646
2662367
2662370
2662371
2662372
2662373
2662377
2662380
2662383
2662384
2662388
2662389
2662603
266495
2665441
2665993
2666104
266796
267067
267130
2675451
267567
2676015
2676194
267982
2679974
2682619
268291
268470
268567
268570
268573
2686014
2686190
2686473
2692282
269403
269452
2694858
2698222
2699159
2700046
2700091
270327
270328
270329
270330
270331
270332
270333
2703552
2704651
2704652
2705009
2705016
2705304
270537
270543
270547
270552
2705533
270554
270558
270562
270566
270568
270576
270585
270588
2705903
270604
270609
2706846
2707359
2707585
2707626
2709724
2709802
2710537
2711159
2713414
2713495
2713583
2713598
2713777
271398
271402
271408
2714533
2714534
2714537
271501
271503
2715735
2715768
2715787
2715788
2715789
2715790
2715791
271677
271679
271689
271690
271707
271709
271710
271713
271714
271716
271719
271720
271723
271724
271756
2717699
2717855
2718169
2718615
2719052
271939
271940
271941
271942
2719951
2719952
272050
2722863
2723027
2723817
2723871
2723872
2723987
2724371
2724378
2724434
2724619
2725362
2726110
272725
272785
272786
272787
272788
272797
272798
272801
2729375
2730678
2731644
2733052
2734675
2734676
2734677
2734678
2734679
2734683
273650
2736581
2736996
2737279
273753
2737536
2737877
273789
27381
2738223
2738225
273853
27403
27404
2740664
2741207
2741208
2742861
2743191
2744574
274469
274471
2745886
274647
274688
274691
274698
274711
274720
274724
274729
274731
274732
274734
274736
274739
274740
274741
274743
2747499
2747500
2747501
274758
274759
274762
274766
274768
274770
274775
274777
274780
274783
274786
274789
2747905
274802
274803
274805
2748057
274808
2748384
2749911
2750468
2750679
2754044
275435
2754694
2754876
2758037
27588
2758973
2759146
2759528
27602
27610
27614
2761583
2762023
2762080
2762575
2763238
2763239
2765009
2765011
2765013
2765016
2765020
2765022
2765023
2765024
2765025
2765026
2765027
2765031
2765033
2765034
2765035
2765039
2765040
2765041
2765043
2765044
2765045
2765046
2765049
2765050
2765051
2765052
2765053
2765055
2765056
2765057
2765058
2765059
2765062
2765063
2765065
2765066
2765067
2765069
2765072
2765074
2765075
2765076
2765077
2765078
2765079
2765080
2765081
2765083
2765084
2765085
2765086
2765087
2765088
2765089
2765090
2765091
2765092
2765093
2765094
2765095
2765097
2765098
2765099
2765100
2765101
2765102
2765104
2765106
2765109
2765110
2765111
2765112
2765115
2765116
2765117
2765118
2765119
2765120
2765121
2765123
2765124
2765126
2765128
2765130
2765131
2765132
2765135
2765136
2765137
2765138
2765139
2765140
2765141
2765144
2765145
2765146
2765147
2765148
2765150
2765151
2765152
2765153
2765154
2765155
2765156
2765157
2765158
2765159
2765160
2765161
2765163
2765166
2765167
2765170
2765171
2765172
2765174
2765176
2765177
2765178
2765179
2765181
2765182
2765183
2765184
2765185
2765187
2765188
2765189
2765190
2765191
2765192
2765194
2765195
2765198
2765199
2765201
2765202
2765203
2765204
2765206
2765207
2765208
2765209
2765210
2765213
2765214
2765215
2765216
2765217
2765219
2765223
2765224
2765225
2765226
2765229
2765230
2765231
2765232
2765233
2765234
2765235
2765236
2765237
2765238
2765239
2765240
2765241
2765242
2765243
2765244
2765245
2765246
2765247
2765248
2765250
2765252
2765253
2765254
2765255
2765260
2765263
2765265
2765268
2765270
2765273
2765274
2765276
2765277
2765278
2765285
2765286
2765287
2765288
2765380
2767188
2767283
2768287
2768345
276837
2768431
2768732
27689
2769
27704
2770537
27708
2770866
27717
2772295
27735
27755
2775602
27771
27773
2778077
27783
2779361
2779445
2779446
2779447
2779448
2779449
277994
278032
27808
2781150
2781151
2781153
2781155
2781156
2781157
2781605
2781606
278164
278165
278176
278178
278181
278182
2782
2782020
2782021
2782022
2786
2787
278729
278734
278736
2787394
2787395
2787407
2787410
2787413
2787415
2787417
2787424
2787426
2787427
2787430
2787432
2787434
2787436
2787441
2787445
2787448
2787449
2787452
2787453
2787457
2787461
2787463
2787466
2787467
2787469
2787471
2787478
2787481
2787483
2787485
2787488
2787490
2787493
2787499
2787501
2787504
2787506
2787512
2787515
2787516
2787518
2787522
2787528
2787532
2787535
2787538
2787543
2787546
2787552
2787556
2787558
2787559
2787562
2787564
2787565
2787567
2787568
2787569
2787570
2787571
2787573
2787574
2787575
2787576
2787580
2787583
2787587
2787589
2787590
278773
278786
2788
278853
2789045
2789053
2789116
2789119
2789127
2789135
2790341
2790556
2792
2792478
2793200
279401
27952
2795295
2795296
2795383
2795756
2796140
27967
2798770
279904
279906
279907
279934
279951
2800688
2800990
2800996
2801
28023
28024
2802533
2805493
2805719
2805720
2805729
2805907
2806440
2807409
2807410
2807752
280781
280782
2809013
2809239
2811703
2812853
2814445
2814718
2814812
281489
2815728
2815729
2816913
2816981
2818405
281844
2820133
2820270
2822
2823802
2824916
28251
2825845
2826039
2826937
2827001
2827003
2827008
2828654
2828882
2828883
2829
2829149
2829152
2829527
2830019
2830022
2830023
2830024
2830025
2830026
2830027
2830203
2830204
283024
283025
283026
283027
283028
283029
283034
283035
283036
283054
2830794
2830935
2832104
2832110
2832117
2832479
283367
283373
2834025
2834204
2834347
283497
2835224
283620
283621
283624
283635
283636
2836765
2836766
2836767
2836773
2837474
283765
28381
2838337
2838338
2838339
2838340
2838349
2838877
2838935
2839853
2839854
2839857
2839859
2840382
2842239
2843
2843287
284342
2845260
2845261
2845262
284583
284587
28462
2846828
2846830
2848748
2849045
2849541
2850
2852098
285277
2853323
2853434
2855561
2855562
2855692
2856
285650
2856522
2859054
2860297
2860298
2860299
2860300
2860301
2861367
2861369
2861370
2861371
2861375
2861378
2861380
2861381
2861386
2861392
2861393
2861396
2861401
2861411
2861414
2861422
2861428
2861429
2861431
2861434
2861442
2861444
2861450
2861452
2861453
2861455
2861457
2861460
2861464
2861465
2861474
2861482
2861488
2861499
2861506
2861507
2861510
2861519
2861524
2861526
2861528
2861532
2861540
2861544
2861545
2861546
2861552
2861553
2861558
2861563
2861571
2861586
2861587
2861595
2861607
2861609
2861620
2861624
2861636
2861638
2861641
2861642
2861643
2861645
2861649
2862141
2863190
2864040
2864138
2864139
2864140
286419
2864462
2865377
2865508
286579
2866043
286646
2867077
2867080
2867088
2867089
2867090
2867091
2867093
2867273
2867500
2867501
2867502
2867503
2867504
2867505
2867506
2867507
2867508
2867956
2867957
2867958
28680
28701
2871550
2871551
2871552
2871553
2871563
2871679
287195
287196
2872
2872160
2872190
2872750
2872751
2872752
2873519
28740
28742
28743
2876
2876673
287897
287901
287902
287904
287906
2879938
2879939
2880
28800
2882575
28827
28833
2884003
2884004
2884446
2884899
2886216
2886892
2888774
2888834
2888835
2889
289074
2890800
2890863
2891204
2891205
2891299
2891677
2891718
2891719
2891720
2891724
289389
289398
2894334
2897509
2897522
2897538
2897549
2897562
2898
2898076
2898187
2898441
2898570
2899233
2899797
2902951
290515
290519
290523
290524
2905714
2905919
290627
290628
290630
29073
29084
29088
2908918
2909343
2909791
2910015
291031
2910774
291111
291231
2913298
2913300
2913301
2913308
2913313
2913346
2913349
2913610
29147
291482
2914903
29150
29151
29154
2916456
2916565
2916566
2916567
2916568
2916569
2916571
2916573
2916574
2916575
2916577
2916579
2916583
2916587
2916588
2916906
2917840
2917873
291790
2918038
2918052
291814
291815
291816
291825
291826
2918298
291927
2919596
29204
29205
2920500
2920501
2920502
29208
2920939
2921218
2923014
2923334
2923461
292461
2925
292500
292501
2926
2927043
2927308
2928631
2928756
2928768
2929102
2929799
2929800
293145
293146
2931992
2932
2935523
2935882
2935904
2935959
2936623
2938
293902
293903
293907
293909
293911
293913
293914
293920
2939278
2939588
2940124
2940135
2940147
2940148
2940152
2940501
2940502
2940503
2940504
2940505
2940506
2940507
2940509
2940510
2940511
2940512
2940513
2944556
2944557
2944962
2945
2945612
294704
294744
294769
2948625
2949122
2949123
2949124
2949125
2949255
2949258
2949261
2949691
295021
2950295
2950897
2951803
2952366
295399
2954295
2954764
2956784
2957507
2962610
2962611
2962714
2964728
296555
296566
2966454
2966455
2966460
2966478
2966482
2966484
2966506
2966510
2966513
2966516
2966517
2966625
296670
2968231
2968244
2969293
2969776
2970949
2971075
2971076
2971077
2971491
2971492
2972643
297510
297511
297513
297518
2975577
2975596
2976079
2976165
2976214
2976818
2977127
297737
2977553
2977554
2977555
2977556
2977557
2977558
2977559
2977560
2977561
2978582
2978583
2978584
2980410
2981
2983267
2983606
2984074
298721
299324
2993811
2994838
2995195
2995616
299564
2996
2996152
29965
2996717
2996719
2996720
2996724
2996725
2996726
2996727
29969
2997336
299778
2998971
3001840
300227
3002416
3003
300304
300318
3003265
300346
3003489
3003553
300495
3005
300512
3009083
301270
3015510
3015512
3015513
3015514
3015956
3015958
3015959
3015960
3015969
3016
30160
3016417
3017358
301819
301820
3019859
3019860
302047
3020498
302051
302184
3021996
3022
3022208
3022209
3022862
3023028
302453
3025013
302777
3028912
3028913
3028914
3028915
3028916
3028917
3028918
3028919
3028920
302982
303001
303002
303004
303005
303006
303007
303008
303010
303012
303015
303016
303017
303025
303026
3030271
303030
303032
303035
303036
303037
303038
3030442
3031
303121
3031803
3032
303400
303403
303405
3034176
3034857
3034858
3034859
3035244
303729
3037310
303743
303755
3038064
30385
30387
303944
304000
304001
304002
304003
3040242
304027
30403
3040395
3040396
304045
3040453
3040455
3040456
3040459
304046
3040460
3040461
304058
304071
3041670
3041873
304252
304265
304266
304271
304276
304278
304281
304283
304285
304287
304288
304292
3043737
3046864
304914
304915
3049902
3050937
3051909
3051952
30520
30521
30531
30532
3054208
305505
305506
305509
305510
3055573
3055577
3055578
3055579
3055580
3055581
3055582
3055589
3055590
3055591
3055604
305783
3062090
3062245
3063932
3064168
306639
3069622
3069623
3070152
3070219
307061
307063
3071819
3072172
30724
3074145
3074278
307507
3075083
3075085
3075548
307590
3076214
3076529
307687
307940
307941
307943
307944
307946
307947
307949
307950
307952
307953
307954
307955
307958
307959
307963
307964
307966
307967
307972
308080
308086
308096
3082113
3083464
308462
308713
30873
3088
308847
3092287
3092771
309354
309355
309358
309362
309363
309364
3093923
30945
3094839
3095013
3095053
3095337
309582
309583
309586
309590
309591
309592
309596
309597
309598
309599
30960
30962
309737
309913
310261
3103144
310366
3104229
310442
3104685
3105
3107
3108768
3108774
3108959
31170
31178
31180
311897
311899
31190
31208
312709
313159
313160
313163
313164
313166
313167
313168
313169
313173
313182
313184
313187
313234
313237
313238
313243
31330
31333
313441
31347
31354
31363
31373
314000
314002
314005
31411
314245
314247
31429
31436
31452
31472
315376
315377
315378
315492
315576
315706
316125
316132
316134
316135
316136
316137
316138
316141
316142
316143
316144
316146
316147
316150
316163
316200
316203
316209
316211
317033
317034
317254
317474
317492
317493
317494
317547
317549
317925
31873
318785
31907
319451
319540
319541
319543
319749
319755
319759
319772
319774
319775
319776
319777
320235
320238
320288
320376
320378
320379
320382
320383
320395
320398
320406
320408
320411
320412
320457
320568
320590
320591
320607
320611
320612
320615
320617
320618
320620
322121
322131
322683
323262
323264
323265
323266
324625
324754
324755
324891
32501
32503
32507
32509
32534
325680
325681
325683
325685
325689
32589
32592
327050
327403
327405
327692
327694
327695
327696
327697
327698
327699
327700
327701
327703
327704
327705
327706
327707
327708
327762
327781
327790
327792
327793
327816
327824
328269
328410
328518
328519
328520
328521
328523
328524
328525
328528
328529
328532
328534
328535
328536
328543
328544
328546
328548
328549
328550
329022
329023
329030
329105
329114
329116
329431
329913
330421
330458
330460
331036
331146
331524
332172
332416
33397
33408
334415
334711
334712
334878
334879
334885
334889
334892
334896
334909
334912
334922
334925
334926
334927
334929
334934
334942
335007
335010
335027
335060
335062
335690
335709
335992
336261
336262
33640
33642
336810
337423
338142
338192
338315
338881
338887
340416
340433
340692
34085
341088
341101
341114
341117
341118
342077
342082
342434
342439
342441
342599
342600
343525
343526
343527
343538
343874
344322
344753
34480
34520
345433
345459
345742
34590
347520
34773
34774
34787
34793
34800
34802
34807
34816
34817
34819
34823
34828
348295
348696
348705
348707
348708
348709
34871
348710
348711
34875
34882
34886
34890
34892
349311
349654
349656
349659
349661
349672
350064
350065
350768
350769
350771
350772
350774
35122
351240
35128
35151
35153
35155
351694
35170
352243
352245
352917
354114
354116
355514
355634
356393
35674
35677
35679
356809
356810
356812
356814
356815
356816
35682
35684
35687
35688
357281
357285
357286
357287
357531
358387
358388
358390
358392
358800
359311
359312
359998
360089
360505
360508
360968
360972
360985
360990
361153
361155
36137
361473
361476
361634
361642
361644
361645
361646
361647
361648
361649
36177
36180
36181
36185
36212
36221
362230
362235
362314
362318
362328
36243
36326
363549
364019
364157
365056
366441
367072
367073
367074
367075
367269
367270
367275
367277
36754
367866
367901
36881
369345
369623
369630
369631
369634
369635
369639
369640
369644
369646
369648
369650
369651
369652
369654
369655
369656
369658
369659
369660
369665
369667
369668
369674
369680
369681
369687
369910
369968
37010
370336
370357
370360
370369
370370
37051
37055
370592
371681
371725
37173
37179
37190
37191
372805
37318
37319
373250
37346
373672
373843
373844
374047
374848
37508
37510
37515
37524
37550
376140
37654
37655
376658
376659
376888
376895
376896
376897
379066
379085
380166
380170
380745
380747
381601
381604
381608
381656
38241
382507
382508
382509
38265
382950
382951
382953
384371
384378
384386
384595
384597
384672
38527
385529
38569
38578
386100
38654
38742
38762
387623
387663
388021
388022
389623
390296
390304
390314
390315
390327
390330
390337
390338
390340
390343
390349
390352
390377
39053
390674
390686
390693
39088
39090
39097
391225
391764
392301
392307
392546
39281
39298
39299
39301
393182
39374
39411
394299
39447
39449
39453
39455
394683
394686
394687
394688
394689
394690
394691
394692
394693
394694
394695
394696
394697
394698
394699
394700
394701
394702
394703
394704
394705
394706
394707
394708
39568
39569
395966
396355
396600
396779
39688
397615
397951
397993
398258
399152
399303
39971
399782
399998
400000
400003
400004
400006
400009
400011
400035
400110
400142
400143
400756
40146
40147
401640
401642
401699
401703
40171
40189
402241
402406
40256
403224
404955
405000
40509
40511
405170
406530
406531
406532
406536
406718
40831
408872
409302
409609
40986
410342
410350
41164
412663
414004
41446
41457
415978
416841
416860
416861
416868
416956
41697
416976
417912
417927
417931
417934
417941
417945
41806
418109
418111
418128
418130
418132
418454
41871
41886
419013
419333
419950
420104
420105
420112
42017
420184
420456
420457
420458
420460
420462
420556
420623
42100
421058
421525
42192
42201
42205
42212
42330
423369
423370
423371
42388
42391
42394
42429
42431
42434
425012
425479
425481
425483
425484
425490
425500
425503
425520
425646
425751
425934
426078
426079
426080
426081
426082
426094
426095
426098
426380
426630
426637
426638
426669
427767
427913
428027
428030
428032
428034
428036
428037
428429
428441
428443
42846
42851
42852
42892
429428
429650
430039
430040
430082
430564
43146
431633
43209
432164
432167
432168
432344
432355
432385
43328
43332
433379
433386
433387
433388
433389
433390
433391
433392
433393
433395
433396
433399
433401
433402
433403
433405
433407
433409
433411
43346
43347
433577
433667
433668
433669
433738
434038
434131
435128
435131
435134
435144
435151
435156
435224
435231
435243
435299
435301
436017
436290
436291
436308
436679
43689
437162
437614
437757
437758
437759
439323
439328
43956
43957
439892
44056
44166
44176
44184
44187
441892
44190
44195
44197
44202
44206
44208
44209
44211
44243
442640
442643
442644
442645
442647
44306
443256
443629
443631
443633
443636
443640
443644
443676
443684
443689
443692
443693
443695
443715
443721
443723
443724
443788
443798
44440
44446
44447
44451
444606
444732
445388
445390
445392
446136
446432
446433
44658
44659
44664
446791
446792
446793
446815
446823
446825
448029
448039
448386
44932
450187
450190
450191
450224
450361
451786
45264
45384
453925
453929
454056
455156
455299
455453
457355
457356
457357
457498
457500
457506
457511
457514
457516
457518
457520
457521
457524
45783
458190
458489
458614
459045
459287
459342
459747
459760
459921
460386
461143
461266
46167
46259
46260
463342
463596
463598
46360
463830
464750
464751
464752
464753
464754
464755
464990
46514
465783
46598
466111
466962
466976
466989
466991
467001
467003
46770
468308
468933
468936
469326
46947
469658
469659
470226
470227
470729
47085
470924
470926
470928
47145
471580
471972
471973
472766
472989
47308
473314
473320
473325
473350
473354
473369
473453
473458
476914
476915
476916
476918
476919
476920
476925
476928
476930
47712
47713
477781
478208
478246
478248
478259
478261
478282
479279
479280
479469
479583
479610
479640
479643
47969
47982
479980
480039
480040
480041
480603
480604
480610
481459
48167
48168
481688
481689
48169
481690
481691
481699
481700
481701
481777
48271
482874
482913
482919
483362
483410
48408
48416
48443
48548
486151
486222
48668
486813
48683
48708
487173
48745
48747
4876
48942
489441
48970
490051
490245
490246
490276
490287
490309
490337
490372
490388
490876
491015
491138
492019
492021
492022
492023
492024
492026
492027
492028
492029
492030
492031
492034
492037
492042
492047
492049
49249
492524
49265
49266
495043
495829
495836
495868
496076
496415
496980
496985
496992
497222
497288
497388
497503
497904
497908
498399
499856
499945
500156
500393
500566
501721
501781
502345
502682
503028
50342
50415
504426
504565
504566
505405
50612
50613
50731
507566
507600
50790
50794
508009
508012
508046
50812
508554
508607
508657
508659
508665
50956
509747
509850
509856
509858
509993
510797
511022
511734
511736
511794
512201
512202
512203
512204
512205
512206
512207
512273
51316
51338
515231
515482
515483
515487
51549
516014
516016
516032
516038
516810
51758
51768
51798
51815
518689
518691
518692
519541
521031
521033
521034
521036
52114
52126
521416
522486
52273
523734
52546
52556
52559
525764
52612
52617
52619
52620
526217
526620
526623
527039
527513
527612
527613
527630
527700
527707
528211
528212
52970
529751
531318
531320
531321
531323
531324
531325
531327
531328
531403
531844
533311
53479
535292
535293
535294
535295
535298
535299
535301
535302
535303
536042
536441
53687
53944
54020
54021
54023
54135
54267
54317
54319
54323
54325
54327
54328
54330
54331
54332
54337
54343
54344
54350
54351
54353
544705
545417
545418
54556
545687
545688
545689
546018
546271
546525
546535
546662
54672
547149
547593
548164
549331
549393
549686
54971
55040
55124
551537
552516
55290
55293
553030
55409
55410
554455
55529
555484
555485
555487
555488
555489
555490
555491
555492
555493
555496
55554
55555
55556
55557
55567
55647
556499
556794
556800
556806
556812
556836
556853
556859
556867
557335
557338
557346
557350
557352
557361
557364
557408
557410
557412
557414
558152
559294
559522
559523
559540
559822
560255
560608
560611
560612
56069
560965
560977
561260
561261
561267
561508
561509
561510
561518
561742
56195
56245
56278
563610
563615
563616
563617
563618
563622
563625
563630
563633
563634
563638
563714
564077
564176
564874
565044
565240
565241
56620
56723
56726
56737
568884
568900
569425
569589
571210
572044
572250
573213
57372
575221
575863
576632
576719
576799
576805
576822
576857
57734
57737
57763
57779
57780
57790
57818
57849
57865
57866
57979
580340
581012
581201
581202
5815
5816
5817
5818
58220
582601
58317
58319
58323
58325
58327
585233
585234
585235
585236
585237
585913
585914
585915
585916
585917
585920
585952
586674
586675
586676
586773
586785
586786
586787
586788
586789
586790
586798
586809
586812
586816
586817
586822
586850
586851
587067
587150
58800
588596
589684
590635
591250
591936
59291
59296
59515
59534
59538
59542
59564
596313
59688
59812
59837
59861
59862
598664
59946
599903
600809
602068
603439
604244
6052
6055
60560
60579
60593
6063
60925
61082
61084
6116
613162
613164
613165
61418
61622
61626
61627
61628
61641
61643
61712
61755
61966
61967
61968
61970
61971
62061
62062
62067
621112
621257
621459
622373
622374
622781
62298
624282
626210
626227
626275
627135
62819
630221
630668
630690
630692
630694
63121
63221
633558
6347
634733
634734
634736
634739
634740
637379
637728
63824
638951
6395
639604
639606
641108
641109
641111
641117
641271
641275
641277
641279
641282
641285
641289
641303
64185
641905
642415
642806
643316
643317
643318
643319
643321
643322
643324
643325
643327
643328
643332
643333
643338
643339
643340
643342
643353
643355
643357
643358
643361
643362
643364
643368
643369
643374
643375
643376
643380
643382
643383
643386
643391
643393
643411
643419
643421
643423
643425
643427
643439
643442
643457
643462
643471
643647
644112
644113
64543
645517
646011
646013
646014
646017
646018
646021
646022
646026
646028
646030
646032
646041
646047
646049
646537
64707
64709
648585
648593
64927
64931
650509
65123
651561
651718
652442
653772
6549
6551
655525
655526
655527
655538
655540
655541
657187
65739
658252
658254
658255
660297
6604
661034
661041
661042
661043
662068
662069
6625
662561
66447
66448
665601
66621
666526
666529
666535
66718
668487
668525
669373
670095
6703
670497
670522
671077
671091
672012
673448
673449
673885
674131
67476
675001
67537
67541
675436
67547
6755
675577
678550
678551
678552
67868
681720
681939
682059
682880
683134
6837
68401
685029
685031
68564
68568
686327
686570
686688
68724
68728
68741
687869
689436
689440
689628
689653
689952
69136
691748
691795
691800
691801
69196
69238
69240
69242
69293
69308
693219
693978
696262
696300
696311
696312
696322
696753
696857
697907
69811
69823
698476
69944
699532
699555
699558
700623
700789
70082
70084
70086
70189
70207
702838
70285
7029
703242
703299
703301
703306
703452
703580
703908
70446
70450
70541
70546
70548
70549
70551
707279
707280
707281
707283
70739
707724
707725
707735
707981
708248
708428
708627
70919
71160
71199
712538
713030
713928
714202
714203
7153
7159
7163
7175
71750
71751
71752
71753
71754
71755
71756
71757
7176
71763
71765
71767
71769
71771
71773
7178
718286
7183
72053
72054
72055
72056
72057
72058
72059
72060
72061
72062
72063
72064
72065
72066
72067
72069
72070
72071
72072
72073
72074
72075
72076
72077
72078
72079
72080
72081
72082
72083
72084
72085
72086
72087
72088
72089
72090
72091
72092
72093
72094
72095
72096
72097
72098
72099
72100
72101
72102
72103
72104
72105
72106
72107
72108
72109
72110
721782
72243
722436
722757
722766
72290
72292
72450
72520
72523
72540
72541
72542
72543
72544
72546
72639
72668
72675
72715
72723
72725
73431
73648
73653
740692
740695
740698
740704
74089
74091
74092
740928
740932
740938
74099
741938
742514
74379
74381
74394
743960
744578
744581
74468
74475
747040
747041
747089
748366
74908
749190
749191
74940
749476
749526
75013
75014
75015
75020
75022
75024
75026
75028
75030
75038
75040
75042
75329
75330
75332
75334
75343
75348
75350
75352
75353
75354
75356
75358
75362
753643
753647
75366
753682
753684
75372
753915
753916
756461
756765
75838
75839
75844
75854
75861
75864
75865
75869
7590
75937
75939
7598
76054
76074
7609
7611
7612
7616
76160
76163
76168
762048
76208
763117
7634
76340
763460
7635
7646
7648
764836
7650
765333
7654
76593
7660
7663
7667
7668
7670
7671
767263
767266
767270
767273
767276
767277
767278
767279
767282
767283
767285
767298
767300
767302
767306
767308
767310
767312
767314
767320
7678
76841
768496
768700
768769
768844
768845
7698
7700
7710
77115
77300
7739
7740
7748
7750
7752
7753
7757
7764
77646
7765
7767
77707
77716
77745
77794
77801
7781
7782
77839
77841
77929
77931
7797
7812
7815
78394
78424
78453
7849
7852
78550
7873
78898
78913
7902
7903
7904
7906
7907
7908
7913
7950
7957
7959
7962
796221
796226
796235
796241
796245
796250
796257
796269
796274
796276
796280
796293
7965
79683
79686
79698
7971
797219
7973
79731
79736
79784
7980
79898
8014
8017
8018
8019
8020
8021
8022
8023
8030
8032
8034
8035
8036
80365
8037
8038
8039
8040
80419
8042
8047
8049
8052
8056
8058
8060
8063
80640
80720
80721
80765
80779
8078
80780
80783
80784
80787
80788
80789
80790
80791
80793
80800
80805
80806
80807
80808
80810
80948
80949
80950
80951
80952
80955
80956
8096
80966
80968
8097
80970
80971
80972
80973
80975
80976
80977
80982
80983
80987
80989
80991
80994
80995
8103
8110
8127
8128
81389
8142
8144
8148
8150
8161
81636
8164
8167
8168
8182
81868
8187
81899
8197
8199
8204
82174
8222
8226
8227
8228
8230
8231
8232
8235
8236
82366
8237
8238
8240
8241
8242
8245
82468
8255
8260
8262
8265
8267
82795
8284
82892
82893
82895
82899
83285
83372
83385
83390
83392
83396
83653
83874
83875
83887
84397
84408
84621
84667
84699
84700
84702
85061
85062
85063
85065
857569
857570
857638
857721
85783
859389
859426
859642
859653
86063
86068
861190
861476
861478
861514
861515
86203
86205
86220
86222
86224
86228
86232
86235
86239
86241
86248
86250
86255
862821
862900
86329
863602
86375
863827
864464
864651
864659
86515
86530
865938
866009
866504
867811
867902
868563
868579
868580
868581
868586
868587
869069
86918
869195
86928
86930
86934
86940
86943
869812
870289
870499
870802
87149
87236
873164
87322
875769
875780
875789
876628
876641
878220
87886
879073
879074
879481
879482
879483
879812
88015
880239
880343
880757
880961
88149
88159
88200
88201
88206
882799
882823
882859
882883
882889
882983
8832
8838
8839
884089
884168
886298
886794
88705
887132
887869
887870
887917
887918
8884
88953
89020
89055
89057
89058
8932
89337
89558
89574
89632
8992
8994
89945
89949
89950
89952
89953
8996
9002
9023
90246
90247
9031
90313
9032
9033
9034
903649
903671
903733
903808
9040
9042
9043
9044
9046
9049
9050
9054
9055
9059
9061
9066
907
90735
90751
907742
9081
908211
908212
908215
9083
9088
9089
908985
909120
909123
909837
909840
9101
9103
911169
91197
912804
913210
913239
91607
91608
91609
91610
91653
91654
91658
91660
91958
92439
92617
926443
926444
927704
92866
92868
928997
930204
930206
93047
93049
930864
930865
930977
932703
932715
932717
932718
933219
933220
933222
933223
933224
933226
933931
933992
934869
934945
935621
93600
936278
93721
937755
937756
93837
938380
938382
938385
938393
938400
93898
940129
941158
941636
94172
94174
94175
941984
94237
942859
94306
94630
94644
947577
948019
948025
948029
948030
948031
948067
948070
948796
94907
94911
950
9531
9541
9544
9555
9595
9598
9606
9612
9615
9622
9624
9636
9643
9644
96543
96882
96883
96888
96903
9704
9715
9716
9720
97227
97235
97236
97242
97249
97252
97259
97262
97271
97277
97279
9728
97282
97288
97294
9731
9733
9735
9736
9737
9739
9742
9744
97477
9752
9764
9767
9771
9773
977818
979681
979682
980251
980326
980329
980331
980332
980336
980339
980342
980343
980344
980385
980387
980415
980417
980419
98061
98220
98221
9823
9825
98296
98310
983304
98366
98376
98377
98378
983944
98395
98397
984084
984182
98425
984991
9860
986102
986104
986105
9863
98646
98648
9865
98657
9870
987013
9886
9887
9888
98923
989232
989237
98928
9894
9901
9902
9904
990554
990559
990566
990599
9906
9909
990932
991002
9913
9915
9923
992406
9925
99343
99344
993561
9940
994856
994860
994862
995026
9958
997026
99766
997964
997974
997976
997977
997978
997984
997985
998006
99804
998431
99883
99884
999357
999358
999359
999361
