1000564
1000574
1000575
1001402
1001406
1001411
1001423
1001426
1001429
1002494
1002521
1002672
1002969
1002979
1003008
1003040
1003062
1003076
1003145
1003499
1003509
1003759
1004961
1005972
1006
1006801
1006821
1006949
1007360
1007371
1007431
100756
1007685
1007686
1007687
1007689
1007690
1007691
100870
101203
101300
1016880
1017091
101920
102135
102202
102628
102631
1027435
1027454
1027699
1028523
1028546
1028613
1028769
1028814
102899
1029721
1029722
1029723
1029731
102976
1030995
1031135
1031138
1031141
1031237
1031247
1031252
1033783
1034349
1034373
1034394
1034652
1035362
1036991
1037065
1037066
1037237
1037238
1037239
1037242
1037244
1037246
1037251
1037269
1037304
1037536
1038075
1038077
1038841
104018
1041511
1041512
1041945
1042120
1042181
1042627
1042652
1042694
1043159
1043160
1043182
1043183
104460
104537
1045928
1045937
1045938
1045939
1045945
1045947
1045948
1045966
1045968
1045976
1046787
104723
104788
1048675
1049196
1049202
1049546
1049555
1049592
104971
1051066
1051287
105151
105152
1052040
1053099
1053259
1053873
1053875
105404
105409
105416
1054323
1054411
1055087
1055681
105608
1056814
105861
105949
1060863
106224
1062344
1064555
1064566
1064590
1065166
106888
106917
1069389
1069862
1069869
1070346
1070398
1070909
1070910
1070914
1072061
1072558
1072791
1073088
107326
1073644
1073936
107401
1075127
1076
1076721
1076758
1077055
1077227
1077470
107758
1077840
1077844
1077847
1077923
1077925
1078465
107927
1079368
1079982
1080927
1081255
1081868
1081873
1082617
1082618
1082620
1082621
1082623
1082624
1082627
1082628
1082659
1082663
1082671
1085633
1085683
1086048
1086052
1086116
1086251
1086264
1086286
1086772
1086775
1086786
1087111
1087485
1087562
1087567
1087585
1087592
1087599
1087665
1087719
1087806
1087808
1087816
1087828
1087848
1088236
1088918
1089214
1089218
1089222
1089233
1089236
1089247
1089252
1089257
1089265
1089297
1089303
1091503
109152
1091600
1092540
1096035
109660
109671
1096883
1096885
1097460
1097462
109757
1098035
1098087
1098265
1098315
1098319
1098321
1098457
1098612
1098631
1098997
1099000
1099072
1099094
1099101
1099304
1099329
1099461
1099480
1099542
1099603
1099629
1099650
1099676
1099767
1100103
110017
1100387
1100406
110072
1100955
1101006
1101052
1101072
1101114
1101143
1101868
110189
110193
1102128
1102650
1102934
1103063
1103124
1103170
1103195
1103824
1103964
1103987
1104025
1104067
1104076
1104115
1104144
1104319
110438
1104407
1104535
1104536
1104537
1104540
110477
1104995
1105107
110520
1105345
1105562
1105674
1105675
1105978
1106038
1106081
1106410
1106447
1106725
1106959
1106960
1107207
1107221
1107228
1107241
1107548
1107582
1107587
1107588
1107591
1107634
1107635
1107649
1107702
1107709
1107723
1107731
1107738
1107766
1107811
1107817
1107827
1108003
1108010
1108084
1108094
110817
1108701
1108706
1108909
1108920
1108961
1108962
1109144
1109402
1109459
1109492
1109514
1109751
1109777
1110480
1110715
1110762
1110780
1110783
1110787
1110795
1110797
1110921
1110923
1110981
1111009
1111025
1111039
1111206
111171
1112207
1112348
1112383
1112386
1112391
1112440
1112448
1112466
1112501
1112534
1112541
1112543
1112547
1112568
111281
1113145
1113204
1113379
111370
1114221
1114231
1114233
1114235
1114241
111462
1115533
111561
1116891
1116947
1116959
1117005
1117027
1117030
1117031
111789
111831
111875
1118938
1118979
111911
112026
112027
112028
112030
112031
112057
1120770
1120771
1120779
112078
112079
112081
112082
112083
112087
112088
112089
112090
112091
112092
112098
1122293
112267
112268
1123329
1124194
1124196
1124533
1124591
1124905
1125024
112506
112524
112525
112526
1125268
112528
1125843
1126741
1127308
1127710
1128487
1128534
1129274
1129703
1129794
1130069
1131323
1131436
1132302
1132368
1132395
1133191
1134251
1134916
113499
1135985
113644
1136756
1137155
1137635
1138465
1138466
1139002
1139020
1139113
1139123
1139153
1139157
1139163
1139173
1139264
1139289
1139420
1139471
1139618
1139636
1139732
1139938
1139946
1140662
1140664
114067
1140717
1140731
1141006
1141082
1141738
1142458
1142711
1142712
1142805
1143192
1144608
114598
1146996
114742
114796
1148761
1149953
115018
1150249
1150260
1150261
1150609
1150633
1150634
1150636
1150642
115359
115417
115418
115421
115424
1155755
1155758
1156137
115640
1156569
1156572
1156872
1156905
1157608
1157699
1157739
1157803
1158016
1158018
1159285
1159339
116065
1160993
116182
1162565
1162569
1162615
1165381
1166750
1166759
1166801
1166835
1166840
1166874
1166879
1167535
1167538
1167647
1167875
1168089
1168138
1168742
1169133
1169134
1169566
1170736
1173064
1173707
1174485
1174594
1174643
117512
117513
117514
117521
117523
1177070
1178315
1178825
1181784
1182263
118321
118375
118377
1184253
1184254
1184852
1185511
1185525
118619
118624
1188175
118994
118997
1190534
1190596
1190597
1190602
1190757
1190758
1190783
119105
119111
119112
119115
119117
1191186
119122
119130
119134
119136
119138
119140
119141
119145
119152
119155
119246
119368
119369
119370
119373
1194115
1194252
1194341
1195088
1195093
1196008
1196597
1197119
1197126
1197709
1197752
1198230
1198315
120023
120091
1200954
1200956
1201160
1201161
1202107
1202120
1202531
1202772
120363
120396
120398
120407
120415
120416
120417
120418
120419
120421
1204433
1204437
120452
120472
1205562
1205572
1205907
1205966
1205998
1206016
1206019
1206023
1206071
1206216
1206289
1206316
1206598
1207558
1207813
120787
1207884
120807
120870
1209564
1209623
120995
1209966
121062
121068
121138
121149
1211832
1211992
1212002
1212047
1212083
1212107
1212125
1212232
1212325
1212393
1212511
1212604
1212608
1212781
1212886
1213025
1213133
1213208
1213220
1213229
121473
1215038
1215624
1216152
1216191
1216507
1216509
1216510
1216511
1216519
1216521
1216590
1216593
1216602
1216624
1216757
1217450
1217586
1218668
1219119
1219120
1219156
1219162
1219848
1220207
1220549
1222099
1222139
1223413
1223490
1223578
122415
1225233
1226593
1226606
1226968
1227362
1227666
1229234
1229243
1229976
1230024
1230542
1230847
1230915
1231966
1232011
1232051
1232802
1233030
1233087
1233435
1233765
1233775
1233776
1233785
1233793
1233801
1233817
1233846
1233847
1233850
1233855
1233866
1234564
1234575
1234576
1235424
1235425
1235707
1236070
123754
123877
1239275
123931
1239714
1240829
1240841
1240850
1240864
1240880
1240885
1240904
1240995
1241000
1241005
1241941
1242057
124302
1243828
124409
1246315
1246322
1246454
1246625
1247429
1248350
1248366
1248367
1249110
1249111
1249112
1249599
1249610
1249611
1249688
1250574
1251107
1251128
1251170
1251251
1251263
1251381
1251496
1251514
1251580
1251596
1251607
1251610
1251699
1251733
1251750
1251955
1252062
1252512
1252565
125325
1255295
1256338
1256416
1256469
1257136
1258568
1258660
1260466
1260604
1260805
1260809
1260819
1260830
1260914
1261525
1261549
1261571
1261574
1261578
1262068
1262161
1262225
1262250
1262671
1263163
1263166
1263168
1263275
1263279
1263281
1263441
1264784
1264786
1264787
1264951
126577
1265872
1265873
1265891
1265892
126592
1266055
1266483
1266578
1266817
1266903
1267105
1267126
1267140
1267241
1267489
1267907
1267908
1268265
1268266
1268267
126844
126846
1269246
1269596
1269631
1269637
1269740
1271694
1271740
127355
1273726
1273727
127402
127442
127443
127544
127551
127563
127576
1277646
1277647
1277933
1277936
1277942
1277943
1277948
1278899
1278994
1279385
1279387
128043
1280583
1280633
128131
1281422
1281428
1281436
1281651
1281654
1281656
1281820
1282988
1284620
128490
1285095
128532
128533
128537
1285565
1285578
1285580
1285981
1286000
1286008
1286232
1286608
1288749
128943
1290074
1290265
1291167
1291799
129185
1291921
1291923
1291924
1291945
1291954
1293378
1293389
129348
129349
129350
129351
129352
129355
129356
129357
129358
129359
1295334
1295496
1296372
1297765
1298549
1298714
130010
130026
1300357
130191
1302388
1302610
1302800
1302817
1302819
1302829
1303728
1304385
1304388
1304475
1304479
1304500
1306965
1307125
130734
1307430
1307460
1308578
1309051
1309173
13093
1309389
1309500
1309584
1309596
1310341
131038
131064
131070
13108
131094
131095
131097
1311516
1311566
1311570
1312072
1312412
1313108
131350
1314962
1315226
1316048
1316061
131645
131647
1316784
1317295
1317325
1317354
1317400
1317436
1317557
1317578
1317581
1317623
1318556
1318702
1320138
1320139
1320192
1320216
1320217
1320219
1321403
1321405
1321409
1321675
1321689
13221
1323389
1324834
1324863
1325616
1325873
1326107
132615
132619
132622
132624
132631
132633
1326860
1326913
132702
132717
1328944
1329268
1329455
1329482
1329934
1329935
1330343
1330517
133128
1331953
1331962
1332184
1332529
1332552
1332620
1332848
1333000
1333044
1333078
1333132
1333262
1333970
133427
1334864
1334869
133487
1334884
1334904
1335017
133509
133510
133511
133515
133519
133531
1335499
1336450
1336536
1336796
1336804
1336823
1336876
1336886
1337087
1337175
1337248
1337259
1338140
1338159
1338277
1338283
1338317
1338503
133902
1339646
1341016
1341971
1343461
1343520
1343832
1343865
1344033
134411
1344364
1344365
1344366
1344368
134455
134458
134471
1344724
1345079
1345080
1345081
1345082
1345084
1345085
1345087
1345089
1345137
134558
1345646
1346093
1346319
1346509
1346512
134686
1347085
1347094
1347097
1347098
1347159
134763
1348350
1348585
1348774
1349620
1349785
1350135
1351856
1352491
1352497
1352498
1354726
135481
135482
135523
1355900
1355978
1355979
135856
1358920
1358924
136139
136184
13632
1365925
1366311
1366313
1366431
1366432
1366434
136697
1368096
1368214
1368477
1368622
13689
136950
136955
1370808
1370896
1370955
1371089
1371133
1371155
1371334
1371471
1371644
1371690
1371785
1371866
1371890
1371892
1372139
1372158
1372341
1372349
1372414
1372431
1372474
1372477
1372945
1373000
1373021
1373073
1373387
1373405
1373536
1373618
1373735
1373810
1373820
1373821
1374379
1374562
1374843
1374845
1374874
1374914
1374949
1375017
1375020
1375088
137513
1375277
1375278
1375306
1375362
137544
1375458
1375566
1375677
1375779
1375875
1375923
1376437
1376466
1376468
1376502
1376565
1376666
1376679
1376722
1376796
1376807
1377030
1377059
1377140
137729
137749
1377526
1377559
1377584
137763
1377657
1377735
1377829
1378097
1380132
138070
1380738
1380885
1381352
1381487
1381492
1381662
1381664
1381665
1381666
1381667
1381947
1382469
1383031
1383032
1383035
1383453
1383885
1384682
1384854
1384860
1384939
138531
138539
1385620
1385760
1386396
1386913
1388755
1388884
138964
1390099
1390100
1390104
1390112
1390213
1390218
139045
139046
139056
1391043
1391049
1391058
1391564
1391587
1391588
1391618
1391633
1392506
1393003
139386
1394359
1394383
1395048
1395096
1395732
139595
139723
139727
139776
1398152
1398205
139863
139868
1399618
1400253
140044
140046
140048
140068
1401010
1401013
1401017
1401296
1402288
1403453
1403454
1403455
1403515
1403516
1403517
140352
1403520
1403533
1403536
1403548
1403549
1403551
1403674
1404354
140455
1405371
1405667
1406132
1407198
1407835
1407839
1407850
1407859
1408682
1408700
1408706
1408780
1410076
1410306
1410394
1410419
1410572
1411630
1411677
1411912
1413163
1413812
141400
1415258
1415260
1415270
1415336
1415603
1415923
1416941
1417925
1418640
1418739
1418756
1418960
1419315
1420659
1420671
1421113
1421122
1421127
1421134
1421147
1421154
1421176
1421183
1421279
1421327
1421412
1421560
1421827
1424639
1424651
1424652
142493
142507
142514
142518
142540
1425527
1425580
1425582
1425609
1427174
1427387
1428038
1428045
1428066
1428120
1428122
1428123
1428124
1428125
1428126
1428127
1428128
1428129
1428570
1428669
142882
142889
142890
142891
142892
142894
1429247
1429256
143013
1430427
1430462
1430524
1430536
1430538
1430541
1430861
1431743
1432379
1432381
1432770
1432772
1432876
1432887
143297
1434449
1434456
1434516
1434523
143453
1434786
1434787
1434788
1434789
1434790
1434792
1434793
1436027
1436824
1436851
143718
1437503
143925
143986
143993
1440115
1440116
1440627
1440973
1440974
1441009
1441011
1441018
1441022
1441023
1441517
1441520
1441575
1441587
1441599
1441741
1441742
1441771
1442297
1442300
1443144
1446065
1446066
1446092
1446157
1446186
1446240
1446246
1446301
1448031
1448053
1450308
1450477
145124
1453335
1453365
1453366
1454682
1454707
1454724
1454959
1455031
1455033
1455043
1455044
145522
145599
145616
145622
1457066
1458305
145872
1458904
1458905
1458906
1458907
1460096
1460289
1460397
1461379
1461542
1461544
1461793
1462284
1462435
1464076
1464558
1464853
1464911
1464916
1464963
146722
146760
1468491
1468493
1468494
1469959
1469971
1470270
1470271
1470272
1470273
1470296
1470318
1470696
1470711
1470766
1470871
1471795
1472009
1472349
1473249
1473621
1473646
1473657
1473659
1473660
1473685
1473686
1473724
1473755
1473811
1473865
1473869
1473986
1473999
1474015
1474065
1474167
1474180
1474285
1474298
1474304
1474347
1474353
1474382
1474401
1474452
1474519
147464
1474726
1474777
1474784
147615
147702
147703
147704
147705
147706
1477121
1479427
1479431
1479453
1480311
1480357
1480375
1480487
1480534
1480549
1481180
1481425
1482870
1483203
1483204
1483207
1483208
1483210
1483211
1483212
1483213
1483816
1483819
1483824
1483863
1483931
1484298
1484356
1484358
1484360
1484361
1484362
1484363
1484364
1484366
1484369
1484374
1484376
1484385
1484481
1484486
1484518
1484680
1485010
1485667
1485759
1485801
1485807
1485834
1485842
1486047
1486439
148661
1486650
1486731
1487602
1488661
1488679
1488684
1488923
1488998
1489012
1489789
148993
149005
149007
1490103
149011
1490146
149076
1491441
1491443
1492545
1492569
1492923
1494245
1495320
1495347
1495395
1495436
1496267
1496334
1496337
1496510
1496607
1498831
1498834
1498849
1498851
1499098
1499105
149966
1501853
1501862
1501869
1501887
1502316
1502331
1502672
150365
1503680
1503747
1503748
1503763
1503837
1503842
1503844
1504084
150440
1504853
1504854
1504982
1504999
1505206
150622
1507127
1507147
1507176
1510733
1511151
1511205
1511663
1511676
1512276
1512279
1513558
1513915
1513936
1514137
1514716
1514869
1514878
151714
151733
1518615
1518635
1519357
1519565
1519752
1519755
1519771
1519773
1520323
1520488
1521165
1522345
1522444
1522452
1522711
1522713
1522715
1522717
1522718
1522904
1524159
1524266
1525254
1525512
1525714
1525829
1525847
1525866
1525896
1526501
1526508
1526596
1526603
1527294
1527295
1527296
1527696
1527882
1527954
1528026
1528043
1528050
1528075
1528083
1528084
1528106
1529059
1529069
1529319
1529424
1529435
152947
1529486
1529489
1529493
1529494
152966
1529664
1529900
1531406
1531408
153284
1532938
1532939
1532983
1533001
1533003
1533054
1533055
1533059
153444
153446
1534972
1535274
1535336
1535340
1535348
1535351
1535353
1535357
1535358
1535359
1535361
1535362
1535363
1535364
1535365
1535366
1535370
1535372
1535373
1535374
1535375
1535376
1535378
1535379
1535380
1535381
1535384
1535385
1535386
1535387
1535388
1535390
1535391
1535392
1535393
1535394
1535395
1535397
1535398
1535399
1535400
1535401
1535402
1535403
1535404
1535405
1535406
1535407
1535411
1535413
1535414
1535423
1535425
1535426
153587
1536057
1536098
1536106
1536107
1536141
1536274
153629
1536355
1537815
1537816
1538289
1538649
1539167
1539224
1539308
1540897
1541161
1541162
1542051
1542146
1542179
1542211
1542276
1542469
154329
1545298
1545448
1545450
1545452
1545970
1545973
154605
154616
154618
1546212
1546215
1546238
1546244
154625
1547352
1547357
1547361
1547362
1547374
1547385
1547400
1547409
1547416
1548270
1548494
154958
1550533
1550590
1550598
1550614
1550622
1551477
1552378
1552381
1552405
1552826
1552833
1552836
1553012
1553053
1553096
1553220
1553222
1553226
1553260
1553300
1553314
1553335
1553477
1553525
1553573
1553584
1553610
1553642
1553643
1553674
1553678
1553681
1553734
1553808
1553811
1553829
1553837
1553848
1553862
1554456
1554526
1554527
155530
155535
1555401
1555421
1555440
1555474
1555502
1555540
1555555
155558
1555611
1555632
1555695
1555726
1555937
1556022
1556043
1556053
1556073
1557483
1557643
1557652
1557711
1557748
1557865
1557990
1558021
1558145
1558162
1558213
1558237
1558287
1558329
1558354
1558416
1558422
1560008
1560024
1560164
1560385
156113
1561174
1561963
1562010
1562018
1562163
156230
1562391
1562708
1563187
1563190
1564257
1564259
156628
156629
156845
156846
156852
156854
1569279
1569505
1569514
1569950
157001
157012
157072
157167
1571765
1571766
1571770
1572527
1573495
1574048
1576323
1577088
1577716
1577725
1577906
1577959
1578857
1579470
157967
157968
1580025
158017
1580726
158081
1581403
1582397
1582917
1582952
1582983
1582990
1582992
1582993
1583023
1583025
1583027
1583037
1583039
1583041
1583046
1583047
1583061
1583066
1583067
1585563
1586019
1586035
1586356
1586358
1586362
1586422
1586438
1586444
158647
1586470
1586489
1586494
158652
1586523
158660
1586943
158698
1586983
1586991
158710
158712
1587160
1587183
1587200
1587217
1587227
1587228
1587229
158723
1587288
158729
1587324
1587337
1587360
1587371
1587385
1587402
1587425
1587470
1587492
1587969
1587970
1587971
1587972
1587973
1588206
1588384
1588442
1588496
1588532
1588553
1588618
1588623
1588625
1588895
1588898
1588901
1588903
1588904
158986
158987
1591283
1591285
159162
1592913
1593259
1593381
1593384
1593431
1593432
1594223
1594262
1594280
1594307
1594341
159503
1595869
159640
159642
159643
1596444
1596734
1596742
1596789
1596831
1597071
1597131
1597137
1597454
1597533
159810
160012
1601810
1601811
1601818
1601830
1601831
1601832
1602131
160225
1602337
1603209
1603246
1603974
1604062
1604063
1604112
1604324
1604442
1604446
1605533
1605651
160619
160621
1606511
160675
1607908
1608261
1608540
1608928
1609039
1609062
1609944
1610062
1610086
161082
1611566
1611722
161253
161255
1615047
1615078
1615147
1615166
1615179
1615303
1615309
1615382
1615417
1615419
1616779
1616904
1616908
1617283
1617312
1617317
1618013
1619715
162099
162103
162108
162109
162110
162111
162113
162117
162118
162120
162123
162128
1622213
1622667
162275
1622821
1622827
1623165
1628357
1628729
1628835
1629194
1629211
1629214
1629313
1629511
1629519
1629532
1630631
1630710
1631189
1631756
1631993
1632203
1632285
163310
1633141
1633143
163333
163335
163341
1634467
1634468
163472
163483
163503
1636207
1636284
1637455
1638375
1638435
1638598
1638754
1638756
1638924
1639294
1639835
1640241
164055
1640647
1642459
1642464
1642465
1642623
1642819
1642946
1642947
1642948
164328
1643973
1643982
1644009
164412
164528
164536
164537
164539
1645906
1646076
1646250
1646255
1646263
1646267
1646284
1646298
1646834
164856
1649782
1650286
1652005
1653093
1653130
1653778
1654809
1654810
1654952
1654974
165561
1655880
1655881
1655959
1656515
1656519
1656526
1656533
1656681
1657077
1657125
1658366
1658377
1658634
1659330
1659334
1659335
1659347
1659353
1659363
1659365
1659366
1659367
1659368
1659398
1659904
1659931
1659940
1659941
1659955
1659962
1659968
1659980
1659984
1659988
1659993
1659998
166024
166027
1660644
1660662
1660679
1660688
1661264
1661942
1661944
1661949
1661971
1662106
1662246
1663100
1663125
1663260
1663269
1663273
1663295
166341
166344
166345
1663686
166369
1663699
1664057
1664059
1664502
1664747
1664927
1664958
1664992
166510
166515
166516
1665695
1666436
1666492
1666508
1666534
1666617
1666631
1666706
1667222
1667272
1667356
1669036
166938
167093
1671681
1671738
1671758
1671759
1671760
1671779
1671780
1671782
1671784
1671794
1671904
1672267
167367
1674248
1674418
1674419
1674560
1674591
1674758
1674762
1675045
1675079
1675262
1675507
1675620
1676545
1676576
1676583
1676584
1676585
1676593
1676989
1677357
1677468
1677480
1677550
1677576
1677663
1677827
1678119
1678800
167976
167977
1680846
1681373
1681450
1681519
1681648
1682335
1683810
1683866
1683868
1683870
1684123
1684130
1684135
1684782
1684952
1685122
1685155
1685255
1685326
1685383
1686268
1686271
1686278
1686280
1686282
1686617
1686659
1686670
1686676
1686704
1686710
1686718
168710
168719
168724
1687307
1687379
168738
168739
1687516
168759
168765
168771
168779
168787
168789
1687913
1687915
168794
168796
1688002
168817
1688424
1688460
1689253
168935
1689729
1689798
1689980
1690101
1690265
1690345
1690394
1690403
1690849
1691026
169114
1691157
1691205
1692154
1692167
1692344
1692352
1692358
1692362
1692364
1692389
1692391
1692409
1692417
1692420
1692428
1692433
1692436
1692451
1692485
1692615
1692623
1692631
1692654
1692658
169306
1693525
1693577
1693582
1693687
1693692
1693694
1693818
1693875
1693894
1694013
1694036
1694111
1694122
1694138
1694188
1694192
1694215
169422
1694220
1694221
1694240
1694250
1694251
1694262
1694286
1694287
1694298
1694364
1694421
169445
1694575
1694579
1694585
1694589
1694697
1694789
1694810
1694813
169489
1694913
1694980
1695028
1695089
1695208
1695211
1696049
169771
169774
169778
169782
1697873
1698634
1698651
1698793
1698808
1698814
1698819
1698823
1698842
1698844
1698857
1698909
1698911
1698962
1698965
1698983
1698992
1699273
1699275
1699299
1699393
1699394
1699629
1699740
1699765
1701710
1701714
1701732
1702223
1702224
1702226
1702228
1702234
1702235
1702328
1702609
170284
170320
1704119
1704120
1704121
1704122
1704123
1704124
1704125
1704126
1704127
1704128
1704130
1704450
1704489
1707124
1707647
1707700
1707712
1707715
1707830
1708453
170903
1709609
1709626
1709689
170972
1709814
1709966
1710095
1710167
1710189
1710202
1710365
1710378
1710383
1710388
1710403
1710411
1710414
1710481
1710521
1710548
1710564
1710600
1710637
1710650
1710658
1710662
1710760
1710990
1711935
1711940
1711942
1711945
1711949
1711952
1711960
1711966
1711972
1711975
1711977
1712426
1713627
1713983
1714003
1714607
1714608
1714609
1714610
1714611
1715691
1717399
1717510
1718340
1718343
1718345
1719027
1719098
1719415
1719425
1720656
1720684
1720690
1720741
1720767
1720777
1720791
1720807
1720815
1721950
1722454
1722746
172516
1725401
1725438
1725454
1725488
1725502
1725518
1725523
1725534
1725541
1725542
1725547
1725553
1725556
1725616
172567
1725678
1725774
1726184
1726273
1726441
1726819
1726822
1727050
1727108
1727114
172761
1727716
1728512
1728601
1728634
1728669
1728731
1728792
1729342
1729481
172949
1729539
172966
172969
172989
1730086
1732104
1732105
1732519
1733999
173439
173452
173457
173468
1734954
173497
173545
173654
1736673
1736674
1737320
1737322
1737323
1738620
1739649
1740176
1740192
1740327
1740334
1740753
1740754
1740915
1740917
1740929
1740932
1740942
1740993
1741035
1741461
1741480
1741569
1741576
1741748
1741821
1741822
1741877
1741879
1741938
1741971
1741976
1742031
1742053
1742056
1742086
1742418
1742420
1742473
1742479
1742533
1742549
1742551
1743098
1743104
1743455
1743473
1743479
1743539
1743633
1743651
1743663
1743701
1743763
1743770
1743809
1743821
1743842
1743854
1743872
1743891
1743951
1743977
174398
1743992
1744066
1744157
1744164
1744224
1744226
1744244
1744258
1744309
1744339
1744372
1744387
1744434
1744474
1744498
1745192
1745278
1745283
1745578
174576
1747482
1747693
1747825
174907
1749338
1749345
1749365
1749729
1749732
1749755
1749976
1749998
1750004
1750019
1750189
1750237
1750277
1750280
1750588
1750720
1750722
1751056
1751095
1751540
1751541
1751544
1752056
1754259
1754284
1754366
1754453
1754542
1754591
1754622
1754631
1754639
1754650
1754722
1754764
1754819
1754953
1755206
1755208
1755686
1756759
1758161
1758292
1758310
1758311
1758319
1758357
175860
175863
1758909
1758910
1758911
1760144
1762844
1763602
1763784
1763785
1763790
1763793
1763796
1763797
1763798
1763805
1763807
1763817
1763822
1763823
1763922
1763948
1763969
1764286
1764295
1764367
1765707
176698
1767030
1767033
1767276
176760
176762
176763
176772
176773
176777
176825
1769401
1770638
1770729
1772170
1773279
1773569
1773891
177394
1774218
1774273
1774299
1774721
1774722
1775059
1775300
1776302
1776375
1776445
1776472
177708
1777205
1777471
1777571
1777590
1777599
1777630
177772
1778202
1779007
1779133
1779456
1783245
1783325
1783336
1783339
178375
1784044
178539
178552
178554
1785729
1785970
178770
178779
1788388
1789826
1789827
1790125
1790217
1790220
1790284
1792220
1792277
1792278
1792279
1792280
1792566
1792582
1793162
1793163
179414
179438
1795151
1795459
1795571
1796515
1796574
1796596
179676
1797089
1798859
1798871
180227
180228
1802971
1804005
1804022
1804041
1804120
1804121
1804705
1804709
1804821
1805600
1805947
1806176
1806182
1806633
1806727
1806994
1807361
1807772
180788
180901
1809541
1809547
1809553
1809564
1809575
1809581
1809585
1809600
1809752
1809754
1809822
1812028
1812115
1812140
1812706
1812852
1813177
1814082
1815038
1815048
1815201
1815214
1815236
1815248
1815251
181527
1815298
1815303
1815307
181531
1815336
1815338
1816588
1816846
1816849
1816860
1816924
1816953
1816987
1817072
1817126
1817330
1817331
1817593
1817594
1817620
1817648
1818077
1818373
1818375
181844
1819308
1819311
1819313
1819317
1819324
1819327
1819328
1819745
1820162
1820999
1821771
1821822
1822165
1822493
1822574
1822990
1824647
1824648
1824651
1824654
1824838
1824972
1825121
1825285
1825471
1825474
1825475
1825505
1825506
1825507
1825508
1825721
1825722
1825821
1826549
182683
1826847
182783
1828781
1828782
1828784
1828799
1828805
1828816
1828841
1828911
1829231
1829430
1829435
183171
183340
183351
183356
183362
183366
183381
183382
1833877
1835320
1835324
1836340
1836943
1838149
1838150
1838187
1838190
1838194
1838238
1839203
184074
1841616
1841648
184214
1843190
1843197
1843199
1843204
1843498
184482
1844930
1844987
1845006
1845044
1845065
1846228
184747
184757
184760
184761
1848128
1848269
1848272
1848298
1848506
1848540
1849193
1849371
185004
1850252
1850501
1850502
1851141
1852701
1853005
1856470
1856574
1856765
1856766
1857664
1857766
1857954
185804
185805
1858564
1858662
1858808
1859079
185958
185982
1860186
186038
186039
186163
186175
186178
1861800
1861802
1861818
1861846
1861850
1861851
1861852
1861853
1861854
1861855
1861856
1862603
1862604
1862976
1862977
1863053
1863681
1864532
1864534
186514
1866281
1866309
1866319
1867777
1867917
1867949
1868015
1868228
1869246
1869248
1869249
1869391
1869430
1869460
1869524
1869746
1869892
1869944
1870126
1870127
1870158
1870159
1870160
1870163
1870165
1870166
1870288
1870331
1870367
1870396
1870675
1870682
1870725
1870726
1870794
1870796
1870797
1870962
1871037
1871765
187180
1871801
1871802
1871803
1871804
1871805
1871808
1871855
1871871
1871872
1871873
1871916
1871920
1871955
1871969
1872001
187201
1872017
187203
1872036
1872053
1872059
187207
1872073
1872075
1872691
1874007
187405
187406
187408
1874221
1874340
1874423
1874439
1874827
1874828
1874829
187483
1875002
1875022
1875486
1875665
1875667
1875721
1875837
1875974
187600
187611
1876900
1876902
187719
187726
1877511
187761
1877807
1877887
1877889
187804
1878043
187809
187810
187813
187815
187820
1878213
1878655
1878656
1878722
1878734
1878735
1878736
1878737
1878739
1878746
1878774
1878784
1878786
1879295
1879354
187986
1880496
1880901
1881687
1881724
1881743
1881751
1881752
1881753
1881754
1881757
1881762
1881763
1881773
1881774
1881779
1881780
1881783
1881784
1881792
1881909
1881934
1881937
1881941
1881944
1882091
1882092
1882106
1882128
1882164
1882180
1882186
1882210
1882580
1882844
1882852
1882853
1882855
188290
1883388
1883424
1884628
1884865
1885604
1885613
1885614
1885756
1885803
1886472
1886623
1886624
1886625
1886626
1886627
1886631
1886632
1886634
1886679
1886937
1886941
1886944
1886963
1886964
1886968
1886970
1886977
1887011
1887016
1887034
1887035
1887112
1887128
1887136
1887185
1887186
1887187
1887199
1887203
188721
1887212
1887223
1887232
1887244
1887263
1887280
1887293
1887296
1887300
1887324
1887590
1887688
1887689
1887692
1887693
1887704
1887705
1887706
1887722
1887794
1887799
1887846
1887849
1887896
1887912
1887940
1887978
1888001
1888004
1888011
1888023
1888045
1888048
1888049
1888056
1888066
1888067
1888071
1888081
1888087
1888088
1888100
1888101
1888110
1888112
1888113
1888122
1888124
1888125
1888129
1888130
1888139
1888155
1888207
1888264
1888470
1888527
1888531
1888580
1888669
1888915
1889016
1889391
1889432
1889512
1889539
1889544
1889563
1889564
1889612
1889626
1889667
1889680
1889855
1889973
1889987
1889989
1890014
1890074
1890411
1890459
1890526
1890538
1890540
1890555
1890603
1890609
1890621
1890826
1890912
1891044
1891090
1891144
1891788
1891815
1891821
1891843
1891890
1892515
1892532
1892891
1892930
1892944
1892945
1892950
1893177
1893350
1893352
1893354
1893360
1893361
1893363
1893625
1893634
1893635
1893636
1893639
1893662
1893693
1893694
1893943
1894021
1894027
1894038
1894221
1894316
1894415
1894418
1894553
1894558
1894572
1894596
1894652
1894653
1894654
1894655
1894656
1894669
1894677
1894720
1894731
1894792
1894794
1895175
1895207
1895295
1895321
1895372
1895390
1895423
189631
189646
189650
1896587
1896717
1897148
1897261
189735
1897510
1897513
1897867
1897910
1898042
1898129
189839
1898581
1898582
1898584
1899210
1899534
1899774
1899789
1899790
190013
1900191
1900192
1900193
1900199
1900200
1900201
1900202
1900203
1900205
1900206
1900207
1900210
1900211
1900212
1900214
1900216
1900217
1900218
1900219
1900220
1900223
1900498
1900499
1900500
1900691
1900692
1900836
1900837
1900919
1901256
1901266
1901267
1901272
1901275
1901282
1901380
1901593
1901594
1901595
1901601
1901602
1901690
1901801
1901802
1901803
1902171
190219
1902194
1902205
1902207
1902214
1902398
1902402
1902554
1902558
1902784
1902785
1902795
1902845
1902936
1903275
190360
1903600
1903602
1903816
1904778
1904810
1905059
1905127
190575
1906453
1906930
1906970
1906980
1906998
1907010
190704
190705
190706
1907066
1907069
190707
1907075
1907077
1907082
1907101
1907111
1908316
1908712
1908714
190916
190926
1909721
191036
191042
1911075
1911418
1911540
1911807
1911944
1911958
1912048
1912163
1912264
1912778
191313
1913403
1913419
1913583
1913988
1913992
191432
1914869
1914961
1915245
1916211
1916212
1917029
1917034
191706
1917069
1917100
1917107
1917116
1917404
1917654
1917689
191775
1917761
191788
191797
1918039
1918047
191805
1918065
191807
1918070
1918112
1918113
1918131
1918164
1918232
1918267
1918271
1918278
1918294
1918328
1918459
1918684
1920103
192020
1920435
1920500
1920552
1920618
1921100
1921170
1922251
1922290
1923959
1923966
1925428
1925548
1925689
1925703
1925760
1926135
1926137
1926161
1926166
1926187
1926198
1926223
1926230
1926242
1926824
1926825
1926936
1927164
1927186
1927224
1927226
1927231
1927236
1927237
1927246
1927247
1927263
1927264
1927285
1927352
1927828
1927961
1928706
1928728
1928861
1929458
1929470
1929678
1929679
192975
1930182
1930917
193184
1931972
1932165
1932398
1932401
1932625
1932632
193290
193291
193294
1933386
1933388
1933878
1934901
1935391
1935874
1935879
1935883
1935889
1935892
1935903
1935907
1935909
1935916
1935936
1937395
1937982
1938519
1939803
1940102
1940180
1940415
1940749
194329
1943735
1943736
1943765
1943767
1943792
1943814
1943824
1943828
1943835
1943836
1943933
1945570
1945763
1949616
1949983
1949984
1949985
1949987
1949988
1950182
1955179
1955332
1955416
1955561
1955563
1955566
1955568
1955577
195617
1956283
1956321
1956353
1956444
195645
1956466
1956480
1956514
1956520
1956524
1956544
1956567
1956710
1956768
1956773
1956786
1956819
1956922
1956990
1957022
1957036
195857
1958926
1958929
1959309
195969
1960159
1960700
1961790
1962580
1962710
1962718
1963158
1963829
1965393
196595
1967381
1967480
1967712
1967720
1967723
1967729
1967743
1968193
1968608
1968926
1968957
196913
1969383
1969388
196944
196946
196953
1969548
1969927
1969938
1969944
1969983
1970214
1970217
1970221
1970646
1971301
197152
1971756
1971852
197206
1972065
1972066
1972067
1973054
1973074
1973222
197325
197330
1973307
1973308
1973512
1973515
1973717
1974147
1974391
1974394
1975448
1975451
1975509
1975684
1976413
1976627
1976654
1976656
1976659
1976665
1976732
1976733
1976736
1976737
1976742
1976744
1976780
1976988
1977308
1977546
1977561
197759
1977864
1977865
1978354
1978358
1978359
197837
1978561
1979195
1980650
1980704
1981407
1981408
1981409
1981416
1981418
1981435
1981459
1981463
1981476
1981491
1982022
198241
198261
1982705
1982778
1982784
1982785
1982790
1982809
1982847
1982975
1982977
1982984
1982985
1982988
1982989
1982991
1982992
1982995
1982999
1983010
1983024
198303
1983056
1983065
1983072
1983084
1983138
1983731
1983786
1983796
1983832
1985166
1985167
1985168
1985200
1985624
1985937
198618
1986219
1986455
1987604
1987605
1987651
1987655
1987658
1987668
1987709
1988066
1988357
1988428
1988522
1988805
1989031
1989487
1989508
1989509
1989683
1989734
1989766
1989832
199018
199051
199074
1990829
1991140
199129
1991555
1991659
1991806
1991903
1992474
1992862
199325
199330
1993304
1993713
1994359
1994702
199486
1995686
1996655
1996857
1997205
1997364
1997440
1997816
1997932
1998401
1998468
1998493
1998685
199890
1998931
1998945
1999533
1999534
1999801
2000326
2000350
2000395
2000432
2000462
2000479
2000921
2001504
2001512
2001756
200176
2001883
2002599
2003107
2003109
2003110
2003111
2003113
2003114
2003115
2003118
200418
2004496
2005325
2005327
2005329
2005453
2005504
2005524
2005527
2005528
2005529
2005530
2005531
2005539
2005753
2005770
2005777
2005779
2005784
2005786
2005788
2006944
2007162
2007163
2007182
2007208
2007215
2007255
2008736
201069
201070
2010997
201230
2013111
2013234
2013246
2013280
2013296
2013384
2013423
201378
2014029
2016324
2016378
201645
2016902
2016918
2017131
2017132
201731
2017597
2017643
2017648
2017991
2018511
2019426
2020074
2020254
2020259
2020319
2020409
2021249
202137
2021450
2021452
2021641
202195
202203
2022566
2022663
202272
2023062
2023863
2024194
2024526
2025101
2025116
2025205
2025240
2025255
2025261
202532
2025387
2025472
2025577
2025849
2025860
2025861
2025862
2025898
2025988
2025989
2025990
2025991
2025992
2025993
2026665
2026767
2026906
2026929
2027988
2028485
2028661
2029281
2030401
2030579
2031100
2032965
2032973
2032981
2033079
2033091
2033092
2033103
2033109
2033114
2033148
2033149
2033157
2033170
2033201
2033324
2033326
2033344
2033938
2033973
2034047
2034291
2035280
2035282
2035287
2035595
2035596
2035971
2035974
2037898
2037903
2037908
2037920
2038121
2038285
2039376
2039391
2039476
2039477
2039478
2039480
2039481
2039483
2039622
2039647
2039676
203993
2039973
2039974
2040077
2040099
2040118
2040119
2040124
2040214
2040215
2040325
2040394
2040408
2040414
2041279
2041930
2042165
2042915
2043170
2043542
2043589
2044558
2044622
2044783
2044929
2044930
2044931
2045229
2045247
2045253
2045369
2046330
2046646
2046688
2046924
204738
2047591
2047695
2047717
2047821
2047822
2047823
2049129
2049164
2049273
2049322
2049328
2049386
2049445
2049490
2051723
2051749
2051897
2051937
2052301
2052358
2052375
2052401
2052414
2052418
2052421
2052422
2052427
2052472
2052633
2052648
2052682
2052683
205307
2053090
2053091
2053099
2053103
2053104
2053105
2053106
2053107
2053108
2053110
2053755
2053933
2054052
2054053
2054054
205593
2056922
2056925
2056978
2057967
2058135
2058190
2058195
2058203
2059235
2060215
2060626
2060751
2062227
2062228
2062229
2062635
2063395
2063396
2063397
2063398
2063411
2063425
2063429
2063581
2063582
2063651
2063653
2064561
2064570
2064798
2064827
2064896
2064897
2065229
2065307
2065310
2065488
2065572
2065583
2065668
2065676
2065743
2065752
2065771
2065785
2066057
2066655
2066660
2066678
2066684
2066694
2066918
206744
206770
206774
2067740
2067865
2067883
2067889
2067902
206794
2068135
2068137
2068204
2068216
2068217
2068640
2068644
206868
2068788
2068792
2068796
206890
2068916
2068951
2069108
2069168
206929
2069908
2070421
2070516
2070517
2070519
2070528
2070859
2070861
2070862
2070863
2070864
2070870
2070871
2071128
2071167
2071168
207146
207151
2071638
2071700
2072009
2072550
2072561
2072562
2072692
2072962
207463
2077184
2077275
2078642
2078649
2078666
2078667
2079219
2079221
2079343
207955
2080228
2080229
2080231
2081491
2082361
2082475
2082477
2082478
2082479
2082482
2082488
2082489
2082670
2083070
2083271
2083507
2083529
2083555
2083610
2083686
2083763
2084022
2084023
2085056
2085318
2085728
2085791
2086782
2086881
2087317
2087318
2087660
2090387
209166
209243
2093999
209404
2094102
209515
209521
209636
2097493
2099499
2099517
2099522
210010
210125
2101298
2101328
210195
2102236
2103201
210441
2105070
2105496
2105569
2105595
2105755
210620
210625
210626
2107226
2107378
210790
2108376
2108982
2108987
2108992
2109000
2109007
2109010
2109015
2109017
2109020
2109022
2109026
2109027
2109029
2109037
2109043
2109063
2109069
2109071
2109073
2109078
2109080
2109089
2109094
2109103
2109105
2109107
2109122
2109127
2109139
2109154
2109155
2109156
2109158
2109163
2109171
2109172
2109190
2109193
2109199
2109218
2109233
2109234
2109238
2109240
2109256
2109262
2109439
2109485
2109493
2109494
2112508
2112516
2112555
2112710
2112804
2113069
2113080
2113219
2113689
2113852
2113928
2113931
2114580
2114632
2114641
2114643
2114649
2114651
2114782
2114840
2114936
2115156
2115157
2115249
2115715
2115745
2115746
2116078
2116080
2116083
2116924
211837
211846
212042
2121679
2122282
2122285
2122310
212334
2125992
2125994
2125995
2125998
2126142
2126157
2126261
2126263
212641
2133650
2133757
2134330
2134368
2134370
2134382
2134398
2134415
2134436
2134977
2134979
213561
213576
2135899
2135900
2135932
2136085
213639
2137075
2137077
2137078
2137079
2137083
2137084
2137086
2137098
2137120
2137124
2137127
2137132
2137133
2137134
2137137
2137141
2137327
2137486
2137664
2137665
2137666
2137668
2138251
2138262
2138295
214081
214123
214190
214277
214311
2145903
214887
214962
214965
214972
2151001
2151122
2151892
2153043
215465
216057
216182
2163041
2164004
2164056
2164057
2164058
2164060
216741
216763
216802
216823
2168504
2168510
2168514
2168522
2168526
2168528
2168531
2168550
2168555
2168558
2168562
2168579
2168580
2168597
216861
2168619
2168621
2168622
2168648
2168654
2168665
216927
2169487
2170269
2170270
2170319
2171454
2171460
2171472
2171480
2171483
2171767
2172543
2172551
2172557
217256
2172560
2172572
217258
2172611
2172623
2172629
2172635
2172641
2172656
2172661
2172668
2172679
2172693
2172704
2172725
2172726
2172728
2172736
2172744
2172758
2172764
2172767
2172770
2172784
217287
2172886
2173147
2173258
2173362
2173398
2173490
217427
217478
217479
217481
2174836
217487
2175031
2175193
2175258
2175341
2175352
2175360
2175537
2175538
2175542
2175549
2175550
2175897
2176015
2176021
2176022
2176024
2176026
2176027
2176029
217633
2179419
2181737
2182038
2182429
2183133
218323
2184160
2184362
2185081
2185085
218663
219653
2198244
2198605
2198908
2199125
2199363
2199629
2199630
2199672
2201007
2201031
2201168
220146
2201516
2201550
2201762
2202168
2202239
2202241
2202242
2202245
2202655
2202673
2202701
2202943
2202949
2203017
2203018
2203029
2203034
2203057
2203230
2203275
2203277
2203294
2203592
2203809
2203893
2204139
2204222
2204231
2204255
2204261
2204297
2204507
2205845
2205875
2205887
2205891
2205897
2205995
2206227
220647
220649
2206535
2208571
2208887
2209149
2209436
2211616
2211620
2211628
2211629
2211630
2211634
2211989
2212098
2212133
2212145
2212223
2212305
2212400
2212401
2212514
2212535
2212929
2212938
2212950
2212954
2213884
2214851
2214874
2214954
2215009
221518
221566
2215948
2216565
221724
221743
2217858
2217897
221790
2217901
2218067
2218319
2218412
2218788
2218819
2218837
2218978
2218983
221905
221933
2219785
2219843
222013
222018
2227768
222793
2228113
222890
2229315
2229818
2230141
2230299
2230384
2231872
2232957
2232971
2233007
223364
2234142
223709
223746
223818
2239592
2242051
2242052
2242055
224249
224616
2246541
2246596
2248109
2248516
2248550
2248552
2248553
2248555
2248557
2248558
2248559
2248560
2248561
2248562
2248563
2248564
2248565
2248566
2248567
2248569
2248570
2248571
2248572
2248573
2248574
2248575
2248576
2248577
2248578
2248581
2248582
2248583
2248596
2248597
2248629
2248636
2248639
2248642
2248643
2248644
2248645
2248662
2248672
2248688
2249492
2249535
2249598
2249604
2249665
2250005
2250021
2250264
2250266
225107
2252905
2253479
2253481
225474
2259116
2259175
2259400
2259401
2259701
2259821
2259842
2260390
2260805
2261024
226180
2261885
2262270
2263312
2263510
2263603
2263665
2263765
226795
2267974
2268451
2268605
2268625
2268635
2268639
2268641
2268654
2268672
2268691
2268711
2268722
2268932
2269869
2269917
2269939
227073
2275494
2275726
2275732
2275736
2276200
2280101
2280604
2280771
2280903
2282397
2282854
2282857
228347
2283839
2285064
2285065
2285181
228749
2288970
2288971
228916
2291610
2291854
2291878
2292440
2292808
2292816
2295533
2295880
229646
229672
229674
229769
2300101
2300220
2301289
2301380
2301597
2301598
230248
230249
230263
230273
230277
230366
230371
230374
230375
2304003
2304005
2304006
2304007
2304008
2304009
2304010
2304012
2304015
230405
230439
230441
230442
230447
2304659
2304783
2304799
2304885
2304904
2304910
2304926
2305010
2305083
2305096
2305476
2305844
2306429
2306811
2307048
2307299
2307773
230839
2308392
2309088
231370
2315372
231620
2316217
2316222
2316453
2316461
2316462
2317175
2317211
2317303
2317777
2318455
2318522
2318558
2318890
2318913
2319019
231958
2320523
2321093
2321103
2321178
2321453
2321457
2321478
2321490
2321496
2321501
2321503
2321507
2321590
2321637
2321679
2322103
2322214
2322518
2322519
2322523
2322524
2322526
2322527
2322528
2322529
2322564
2322567
2322568
2323014
2323168
2323367
2323378
2323379
2323421
2323422
2323423
2323672
2323741
2324265
2324570
2324751
2324777
2324827
2324880
2324881
2324882
2324884
2324897
2324898
2325091
2325426
2325612
2325676
2325679
232579
2325811
2326645
2326736
2327246
2327247
2327248
2327301
232741
2327686
2327937
2328007
2328013
2328014
2328023
2328115
2328297
2328298
2328299
2328779
2329143
2329144
2329152
2329154
232941
2329848
2329849
2329850
2329851
2329852
2329853
2329880
2329881
2329887
2329982
2329983
2329986
2329993
2329995
2329996
2329999
2330098
2330198
2330298
2330300
2330301
2330302
2330465
2330526
2330560
2330619
2330723
2330782
2330828
2331149
2331265
2331273
2331471
2331504
2331520
2331527
2331528
2331529
2331533
2331534
2331535
2331537
2331539
2331540
2331544
2331547
2331553
2331561
2331562
2331565
2331569
2331571
2331720
2331830
2331831
2331832
233186
2331889
2331916
2331917
2332348
2332349
2332361
2332385
2332386
2332387
2332693
233271
2332732
2332734
2332747
2332763
2332765
2332841
2332867
2332881
2332890
233296
2333039
233315
2333210
2333219
2333255
2333519
2333602
2333811
2333812
2333887
2333909
2333911
2333922
2333971
2333993
2334025
2334092
2334095
2334096
2334268
2334269
2334270
2334272
2334344
2334527
233458
2334652
2334695
2334697
2334705
2334706
233474
2334757
2334836
233495
2334960
2334962
2334966
2334967
2334968
2334969
2334993
2335166
2335170
2335171
2335172
2335173
2335175
2335177
2335178
2335179
2335180
2335183
2335185
2335192
2335193
2335194
2335196
2335197
2335198
2335199
2335200
2335201
2335202
2335204
2335205
2335206
2335211
2335212
2335215
2335216
2335221
2335225
2335430
2335431
2335559
2335944
2336263
2336522
2336524
2336527
2336534
2336601
2336608
2336673
2336674
2336675
2336778
2336805
2337084
2337094
2337624
233764
2338370
233863
2338645
2339119
2339126
2339150
233954
2339826
2339844
2339874
2339889
2339899
2339934
2339941
2339971
2339972
2339981
2340008
2340011
2340016
2340032
2340041
2340054
2340082
2340312
2340336
2340409
2340827
2341111
234766
2348539
234934
234950
235425
2357650
2358767
2359138
236044
2360503
2360774
2361030
2361034
2361740
2361906
2362191
2362192
2362194
2362396
2362455
2362586
2362587
2362589
2362590
236278
2362800
2362874
2363427
2363934
2364468
2364637
2366186
2366205
2366288
2367112
236787
236788
236802
2368974
2369040
2370717
237073
237178
237184
2372348
2373897
2373901
237398
237412
237413
237455
237457
2375077
2376116
2377284
2380279
2380281
2380282
2380301
2380302
2380366
2380775
2380777
2381153
2381262
2381263
2381510
2381693
2381702
2381996
2382032
2382033
2382329
2383262
2385227
238784
239
2394313
2394943
2394979
2395097
2395404
2395596
2395644
2395824
2395837
2395847
239731
2398692
239968
2403261
2403262
2405316
240813
240815
240816
240821
241031
2411485
241173
241406
2415226
241551
2415770
241670
2417329
2417731
2417768
2417917
2417937
2418215
2418596
2419471
2419484
2419731
2421351
2421392
2421547
2421619
2421621
2423705
2424626
2424631
2424634
2425313
242550
243080
2432233
243395
243409
243469
243505
243734
244122
2441253
2441384
2441396
2441402
2441465
244167
244423
2445694
2447689
2447690
2447940
2448084
2448513
2448936
2448937
2448938
2449106
2449134
2449228
2449229
2449230
245077
2451338
2451558
2451564
2451565
2451566
2451576
2451581
2453059
2454987
2455267
2455874
2456760
2457935
2457936
2458041
2458229
2458230
245889
2459320
2459535
2459564
2460530
246121
246123
2461356
2461490
2461501
2461689
2461989
2461996
2462000
2463412
2463464
2463469
2463470
2463471
2463656
2463658
2463663
2463667
2463845
2464177
2464688
2464745
2464746
2464747
2464749
2464812
246893
2469583
246994
247006
2470257
2470259
2470260
2472067
2472071
2472300
2472301
2472557
2472733
2472740
2472764
247283
247290
247297
247332
247416
2474601
2475327
2475333
2475343
2475347
2475399
2475418
2475420
247611
2477125
2477126
2478237
2478697
2478896
2479611
2479627
2479628
2479834
2480124
2481454
2481455
2481655
2481671
248187
248212
248216
2482172
2482173
2482174
2482175
2482176
2482177
2482178
2482179
2482180
2482181
2482182
2482183
2482184
2482185
2482186
2482187
2482188
2482223
2482224
2482225
2482226
2482227
2482231
2482676
2483040
2483216
2483231
2483246
2483247
2483250
2483258
2483365
2483501
2483515
2483545
2483554
2483566
2483654
2483892
2484005
2484165
2484308
2484470
2484471
2484489
2484546
2484551
2484588
2484709
2484710
248478
2484785
2484814
2485740
2485824
2486578
2486710
2487003
2487004
2487005
2487009
2487020
248753
2488299
2488395
2488510
2488549
2490059
2490233
2490940
2491260
2491349
2492670
2492671
2492843
2493140
2493253
2493261
2493316
2493998
2494329
2494414
2494836
2494848
2494936
2494969
2494980
2495057
2495136
2495144
2495148
2495257
2495258
2495283
2495285
2495287
2495295
2495301
2495322
2495325
2495575
2495606
2495626
2496366
2496511
2496803
2497326
2498021
2498059
2498077
2498717
2498842
2499528
2499530
2499554
2499557
2499561
2499563
2499565
2499797
2499798
2499799
2499800
2500629
2501342
2501433
2502176
2502266
2502380
2502539
2502572
2502592
2502787
2502923
2503158
2503288
2503376
2503385
2503401
2503437
2503447
2503449
2503453
2503457
2503520
2503549
2503551
2503625
2503651
2503652
2503653
2503654
2503655
2503656
2503657
2503658
2503659
2503660
2503661
2503662
2503663
2503664
2503665
2503666
2503668
2503669
2503670
2503809
2504061
2504097
2505111
2505112
2505114
2505115
2505117
2505118
2505119
2505120
2505121
2505123
2505124
2505125
2505146
2505327
2505559
2506114
2506492
2506510
2507044
2507077
2507336
2507354
2508387
2508584
2508615
2508618
2508646
2508993
2509437
2509596
2509599
2510234
2510707
2510778
2510824
2510853
2510989
2510993
2511147
2511165
2512186
2512188
2512206
2512210
2512232
2512234
2512239
2512245
2512433
2512474
2512572
2512573
2512583
2512679
2512827
2512877
2513277
2513434
2513447
2513494
2513546
2513621
2513702
2513968
2513978
251398
2513982
2513995
2514432
2514546
2514593
2514606
2514618
2514798
2514799
2514802
2514803
2514807
2514808
2514809
2514810
2514811
2514813
2514814
2515697
2515971
2516022
2516053
2516216
2516912
2516998
2517364
2517464
2517531
2517532
2517535
2518165
2518396
2518397
2518823
2518994
2519479
2522627
252466
252549
252569
252621
252668
252669
252671
2528262
252829
252830
252876
2529175
253176
2532594
2532601
2532832
253309
2534954
2535305
2536554
2536693
253715
2538793
2539376
253938
253983
2541557
254285
254362
2545304
2546157
2546196
2546201
2546241
2546882
2547017
2547047
2547545
2547802
254849
2548529
2548552
2548565
2548566
2548600
2548604
2548696
2549023
2549135
2549440
2549775
2550176
2550367
2550368
2550548
2550573
2550574
2550610
2550611
2550612
2550613
255165
255166
2553085
2553278
2553279
2553420
2553421
2553468
2553566
2553714
2553791
2553840
2553911
2553914
2554135
2554434
2554572
2554649
2554784
2554785
2554787
2554788
2554789
255479
255483
2554988
2554996
2554997
2555029
2555184
2555193
2555313
2556859
2556916
255724
2557406
2557427
2557434
2557493
2557494
2557495
2557496
2557500
2557502
2557509
2557510
2557518
2557520
2557541
2557704
2557951
2559105
256004
256058
2560869
2560871
2560941
2561071
2561097
2561098
2561105
2561193
2561316
2561412
2561458
2561460
2561477
2561538
2561559
2561702
2561833
2561850
2561917
2563684
2563701
2563896
2565274
2565276
2565277
2565417
2565734
2565742
2565774
2565946
2565953
2565958
2565960
2565992
2566403
2566702
2566758
2566792
2566808
2566824
2566924
2566949
2567101
2567160
2567277
2567298
2567299
2567361
2567363
2567366
2567721
2567731
2567773
2567906
2567908
2568677
2568686
2568756
2568793
2568977
2569107
2569189
2569196
256926
256936
2569457
2569931
2570897
2570957
2570958
2570990
2571001
2571216
2571492
2572170
2572793
2572795
2572796
2574745
2575433
257545
257557
2575620
2575641
2575646
257566
257569
2575701
257571
257577
257578
257582
257585
257588
257607
2576113
2576333
2576609
2576781
2576783
2576786
2576787
2576788
2576789
2578492
2578494
2578499
2578512
2578564
2578577
2578581
2578584
257860
2578619
2578622
2578652
2578691
2578931
2579442
2579444
2579445
2579447
2579528
2579546
258025
2580579
2581011
2581012
2581021
2581296
2581297
2581300
2581302
2581430
2581516
2581517
2581671
2581686
2581718
2581722
2581871
2581999
2582008
2582012
2582204
2582303
2582719
2583056
2583061
2583227
2583244
258338
2583726
2583814
2583933
2584053
2584094
2584175
2584372
2584406
2584407
2584408
2584409
2584442
258581
2586301
2586829
2587910
2588536
2588555
2589289
2589317
2589558
2589560
2589564
2589627
2589717
258989
2590016
259064
2590950
2591536
2591669
2591671
2591732
2592988
2593132
2593160
2593425
259348
2593655
2593913
2593915
2594652
2594727
2594745
2594901
2594902
2595559
2595563
2596515
2596517
2596521
2596523
2596524
2596698
2596842
2596987
2597066
259719
259720
2597364
2597563
259795
2598530
2598552
2598944
2599087
2599095
259924
2599275
2599346
2599369
2599453
2599948
2600078
2600282
2600290
2602014
2602417
2602907
2603064
2603282
2603343
2603644
2603924
2603971
2603982
260499
2605035
2605939
2606404
2607067
2607083
2607085
2607251
2607279
2607327
2607330
2607333
2607346
2607385
2607935
2608612
2608613
2609029
2609030
2609032
2609052
2609534
2609543
2609681
2609969
2610032
2610108
2611168
2611262
2611268
2611511
2611602
2611624
2611627
2611644
2611660
2611668
2611714
2611917
2612000
2612118
2612119
2612312
2612420
2612490
2612491
2612527
2612863
2613055
2613300
2613564
2613569
2613624
2613630
2613642
2613653
2613669
2614037
2614556
2614739
2615131
261876
262281
262346
262427
262428
262665
262673
262805
263137
263684
264047
264050
264052
264059
264060
264065
264068
264074
264117
264121
264219
264248
264261
264288
264582
264632
2650322
2650812
2650882
2651499
2651547
2651549
2651588
2651638
2652061
2652063
265222
2652706
2653595
2653597
2653604
2653605
2653606
2653607
2653608
2653610
2653616
2653729
265388
2653902
2654239
2654387
2654397
2655188
2655196
2655364
265543
265552
265559
265563
265564
2655684
265575
2655934
2655972
2656984
2656987
2657058
2657093
2657139
2657188
2657324
2657354
2657590
2657603
2657605
2657841
2657930
2657956
2657974
2658014
2658015
2658017
2658018
2658019
2658026
2658027
2658031
2658039
2658052
2658061
2658120
2658197
2658204
2658285
2658288
2658360
2658374
2658375
2658387
2658447
2658482
2658500
2658759
2658773
2658775
2658776
2658860
2658907
2658910
2658998
2659008
2659035
2659092
2659245
2659300
2659308
2659366
2659472
2659473
2659474
2659507
2659527
2659541
2659655
2659689
2659691
2659694
2659769
2659844
2659856
2659873
2659874
265988
2659938
2659972
2659990
266005
2660059
2660085
2660168
2660256
2660261
2660291
2660295
2660351
2660408
2660453
2660455
2660517
2660543
2660646
2660647
2660788
2660797
2660846
2660860
2660945
2660958
2660963
2660971
2661038
2661090
2661165
2661210
2661211
2661222
2661234
2661411
2661435
2661474
2661499
2661500
2661617
2661984
2661985
2662032
2662110
2662112
2662603
2662762
2662875
2663345
2663451
2663471
266374
2664504
2664654
2664684
2665645
2665661
2666111
2666518
2666524
2666528
2666698
2666914
2667121
2667172
2667346
2667348
2667392
2667541
2667544
2668036
2668125
2668617
2668655
2669625
2669628
2669630
2669634
2669640
2669642
2672259
2672260
2672287
2672388
2672415
2672437
2672479
2672481
2672483
2672484
2672485
2673377
2673390
2673475
2673478
2673493
2674487
2675407
2675548
267565
267566
267567
2675683
2675761
2675857
2676318
2677999
2678052
2678218
2678236
2678274
2678330
2678372
2678379
2678380
2678444
2679012
2679013
2679167
2679173
2679176
2679216
2679217
2679227
2679452
267982
267983
2679855
2679868
2680147
2680182
2680357
2680461
2680618
2680635
2680683
2680709
2680727
2680922
2681279
2681392
2681800
2681917
2681919
2681939
2682057
2682137
2683385
2683386
2683387
2683388
2683389
2683390
2683506
2683511
2683512
2683552
2683703
2684558
268502
268562
268567
268572
2686361
2686362
2686365
268654
268656
268773
2689228
2689683
2689685
2689687
2689958
2690220
269049
2690726
2690817
2691099
2691113
2691625
2691627
2691666
2691779
2691818
2691819
2691820
2691825
2691828
2691829
2691830
2691875
2691877
2691979
2692154
2692155
2692633
2692762
269309
2694814
2694825
2694826
269554
2696627
2696744
2696911
269710
2697106
2697223
2697346
2698222
2698745
2698778
2698780
2698781
2699504
2703759
2703763
2703766
2703797
2703832
2704181
2704260
2704403
2704425
2704444
2704520
2705076
2705517
2705983
2706721
2706822
2707169
2707561
2707616
2707620
2707880
2708265
2708328
2708683
270899
2709513
2709522
2709523
2709525
2709526
2709527
2709528
2709530
2709531
2709532
2709533
2710138
2710139
271027
2710297
271035
2710725
2711120
2711122
2711123
2711124
2711194
271217
2712293
2712295
2713153
2714242
2714818
2714830
2714840
2715158
2715160
2715238
2715458
2716572
2716585
2716586
2716587
2716588
2716593
271690
2717135
2717298
2717386
2718764
2718767
2718938
2718995
2719065
2719088
2719094
2719128
2719286
2719326
2719893
271990
2720067
2720077
2721091
2721152
2721252
2721592
2722002
2722018
2722058
2722189
2722241
2722406
2722441
2722497
2722570
2722618
2722619
2722670
2723262
2723279
2723324
2723325
2723343
2723351
2723356
2723365
2723366
2723368
2723982
2724425
2724432
2724434
2724438
2724442
2724443
2724445
2724446
2724447
2724453
2724851
2725036
2725245
2725370
2725501
2725528
2725800
2725875
2725949
2726146
2726158
2726479
2726896
2726904
2727345
2727362
2727386
2727577
2727595
2727670
2727701
2727711
2727881
2727914
2728052
2728081
2728181
2728185
2728233
2728261
2728273
2728290
2728301
2728306
2728307
2728312
2728321
2728329
2728343
2728344
2728350
2728455
2728456
2728464
2728469
2728478
2728483
2728484
2728490
2728498
2728501
2728502
2728504
2728507
2728508
2728764
2729312
2729317
2729320
2729321
2729329
2729333
2729348
2729430
2729513
2729519
272952
2729525
2729528
2729529
272967
2729673
2729680
2729696
2729697
2729698
2729713
2729778
2730098
2730230
2730236
273071
2731013
2731085
2731915
2731916
2731922
27334
2733711
273407
273422
273431
2734784
2734785
2734866
2734921
2735134
2735243
2735341
2735832
2736074
2736620
2736754
2737302
2737320
2737322
2737324
2737329
2737330
2737333
2737335
2737340
2737353
2737355
2737358
2737359
2737365
2737377
2737382
2737383
2737384
2737386
2737387
2737388
2737390
2737391
2737393
2737403
2737413
2738144
2738148
2738149
273835
2738849
2739041
2739050
2739433
2739648
2739649
27397
2740275
2741129
2741266
2741267
2741757
2741915
2742016
2742166
2742569
2742811
2742850
2742851
2743645
2744047
2744051
2744054
2744057
2744294
2744497
2745090
2745197
2745560
2745563
2745823
2746082
2746089
2746180
2746190
2746225
274628
2746328
2746329
2746429
2746488
2746538
2746540
2746965
2747049
2747051
2747061
2747062
2747072
2747090
2747110
2747131
2747136
2747152
2747153
2747154
2747167
2747219
2747397
2748286
2748498
2748603
2748605
2748905
2749128
2749152
2749159
2749160
2749161
2749162
2749164
2749165
2749167
2749168
2749169
2749170
2749171
2749172
2749175
2749176
2749178
2749179
2749180
2749181
2749251
2750305
2750388
2750539
2750540
2750541
2750542
2750543
2750544
2750545
2750547
2750548
2750549
2750550
2750551
2750552
2750553
2750554
2750555
2750557
2750558
2750559
2750560
2750561
2750562
2750563
2750565
2750566
2750567
2750568
2750569
2750570
2750571
2750573
2750912
2750917
2751168
2751530
2751535
2751836
2751889
2751896
2751899
2751964
2752706
2752875
2752972
2753067
2753165
2753167
2753890
2753925
2754025
2754053
2754126
2754165
2754167
2754243
2754253
2754269
2754276
275428
2754338
2754521
2755173
2755457
2758170
2758188
2758457
2758462
2758538
2758596
2758597
2758917
2758918
2758919
2759136
2759522
2759623
2759717
2759780
2759786
2759930
2760663
2761512
2761514
2762324
2762663
2762702
2762863
2763076
2763090
2763099
2763156
2763158
2763160
2763162
2763163
2763166
2763167
2763272
2763273
2763444
2763447
2763465
2763553
2764709
2765380
2765931
2766488
2766499
2766678
2766759
2766768
2766788
2767057
2767063
2767590
2767799
2768172
2768722
2768730
2768733
2769351
2769430
2769878
2769893
2769896
2769987
2770202
2770408
2770516
2770521
2770552
2770554
2770559
2770757
2770986
2772178
2772464
2772883
2772927
2772934
2772937
2772940
2772941
2772992
2773001
2773026
2773030
2773107
2773110
2773112
2773154
2773502
2773528
2773627
2775082
2775159
2775602
2776020
2777420
2777552
2777996
2778049
2778316
2778349
2778350
2778774
2778796
2778894
2779314
2780037
27801
27804
2781161
2781605
2781794
2782
2782415
2782422
2782460
2782790
2782792
2782840
2782917
2783013
2783014
2783015
2783068
2783144
2783148
2783150
2783151
2783282
2783312
2783314
2783331
2783362
2783736
2784103
2785380
2786
2786973
2789191
2789192
278976
2790126
2790133
2790135
2790153
2790171
2790316
2790542
2790551
2790697
2790734
2790757
2790758
2790771
2790787
2790847
2790905
2791086
2791093
2791244
2791253
2791256
2791401
2791503
2791530
2791541
2791544
2791548
2791552
2791555
2791557
2791594
2791615
2791750
2791853
2791933
2792030
2792423
2792424
2792527
2793197
2793209
2793243
2793250
2793252
27942
2794229
2794231
2795277
2795334
2795335
2795336
2795337
2795343
2795671
27957
279588
2796155
2796156
279639
27965
279652
27967
2796988
2797178
2797254
2797369
2797734
2798234
2798235
2798244
2798358
2798415
279910
2799214
2799507
2800448
2800451
2800457
2801070
2801072
2801233
28015
2802085
2802090
2802153
2802156
2802162
2802163
2802168
2802377
2802474
2802847
2803249
2803383
2803454
2803604
2803606
2803865
280434
2805668
2805954
2805961
2805969
2805971
2805975
2805977
2805980
2805981
2805984
2805987
2806155
2806933
280699
2806994
280754
2808972
2810031
2810512
2810676
2811325
2811918
2811981
2812300
2812308
2812309
2812357
2812786
2813066
2813067
2813142
2813326
2813417
2813607
2813662
2813749
2813750
2813871
2813946
2813950
281402
2814101
2814463
2814476
2814572
2814581
2815134
2815588
2816782
2816900
2817068
281719
281732
281737
2817522
2817889
2817918
2817933
2818196
2818201
2818207
2818208
2818209
2818217
2818231
2819025
2819300
2819321
2819629
2819631
2819634
2819883
2819924
282008
2820187
2820534
2820730
2820731
2820953
2820981
2820990
2821024
2821025
2821461
2821810
2821846
2822
2822198
2822403
2822404
2822406
2822408
2822737
2822969
2823163
2823407
282366
282368
282377
2823906
2824
2824788
2824860
2824861
2825917
2826157
2827003
2827004
2827011
2827493
2828419
2828421
2828442
2828784
2829
2829597
2829673
283007
283024
2830292
283053
2830683
2830690
2830811
2830813
2830867
2831026
2831491
2831495
2831661
2831724
2832113
2832114
2834019
2834224
283432
2834376
2834391
2834557
2834945
2834946
2834947
2834959
283497
2834988
2834989
283510
283554
2835540
283555
2835815
283591
283613
2836447
2836744
2836751
2836752
2836819
2836847
2836851
2836996
2836997
2836998
2837019
2837028
2837037
2837038
283781
2838145
2838824
2839099
284005
2840995
2841136
2841236
2841636
2841931
2842456
284269
284284
2843
2843183
2843287
2844322
2845301
2845313
2847024
2847026
2847208
2847561
2847616
2848192
2848955
2849160
2849161
2849162
2849317
2849322
2849323
2849324
2849325
2849326
2849327
2849328
2849329
2849370
2849776
2849786
2849803
2850255
2850378
2850695
2850698
2850868
2850912
2852058
285277
2853
2853202
2853203
2853204
2853211
2853405
2853422
2853626
2853651
2853652
2853807
2853999
2854477
2854478
2854479
2854480
2854481
2854482
2854483
2854489
2854569
2855746
2855748
2855801
2855841
2856
2856147
2856201
2856202
2856204
2856205
2856206
2856208
2856209
2856211
2856215
2856217
2856221
2856224
2856225
2856226
2856270
2856272
2856275
2856360
2856528
2856534
2856748
2857064
2857140
2857141
2857147
2857150
2857155
2857165
2857170
2857173
2857174
2857181
2857282
2857284
2857292
2857294
2857310
2857324
2857327
2857338
2857434
2857435
2857439
2857440
2857442
2857465
2857466
2857475
2857706
2857709
2857711
2857713
2857715
2857727
2857762
2857948
2858
2858014
2858180
28588
2859465
285951
2859795
2859799
2860297
2860298
2860299
2860300
2860301
286032
2860480
2860481
2860530
2860695
286115
2861198
2861414
2861462
2861502
2861577
2861578
2861591
2861634
2863097
2863281
2863507
2863510
2863514
2863518
2863520
2863526
2863527
2863534
2863600
2864169
286419
2864433
286459
2864982
2865035
2865064
2865134
286528
2865439
2865852
2866
2866049
2866050
2866314
2866379
2866776
2866777
2866786
2866977
2867019
2867107
2867344
2867697
2867699
2867715
2867910
2867955
2868008
2868085
2868095
2868122
2868258
2868426
2868571
2868874
2869449
2869653
2870707
2870875
2871307
2871397
2872
2872296
2872564
2872739
2872750
2872751
2872752
2872784
2872844
2872870
2872873
2872936
2873017
2873081
2874184
2874299
28743
2874303
2874304
2874813
2874979
2875028
2875097
2875140
2875533
2875616
2875741
2875758
2876
2876032
2876263
2876268
2876354
2876409
2876410
2876422
2876430
2876444
2876683
2877187
2877453
2877515
2877641
2877644
2877648
2877650
2877651
2877652
2877656
2877692
2877854
2877859
2878054
2878321
2878353
2879117
2879400
2879548
2879549
2879550
2879552
2879553
2879686
2880
2880107
2880215
2880581
2880633
2881065
2881085
2881100
2881140
2881493
2881495
2881503
2881506
2881595
2881675
2881679
2881688
2881727
2881732
2881834
2881846
2881902
2882142
2882145
2882168
2882184
2882235
2882311
2882312
2882314
2882338
2882376
2882393
2882407
2882408
2882409
2882413
2882416
2882417
2882418
2882421
2882423
2882515
2882550
2882558
2882572
2882582
2882605
2882659
2882661
2882686
2882705
2882843
2882849
2882851
2882871
2882928
2882934
2882935
2882945
2882982
28835
2883838
2884020
2884926
2884931
2884934
2885
2885343
28854
2886513
2886535
2886564
2886592
2886636
2886657
28867
2886746
2886769
2886845
2886860
2887054
2887065
2887066
2887067
2887068
2887069
2887105
2887129
2887152
2887169
288723
288770
288773
2888403
2888409
2888414
2888417
2888419
2888424
2888509
2888827
2889
2889031
2889039
2889040
2889061
2889064
2889065
2889066
2889181
2889994
2889996
2890431
2890488
2890552
2890579
2890583
2890589
2890600
2890611
2890630
2890645
2890669
2890710
2890717
2890720
2890741
2890781
2891121
2891128
2891132
2891148
2891886
2892078
2892125
2892711
2892814
2892869
2892951
2892963
2892967
2893
2893202
2893226
2893590
2893595
2893596
2893631
289378
2893883
289458
2895947
289596
289597
289598
289599
289600
289601
289603
289607
289613
289616
289617
289620
2896211
2896212
2896213
2896214
2896218
2896219
2896220
2896221
2896223
2896224
2896226
289623
289624
289625
2896658
2896659
2896660
2896661
2896664
2896667
2896668
2896670
2896671
2896674
2897205
2897225
2897294
2897531
2897592
2899019
2899065
2899212
2899440
2899797
2899885
289993
2900072
2900179
2900319
2900423
2900728
2900729
2901172
290142
290149
290211
2902849
2902852
2902853
29029
2903
2903174
2904138
2904232
2904674
2904996
290515
2905336
2905339
2905637
2905738
290615
2906568
290661
2906832
290685
2906882
2906885
2907554
29076
2907953
2908033
2908770
2908777
2908787
2908797
2908799
2908867
2908961
2909228
2909240
2909241
2909242
2909243
2909299
2909346
2909558
2909559
2909560
2909592
2909657
2909791
2910015
2910137
2910139
2910632
2910638
2910641
2910642
2910657
2910662
2910684
2910689
2910804
2911079
2911172
291168
2912275
2912312
2912337
291247
2912674
2912898
2913296
2913320
2913321
2913322
2913324
2913325
2913326
2913327
2913328
2913329
2913330
2913331
2913332
2913333
2913340
2913352
2913941
2913942
2913943
2914002
2914510
2914516
2914519
2914521
2914522
2914527
2914528
2914529
2914533
2914541
2914542
2914543
2914544
2914545
2914546
2914586
2914590
2914603
2914604
2914605
2914606
2914607
2914608
2914609
2914610
2914611
2914612
2914613
2914614
2914615
2914616
2914617
2914618
2914619
2914620
2914621
2914622
2914623
2914626
2914627
2914647
2914786
2914904
2914905
2914906
2915098
2915100
2915472
2915583
2915910
291622
291623
2916615
2916619
2916623
2917588
2917853
2917854
2917862
2917870
2919187
2919411
29196
2919644
2919649
2919658
291984
2919863
29204
29207
29208
2920866
29209
2920935
2920970
2920974
2922254
2922255
2922259
2922386
2922389
29225
2923
2923014
2923016
2923039
2923043
2923268
2924273
2924279
2924477
29246
2924693
2925
2925143
2925144
2925145
2925146
2925148
2925149
2925151
2925153
2926
2926379
2926383
2926695
2926779
2927085
2927867
2927902
2928031
2928038
2928048
2928051
2928052
2928053
2928057
2928064
2928080
2928081
2928083
2928084
2928085
2928088
2928298
2928300
2928301
2928302
2928795
2929
2929180
2929844
2930050
2930208
2930211
2930493
2930756
2931140
2931284
2931313
2932
2932268
293312
2934025
2934062
2934065
2934095
2934096
2934364
293463
2935
2935633
2935748
2935811
2935812
2935813
2935817
2935820
2935821
2935824
2935830
2935832
2935833
2935834
2935837
2935838
2935839
2935840
2935844
2935845
2935848
2935849
2935850
2935851
2935902
2935937
2935975
2936003
2936020
2936057
2936062
2936082
2936103
2936117
293613
2937356
2938129
2938211
2938356
2938357
2938364
2938365
2938371
2938375
2938376
2938386
2938389
2938391
2938396
2938399
2938403
2938412
2938414
2938416
2938417
2938419
2938421
2938424
2938434
2938443
2938451
2938452
2938474
2938476
2938478
2938479
2938480
2938484
2938494
2938501
2938503
2938504
2938513
2938516
2938521
2938523
2938526
2938528
2938534
2938540
2938567
2938577
2938594
2938623
2938660
2938664
2938842
2938860
2938876
2938906
2938944
2938990
2939002
2939025
2939143
2939164
2939226
2939241
2939248
2939346
2939439
2939440
2939708
2939712
2940142
294128
2942133
2942367
2942371
2942778
2942810
2942813
2943146
2944426
2944427
2944428
2944442
2944443
29448
2944855
2944856
2945084
2945617
294580
2945952
2946022
2946133
2946837
294704
2948970
2948983
2949019
2949057
2949285
2949363
2949544
2950812
2951287
2951295
2951313
2951631
2951979
295201
295238
2952602
2952750
2952808
2952871
2952873
2953487
2953939
2954289
2954332
295491
2954955
2954977
2954978
2954982
2954990
2955047
2955053
2955067
2955081
2955109
2955112
2955117
2955143
2955169
295564
295673
295678
2957
2957254
295833
295985
2962091
2962094
2962151
2962323
2962334
2962414
2962420
2962434
2962451
2962460
2962509
2962709
2962838
2963316
2963529
2964147
2964152
2964156
2964315
2964473
2965003
2965029
2965498
296587
2966198
2966199
2966200
2966201
296683
296691
2967380
2967389
2967394
2968139
2968154
2968860
2968928
2968930
2969200
2970387
2971071
2971075
2971190
2971195
2971199
2971225
2972613
2972865
2972957
2973270
2973271
2973272
2973273
2973307
2973308
2973309
2973338
2973339
2973340
2973341
2973343
2973345
2973346
2973347
2973381
2973382
2973402
2973430
2973857
2973862
2974366
2974781
2974880
2974881
2974882
2974883
2974884
2975063
2976051
2976054
2976145
2976147
2976265
2976329
2976585
2976607
2976634
2976645
2977174
2977184
297730
2977321
2977408
297759
2977764
2977769
2977770
2977830
2977847
2977852
2977853
2977933
2978303
2978317
2978427
2978435
2978655
2978784
2978794
2978805
2979882
2980459
2980962
2980963
2981151
2981160
2981166
2981195
2981293
2981294
298138
2981718
2981905
2981906
2982251
2982256
2982258
2982265
2982270
2982275
2982280
2982831
2983310
298386
2984036
2984390
2985489
2985504
2986
2986827
2986829
2986831
2986836
298721
2987249
2989618
2989658
2989661
2989709
2989890
299024
2991146
2991589
2991632
2991708
29920
2992046
2992048
2992054
299206
2992262
2992470
2992493
2992494
2992542
2992545
2992918
2993699
2993841
299391
299392
299394
2993977
2994008
2994152
2994169
2994319
2994555
2994788
2994838
2995029
2995186
2995346
2995676
2995693
2995694
2995738
29960
2996234
299625
2996252
299629
299630
2997216
2997219
2997262
2997263
2997272
2998197
2998198
2998199
2998203
2998204
2998213
2998376
2998394
2998547
2999021
2999163
3002462
3002473
3002500
3002592
3002593
3002693
300273
3002876
3003257
3003472
3003603
30041
30042
3005
300634
30065
30066
30067
30068
301037
301066
301068
3012
301368
3013955
3014132
3014133
3014139
3014446
3014698
3014818
3014819
3014820
3015887
3015889
3015931
3015935
3015984
3015991
3016000
3016460
3016480
3016982
3017270
3017285
3018532
3019021
3019022
3019058
3019259
3019265
3019403
3019409
3019495
3019764
3021234
3021240
3021241
3021246
3021251
3021276
3021287
3021321
3021322
3021323
3021332
3021564
3021723
3022279
3022532
3022563
3023391
3023802
3023820
3023829
3023849
3023850
3023872
3023888
3023892
3023893
3023905
3023922
3023924
3024019
3024021
3024022
3024052
3024053
3024809
3025315
3025897
3025909
3026
3026475
3027127
3027489
3027659
3027661
3027879
3028040
3028051
3028233
302828
3028912
3028913
3028914
3028915
3028916
3028917
3028918
3028919
3028920
3028957
3029106
3029311
3029579
3030694
3030697
303070
3030717
3030758
3030989
3031134
3031135
3031309
3031313
3031573
3031835
3032044
3032570
3033745
303395
303400
303402
303405
3034634
3034637
3034722
303474
3034765
3034941
3035257
3036676
3037184
3037925
3037929
3037930
3037938
3038469
3038929
3039056
3039233
303951
3039818
3039960
3040364
3040636
3040859
3040872
3041320
3041418
3041597
3041689
3041873
3042014
3042047
3042340
304241
3042832
3042855
3042857
3042881
3043648
3043751
3044185
3044192
3044284
3044625
3045226
3045230
304530
3045350
3045921
3046104
3046288
3046375
3046379
3046381
3046417
3046418
3047333
3048001
3048517
3049141
3049284
3049838
3049840
3049841
3050668
3050713
3051507
3052286
3052288
3052289
3052834
3053389
3053591
3053596
3053598
3053765
3053799
3054001
3054014
3054018
3054022
3054023
3054045
3054074
3054083
3054111
3054174
3054178
3054180
3054398
3054513
3054709
3054715
3054716
3054726
3054727
3054734
3054735
3054737
3054738
3054743
3054753
3054766
3055263
3055441
305605
305616
3056765
3056966
3057152
3057154
3058441
3059063
3059573
3060249
3060251
3060293
306035
3061082
3061187
3061474
3061999
3062023
3062252
3062255
3062582
3063597
3063645
3063646
3063798
3063801
3063810
3064169
3064683
3065355
3065363
3065375
3065381
3065387
3065653
3065778
3066251
3066252
3066266
3066267
3066269
3067628
3067903
3068494
3068544
3068581
3068582
3068659
3068661
3069048
3070859
30724
3072560
3072764
3073051
3073068
3073196
3073423
3073424
3073453
3073563
3073676
3073716
3073752
3073753
3073754
3073755
3073757
3073759
3073760
3073765
3073767
3073771
3073772
3073773
3073775
3073777
3073778
3073779
3073782
3073784
3073786
3073787
3073790
3073792
3073794
3073871
3073908
3073994
3074051
3074057
3074058
3074060
3074061
3074062
3074063
3074064
3074065
3074067
3074068
3074069
3074074
3074281
3075349
3075626
307605
307612
3076214
3076216
3076218
3076554
3076644
3076645
3076646
3076862
3077948
3077962
3077999
3078164
307894
3078960
3078967
3079324
3079612
3079871
3079878
3079881
3080049
3080095
3080117
3080425
3080506
3080507
3081563
3081579
3081716
3081850
3082001
3082004
3082010
3082512
3083238
3084616
308475
308571
308574
308579
308599
308606
308614
308620
308622
308662
3087117
3087131
3087133
3089027
3089045
3089064
3089072
3089545
3092530
309353
309355
309358
309363
309364
3093653
3093729
3093872
309403
3094071
3094074
30945
3096629
3096682
3096860
3096862
3096879
309723
309738
309742
3097547
3097629
3098596
3098607
3098608
3098610
3098757
309911
309931
3100101
3100102
310045
3101666
3102916
3102939
3102965
3102966
3102967
3103022
3103025
3103027
3103028
3103071
3103080
3103081
3103093
3103095
3103127
3104385
3104402
3104439
3104440
3104442
3104683
310554
310565
3105829
3106009
310635
310653
3108211
3108435
3108505
3108508
3108771
3109121
311010
3110680
3110776
3111135
3112056
3112588
3112591
3113210
3113216
3113607
3113649
3113848
3114358
311436
3114373
311442
311481
3115715
3116240
3116809
3117436
3117660
3118360
3118392
3118554
3118560
3118646
3118761
3118762
3118780
3119779
3119790
311997
3119976
3119991
312005
3120124
3120325
3120598
3120600
3120653
3120757
3121102
3121185
3121290
3121299
3122099
3122107
3122132
312238
3122597
3122599
31229
3123061
3126231
3126458
3126461
3126475
3126674
3128965
3129087
31312
313252
3132771
3132815
3132817
3132819
3133
3133211
3133389
313354
313392
313394
31340
3134061
3134086
3134087
31347
3134758
3134782
3134787
31350
3135119
313558
313575
313598
31360
3136174
3136179
31363
3136323
313640
3137271
3137401
3137933
3138358
31393
3139757
31398
313997
3140244
31403
31404
31407
31411
3141219
3141220
3141353
3141550
3141648
31417
3141789
3141941
314225
31423
314352
3143593
3143602
3143617
3143672
3143954
3144
3144018
3144136
3144165
3144166
3144197
3144870
314500
314505
314507
314508
314509
314511
314512
314514
314515
314516
314517
31452
314522
314523
314525
3145264
314529
314577
31467
3149167
3151628
3151629
3152247
3152248
3152253
3152267
3152273
3152276
3152280
315326
315327
3153519
3153974
3153991
3153995
3154004
3155217
315565
315706
315717
3157960
3158004
3158005
3158010
3158617
3158915
3158932
3159496
316014
3160635
3160638
3160833
3161
316165
316166
316183
316184
316187
316193
316211
316222
316226
316231
316235
3162517
3163183
3170618
3171
317247
317848
317852
318180
318535
318538
318539
31874
3188154
318818
318820
319230
319499
320440
320612
320780
320912
320973
321200
321258
321800
321803
321860
321964
322296
3230268
3230356
3231564
3231931
3231989
323307
323328
323341
3233620
323457
323487
3240224
3240987
3241044
3241333
3243754
3244637
3245072
3245298
324535
324542
3245549
3246213
3246424
324755
3247553
324761
324873
3248877
324891
3251963
325432
325452
32570
325838
325843
325909
326039
326083
326255
327753
327932
3280167
328424
328425
328594
328596
328598
328823
328888
329357
3293972
329443
329479
329739
3297556
3297560
3297561
3297565
3297569
329898
329899
329900
329902
329907
329973
330376
330871
330872
330874
33092
330966
331099
331317
331365
331368
332622
332763
333336
333801
333832
33402
33418
3341961
3342755
334428
334432
33444
3344447
3344867
3344876
3345122
334526
334528
334529
33453
334531
3348911
3349204
3350920
335530
335531
335534
335537
335710
335785
335852
335918
335919
335992
336186
33640
33645
33649
33653
33657
33658
336585
33659
336600
336607
336609
336618
3366714
3366716
336683
33673
3367375
3367593
3369142
3369267
336980
3373387
3373390
3373794
337448
3374584
3375609
3375620
3375943
3375946
337652
3378311
3378357
3378589
3380430
338196
338210
3382387
3382399
3382442
3382443
338246
3382466
3382472
338249
3384620
339432
339588
339597
339606
339782
339812
339834
33990
340183
340433
341244
341249
343530
343691
343929
344217
344319
344322
344325
344449
34471
345061
345459
345513
345692
34570
34573
34590
34611
34626
34633
34648
346692
346745
346767
346786
346807
346829
346850
34692
347313
347359
347362
347473
34765
347743
348073
348400
348423
348689
348793
349215
349325
350097
35052
35122
35125
35128
35145
35147
35161
35166
351686
35179
352057
352254
352271
354541
354542
354785
354887
354898
355008
355162
355232
35572
356141
356471
356642
35677
35684
35687
357114
358038
358089
358437
359324
359988
360021
360350
360399
360400
360405
360500
360655
360686
360706
361638
362195
362706
36324
36331
364263
364284
364290
364535
364537
36461
364747
365656
366019
366118
366172
366425
36651
36656
367289
36757
367791
367901
367916
367917
367925
36881
36894
36911
369263
36941
369521
369805
369822
369871
370292
370536
37099
371029
371446
371456
371501
371516
371651
371667
371682
371952
37200
372086
372507
37318
37319
373260
373262
373309
373514
373794
373809
373841
373842
373849
374047
374175
374199
374203
374260
37468
374766
375146
37519
37520
37524
37531
375516
375517
375518
37553
376155
37621
376270
37655
376686
376836
376837
377206
377552
378364
378388
380052
38032
380575
381394
381459
381670
381674
381675
381678
381697
382367
382368
382370
382379
382380
38269
382869
382953
38344
38362
38407
384541
38482
385027
38507
38512
38516
38520
38522
38523
387435
387454
388095
388100
38817
38833
38836
388876
389064
389195
38945
390676
391171
391801
392049
392764
393194
393196
393766
394085
394282
39442
39447
39453
39455
394739
395010
395363
395610
395707
396356
396358
396600
397005
397012
397016
397018
397057
397140
397147
397153
397554
397926
397947
397951
397989
398072
398431
398607
398667
398738
399047
399053
399078
399131
399994
400117
400756
40077
40099
401645
401647
401703
401704
401731
401732
401733
401734
401735
401736
401737
401738
401862
401953
401954
401958
401964
401965
401966
401968
401970
401971
402416
402418
402420
40256
402698
4031
403569
403652
403808
40396
40406
404226
407208
407301
407928
408198
408199
409302
40986
41045
41075
410891
411057
41139
411405
411418
411423
411427
411432
411435
411438
411444
412079
41210
41309
413240
413602
413647
413987
414263
414273
414277
414278
41430
414319
414332
414340
414342
414348
414350
414504
41457
414792
414950
415194
415614
415975
415976
416442
416560
416834
417485
417488
417492
417521
417524
417533
41754
417543
418671
41875
418785
41880
41886
419017
419018
419057
419058
419060
419066
419502
42016
420532
421465
42201
42202
422244
424173
424184
424220
424224
424230
42431
424507
42467
425672
425934
425965
425966
425967
425974
425976
425984
425992
426008
426638
427707
42794
428034
428036
42840
428677
428979
430594
430686
430687
430688
431009
431348
431358
43151
431571
431581
431608
43180
432258
432339
43281
433023
433036
433038
433178
433210
433248
433379
433380
433381
433412
433413
433617
43401
435217
436079
436393
43686
437603
438356
439232
43925
43926
43935
43943
439534
440058
440334
440336
440337
44056
441047
441892
44190
442089
442098
442127
442698
442703
44321
443219
443256
44352
443650
443688
44407
44408
44440
44447
444606
445253
445362
445398
446428
446440
446443
446448
446507
44680
446912
447301
447302
447305
447620
448389
449610
449616
449624
449627
450822
450823
451065
45157
451786
452388
45245
452740
45365
4538
454271
454601
456444
456999
457353
457354
457357
459055
459635
459873
459883
460228
460606
460827
461017
463077
463084
463315
463342
463362
463364
464123
464687
465487
465777
465783
466815
466843
46731
46732
46827
468820
469236
469255
469749
469752
469755
470590
471051
472191
472204
472282
472292
472389
472889
473018
47314
474045
474170
474243
475168
475195
475196
475233
475297
475626
475722
475726
47573
475736
475976
475977
476082
476589
4766
4768
4770
477309
477313
477319
478256
478423
4785
4786
4788
4792
4793
47934
4794
479473
4795
4796
4799
480147
480150
480153
4803
4808
482137
482377
482393
482488
482566
48271
483039
483330
483348
483353
483437
483958
483988
484188
484306
484759
484761
484774
48483
48484
48491
485284
485442
485446
485638
485645
485646
485661
485666
48604
48606
48615
486209
486642
486813
487505
487506
488588
489224
48957
48972
48975
48978
48986
490166
490169
490339
490500
490501
490539
490868
490869
491886
492055
492274
49249
492575
49266
493452
493464
493824
49446
494580
496167
496195
496291
496304
496319
496387
496399
496820
497513
497515
497676
497819
497884
497896
498400
498486
498505
498506
498507
498518
498525
498529
498641
498655
498660
498661
498679
498711
498712
499099
499100
499106
499108
499113
499615
499616
499619
499621
499903
499911
500004
500057
500102
500148
500359
500365
500485
500566
500600
500717
501558
502138
502323
502792
502953
502968
503080
503093
503348
50343
503473
503480
503651
50381
50394
5044
504435
504596
505403
505425
505944
505973
505977
505981
5060
5064
506457
506461
506482
506904
506928
507508
5076
5077
508926
508937
509302
50953
51056
51070
511018
511862
511871
5127
51279
51324
513526
515357
51539
515449
515487
515517
515823
515840
51625
516791
517004
517384
517526
517663
51768
517775
518157
518597
518599
518765
518780
518781
518789
518801
519348
519349
519539
520029
520052
521149
523740
52552
52555
52556
525895
525906
525907
528037
528038
52816
528216
529148
529242
529243
529244
52928
52969
52970
529818
529825
529826
5315
5322
533275
533302
533304
533306
5334
5353
535359
535790
536603
536889
536891
53711
537462
537790
537798
53942
53983
53984
53987
540036
540755
541012
541183
541191
541192
542766
542832
542984
543001
54350
544705
544909
54510
546487
546663
546934
547354
548576
549056
549686
5499
55001
55055
55194
55282
552825
553013
5537
553706
553735
553739
553858
554065
554066
554486
55459
5551
55521
55529
555426
555427
555429
556189
556208
556215
556280
556335
55683
557364
557396
557826
5580
55893
55900
559129
559131
55925
55928
559525
559535
559705
560255
560918
560922
560934
560952
56245
564207
564608
565057
565287
565288
568076
568390
569436
569884
569891
569903
569987
570418
57136
571880
572309
572311
572734
572792
572807
572842
572845
572863
573011
573603
573607
573895
574531
574533
574535
574566
57516
5755
575500
5756
5757
5762
576326
576331
576590
576741
576745
576748
576794
5778
577829
578154
578585
578847
578971
57910
579412
57998
580260
58049
580924
581215
581228
581229
581230
58220
58236
58241
58243
58253
583093
583263
58331
583386
583404
584794
584866
585030
585440
585988
58619
586544
586545
586673
587141
587146
587147
587157
587162
587173
58817
58820
588326
588327
588336
588959
58920
589528
590106
590109
590364
590727
590967
5911
59160
59161
59191
592728
593434
594011
594027
594039
594043
594073
594100
594125
594146
595365
595373
595388
596104
596297
59645
59654
596663
596750
596826
596839
59808
59812
59943
59950
599773
600353
601066
60169
60171
60172
60191
601994
603550
603576
603585
603592
603969
604083
60567
605715
6058
60593
6063
6069
607056
60736
60809
608134
6082
60825
608327
6086
608683
6087
608760
608786
6088
608864
608872
608873
608909
6091
60925
60948
610279
61066
61082
611426
611495
611525
611546
6116
611601
611643
611654
611691
611798
6145
614505
6148
61704
61716
61848
61855
618636
61904
620813
622258
62298
62302
62307
62308
62310
623208
62325
624255
624257
624279
626261
626269
626278
626566
62690
62786
630972
631048
631358
631361
632082
632150
632237
632839
632840
632897
633103
633134
633638
633886
633936
634346
6347
634727
634739
634929
63673
63689
63698
63699
637470
638140
638321
638460
638461
638948
638973
63926
63935
63942
639589
639595
63977
6398
641111
642806
643144
643629
643867
64499
645324
645326
645331
645332
645345
645346
645347
645353
645354
645360
645363
645368
645369
645394
645398
645459
645532
645540
646320
647670
64838
64840
64873
64876
649049
649054
649055
64924
64925
64927
64928
64929
64930
64933
65032
65069
65070
65079
6508
6511
651133
651717
6523
6526
652834
652858
65345
65357
653684
654496
65494
6550
655081
6551
655525
65598
655981
65635
656540
65658
65659
65660
65665
65670
657220
657996
658425
658804
658963
658994
661989
661990
661992
661998
661999
662014
662020
662034
662077
662079
662089
662459
662949
663820
663888
663928
66530
666340
666443
666451
666459
666468
666470
666509
667509
667568
6678
66791
66792
66794
669471
669489
669539
670095
670591
671091
671127
671314
671315
671316
671317
671319
671320
671321
671322
671324
671360
671420
671421
671429
671499
6715
671500
671502
6720
672007
672008
672010
672013
672478
672479
672552
6728
672921
673109
673126
673127
673131
673134
673448
673787
673907
674295
6743
674410
674415
674418
675130
67591
67593
67594
67595
676265
676301
676376
676387
676396
676444
676477
676482
6781
678702
678740
678744
679013
67916
6799
680304
681720
681963
6829
683124
68331
68332
68333
683351
683549
683571
6837
683717
684731
684734
684904
685364
685382
685440
685682
685696
686582
686585
686586
686601
686664
687022
687070
687082
687100
687455
687490
687570
687666
688270
688394
688402
688419
688480
688484
688485
688582
68878
689289
689797
690216
690218
690460
691100
691578
691659
691675
692031
69293
69315
693219
69355
6941
6945
695506
695761
695804
695826
695827
695828
695831
695857
695944
696256
696299
696348
696403
69653
69654
696728
697243
69771
69788
697907
69791
699752
699805
699837
700369
700370
700373
700639
700648
700666
700709
700711
700862
700877
701737
70205
702324
702327
702500
702666
702746
703020
703021
703093
703269
703277
70344
704338
704356
70448
70449
70452
705083
705167
705182
705183
705609
705616
70589
706485
706487
707162
707163
707282
70743
707709
707724
707755
707993
707996
708009
70838
708493
709168
70924
709993
71001
710542
710635
7107
7109
71150
71202
712042
7130
71302
713079
713106
713700
713857
714610
714788
714810
71497
71509
71516
715323
715334
715832
7159
71600
7163
716597
716627
71668
716701
716705
71688
717160
71717
717196
717297
7173
71730
717384
717668
717687
717989
71861
71875
7192
71933
7202
721163
7216
721898
722257
722308
722374
722406
722656
722659
72520
7260
72625
72672
72723
7297
7300
73015
73016
73019
73431
735385
735391
735471
7368
7370
7380
7398
74035
74080
74090
741462
741604
742418
743210
743460
743461
74372
74381
743927
744612
74467
744689
74478
744985
745173
745180
745347
74557
747252
747254
747255
748450
74869
748776
748999
749178
749444
74993
7522
753202
753236
753357
753399
753435
753443
754409
75445
755316
755324
755325
756066
756386
756387
756388
75757
758745
758750
758751
758754
758755
758760
76012
760132
7602
7614
7616
761658
76167
761903
76193
76235
76239
762646
763198
764607
764608
764613
764617
764619
764628
764657
764665
764679
764687
764688
7656
765802
766212
766800
7670
7671
767263
767273
767281
767284
767458
767470
76786
76788
76823
768769
768805
768832
768850
7700
77129
77300
77590
77591
77928
78088
78138
78236
78482
78484
7873
78864
78898
794820
79495
795029
795048
79507
795082
795124
795125
795152
796164
796977
797226
79731
797523
798349
798351
798354
798406
798445
79894
8017
80365
80668
81069
81419
81540
815559
815563
815574
815729
815844
81594
816168
81723
81824
818373
818436
818511
819421
819697
820339
820355
820737
82134
823382
824434
82598
82600
82633
82926
82932
82933
82935
82936
82938
82940
82941
82942
82945
82946
82949
82950
82951
82952
829895
830051
830232
830258
830293
830338
830412
830462
830482
830487
830521
830525
830584
830626
830732
830767
830814
830869
830874
830897
830911
830924
831137
831178
831534
831541
831555
831661
831665
831944
832078
832113
832126
832162
832499
832727
832945
832955
833032
833076
833106
833159
833266
833299
833355
833383
833471
833645
833647
833653
83372
833778
835013
835098
835496
835648
835791
835828
836232
836296
83649
836895
836972
838344
83917
839744
841265
841630
841704
841777
841900
842173
842478
842521
842860
84301
843169
84397
844561
84662
846678
847152
847307
847312
847332
847343
847345
847620
847638
847647
847699
848173
848176
849570
850754
851585
852050
855305
856713
856767
856772
856793
857007
85707
857497
85795
858327
859642
859643
859649
859653
859954
86007
860628
860631
860633
860636
860648
860650
860651
860653
860826
861477
861511
861512
861513
861515
861517
862448
862455
86255
862617
862912
862913
862914
862925
862928
862948
862949
862950
862951
863366
863367
864588
864648
864650
864826
864827
865874
865893
866021
866028
866807
867311
867312
867313
867314
867317
867320
867321
867322
867325
867326
867327
867889
86798
868022
868023
868027
868030
868036
868042
868072
868074
868077
868081
868087
868093
868098
868102
868103
868118
868254
868263
868271
868273
86855
868580
868587
86863
86885
86896
86898
86906
869065
86908
869184
869194
869197
869200
869203
869224
869228
869233
869235
869611
869613
869813
870544
87102
87149
87157
871654
871656
871660
871927
87236
87246
87248
873059
873060
873061
873393
873440
873459
873464
874459
874551
874591
874597
874741
874954
875395
875827
875835
875838
875839
875841
875844
875845
875846
875849
875850
875851
875859
875860
875863
875883
875999
876004
876005
876014
876016
876020
876025
876029
876058
876145
877747
877769
877770
877881
877956
877986
878053
878057
878163
878164
878336
878372
878394
878408
878423
87870
879065
879318
879532
879536
879537
879538
879541
879542
879543
879544
879545
879546
879547
879743
879758
879761
879795
880166
880215
880221
880268
880269
880401
880404
880408
880410
880412
880414
880433
880757
880892
880893
880894
880896
880907
880908
880909
880912
880914
880982
880984
881145
881465
881575
88159
88167
881815
881829
881842
881852
881854
881859
881873
881876
882578
882602
882614
882625
88316
88324
88361
883820
883821
883834
88399
884089
884090
88410
88421
884216
884338
884342
884619
884622
884624
885041
885659
885735
88588
885947
88834
88925
88944
891395
89212
89334
89336
89399
89416
895687
89586
898122
89940
89957
899880
90013
90014
901114
902892
903326
903466
903881
904080
904677
905063
905935
906758
906837
907748
907945
907947
907948
908214
908343
908352
908852
908856
908858
90893
909054
90936
909820
910033
91052
911292
911564
911712
911891
911986
911998
912070
91232
912799
912981
913295
913307
913347
913356
913641
914003
91661
916652
916686
917560
918552
91925
920395
920461
920968
921181
923046
92527
925792
927629
928215
928250
928254
92854
928758
928779
928833
929244
929247
929249
929250
929252
929253
92950
929565
929583
929621
92964
92976
92981
92998
931299
931554
932896
932983
933002
933021
933333
933798
934862
934892
934915
934938
934949
935088
935701
935871
937691
937754
937756
937758
938085
938113
938204
93895
93900
93947
94029
940422
940423
940434
940515
940675
940739
940839
941159
941346
941636
941795
941798
942012
942208
942217
942241
942256
942394
942412
942462
942463
942642
942649
942654
942672
942683
942692
942693
942701
942703
943146
943918
944382
944587
944595
944596
944600
944610
944611
944616
944618
944620
944622
944624
944626
944627
944634
944635
944637
944640
944641
944642
944643
944965
945006
945019
945030
945092
945951
946126
946204
94630
946370
946373
946377
946380
94675
947153
947580
947583
947584
948055
948056
948311
948369
948794
948935
95170
95184
95348
95357
95469
95520
95701
9606
961198
9612
9615
963306
963378
96477
96609
96639
970015
97105
97145
97153
97181
97200
97227
97277
973506
9736
9742
9744
974711
9749
976305
976306
9773
977898
979663
979799
980197
980326
980331
980336
980342
980346
980349
98051
981404
981427
981428
98220
98221
983576
983577
983592
983703
984908
985043
986
986532
987005
987006
987033
9874
987422
987442
987906
988002
988022
988025
988042
988114
988779
988978
989005
989033
989103
989124
989162
989753
989874
990171
990309
990634
991109
991142
991863
991874
991876
992198
992570
992582
992621
992622
993029
993031
993050
993111
993169
993171
993172
993278
993287
993387
993388
993389
993390
993391
993393
993397
993398
993542
993586
993590
993696
993698
993708
993798
993804
993844
993865
993866
993975
994014
994028
994051
994107
994161
994167
994184
994206
994209
994262
994283
994291
994304
994791
994930
994964
99579
996461
996736
996801
997588
997607
997926
997937
998131
9986
99879
99931
999330
