dada2_input	filtered	dada_f	dada_r	merged	nonchim	final_perc_reads_retained
MP_E1148_DY2206	304344	291679	291641	291637	289985	288124	94.7
MP_E1149_DY2206	123703	119613	119607	119607	119055	118962	96.2
MP_E1150_DY2206	118149	112385	112280	112147	110292	103836	87.9
MP_E1151_DY2206	132154	125817	125490	125564	123404	111853	84.6
MP_E1152_DY2206	50567	48500	48490	48492	48343	48343	95.6
MP_E1153_DY2206	147458	140601	140465	140522	139325	134841	91.4
MP_E1154_DY2206	581360	566107	566087	565750	562757	561482	96.6
MP_E1155_DY2206	162663	155359	155067	155120	152252	135792	83.5
MP_E1156_DY2206	118832	115101	115095	115074	114901	114825	96.6
MP_E1158_DY2206	277893	268170	268157	268156	265995	265961	95.7
MP_E1159_DY2206	242470	234302	234291	234280	233497	232588	95.9
MP_E1160_DY2206	39463	37702	37699	37697	37640	37435	94.9
MP_E1164_DY2206	459207	447453	446805	447425	443245	441827	96.2
MP_E1165_DY2206	146198	138778	138623	138600	137178	126823	86.7
MP_E1166_DY2206	240170	232925	232915	232911	231888	231390	96.3
MP_E1455_RC0083	434803	418565	418493	418467	418019	417128	95.9
MP_E1456_RC0083	141350	134047	133792	133746	132885	130800	92.5
MP_E1457_RC0083	258259	248663	248467	248296	246143	239734	92.8
MP_E1458_RC0083	295592	284257	283931	284006	283090	281960	95.4
MP_E1459_RC0083	163567	157362	157316	157296	156995	156852	95.9
MP_E1460_RC0083	290826	279377	279174	279159	276886	273241	94
MP_E1461_RC0083	80383	76918	76794	76888	76709	76003	94.6
MP_E1462_RC0083	247784	224986	224860	224823	223826	220982	89.2
MP_E1463_RC0083	173415	164746	164503	164386	161946	159329	91.9
MP_E1470_RC0083	289590	277978	277886	277877	277146	276782	95.6
MP_E1471_RC0083	85220	79362	79318	79315	78961	78698	92.3
MP_E1472_RC0083	173114	166682	166597	166531	164762	161091	93.1
MP_E1485_RC0083	88547	82276	82266	82260	82155	82153	92.8
MP_E1486_RC0083	231941	221348	221265	221307	220965	220825	95.2
MP_E1487_RC0083	375136	363215	363103	363108	361495	358187	95.5
MP_E1488_RC0083	990232	950941	950591	950416	939977	932160	94.1
MP_E1489_RC0083	618087	596513	596421	596278	594400	592721	95.9
MP_E1490_RC0083	110447	105294	105247	105245	104988	104861	94.9
MP_E1494_RC0083	451679	433269	433150	433027	430256	429010	95
MP_E1495_RC0083	225185	194810	194710	194751	194001	193686	86
MP_E1496_RC0083	35142	30187	30157	30148	29721	29185	83
MP_E1497_RC0083	227093	218986	218847	218874	218481	217403	95.7
MP_E1498_RC0083	184315	177813	177685	177667	176661	174170	94.5
MP_E1499_RC0083	289226	278212	278135	278141	277469	276634	95.6
MP_E1501_RC0083	349738	337087	336992	336972	336521	335938	96.1
MP_E1502_RC0083	471674	459716	459530	459535	458672	456841	96.9
MP_E1503_RC0083	556222	539015	538924	538945	536647	525015	94.4
MP_E1504_RC0083	10413	1435	1427	1429	1122	1121	10.8
MP_E1505_RC0083	120198	114748	114646	114638	114218	113740	94.6
MP_E1506_RC0083	304609	293665	293631	293586	292416	290971	95.5
MP_E1510_RC0083	475566	463349	463295	463261	461972	440168	92.6
MP_E1511_RC0083	667960	647791	647470	647573	642881	634584	95
MP_E1517_RC0083	184648	177014	176967	176968	176720	176595	95.6
MP_E1518_RC0083	214296	187191	187020	186954	185277	183472	85.6
MP_E1519_RC0083	191220	184609	184554	184563	184234	183915	96.2
MP_E1526_RC0083	249676	241426	241304	241308	240891	239738	96
MP_E1527_RC0083	59175	44372	44355	44363	44287	44250	74.8
MP_E1528_RC0083	109330	104395	104356	104289	103929	103129	94.3
MP_E1529_RC0083	179031	172597	172507	172518	172273	171817	96
MP_E1530_RC0083	99858	95696	95628	95619	95126	93976	94.1
MP_E1531_RC0083	20	18	16	17	16	14	70
MP_E1532_RC0083	85717	83051	83041	83047	82862	82856	96.7
MP_E1533_RC0083	555158	538129	538008	537968	535658	531181	95.7
MP_E1534_RC0083	481613	466468	466311	466245	464366	462427	96
MP_E1541_RC0083	167	161	154	155	148	147	88
MP_E1542_RC0083	602883	584069	583859	583855	580433	577562	95.8
MP_E1546_RC0083	120609	115897	115768	115770	115476	114949	95.3
MP_E1547_RC0083	309857	299127	298955	298962	298101	297064	95.9
MP_E1548_RC0083	48275	46512	46475	46478	46415	46415	96.1
MP_E1553_RC0083	209212	203547	203516	203500	203384	203315	97.2
MP_E1554_RC0083	394929	380999	380886	380928	379354	378671	95.9
MP_E1555_RC0083	406836	394881	394862	394845	393905	393348	96.7
MP_E1556_RC0083	263592	254635	254524	254484	253520	252324	95.7
MP_E1557_RC0083	363018	352681	352593	352597	351754	350522	96.6
MP_E1558_RC0083	469993	455999	455869	455850	454430	453382	96.5
MP_E1559_RC0083	162771	156600	156543	156533	155682	154074	94.7
MP_E1560_RC0083	655503	637161	637005	637053	632559	597796	91.2
MP_E1561_RC0083	375917	367203	367134	367016	366200	365539	97.2
MP_E1562_RC0083	591534	571389	571163	571219	570400	567716	96
MP_E1563_RC0083	775195	753369	753218	753159	751108	747591	96.4
MP_E1564_RC0083	257463	247551	247191	247244	246081	243128	94.4
MP_E1565_RC0083	196305	187556	187396	187403	186402	185026	94.3
MP_E1566_RC0083	274056	264105	263892	263891	262535	258370	94.3
MP_E1567_RC0083	99595	93656	93594	93554	93392	93084	93.5
MP_E1568_RC0083	321976	312231	312072	312054	311270	309171	96
MP_E1569_RC0083	359761	347619	347570	347552	346580	345120	95.9
MP_E1611_DY2209	268689	259176	259109	259124	258677	258348	96.2
MP_E1612_DY2209	196849	189387	189292	189300	188669	187675	95.3
MP_E1613_DY2209	260032	252286	252216	252246	251578	250710	96.4
MP_E1614_DY2209	309965	300241	300162	300207	299676	298531	96.3
MP_E1615_DY2209	155187	151098	151077	151076	150862	149338	96.2
MP_E1616_DY2209	366968	352272	352220	352242	351303	351040	95.7
MP_E1617_DY2209	194302	187511	187481	187471	186994	186920	96.2
MP_E1618_DY2209	167769	161135	161066	161027	159482	157125	93.7
MP_E1619_DY2209	200376	191744	191623	191641	191096	190544	95.1
MP_E1620_DY2209	269597	260684	260646	260567	259851	259082	96.1
MP_E1621_DY2209	123722	118171	118149	118143	117914	117645	95.1
MP_E1622_DY2209	142840	137094	137072	137061	136782	136550	95.6
MP_E1718_DY2306	270576	262543	262494	262495	261932	260137	96.1
MP_E1719_DY2306	435302	422736	422614	422667	421415	420396	96.6
MP_E1720_DY2306	674615	653208	653012	652817	649809	648943	96.2
MP_E1721_DY2306	234111	223347	223321	223318	222173	219846	93.9
MP_E1722_DY2306	955638	928548	928150	927903	920482	918952	96.2
MP_E1723_DY2306	264241	254617	254540	254513	253982	253795	96
MP_E1724_DY2306	235971	227706	227662	227674	226644	224000	94.9
MP_E1725_DY2306	119719	112643	112631	112614	111898	110148	92
MP_E1726_DY2306	364991	352737	352691	352482	351549	351418	96.3
MP_E1727_DY2306	200994	193983	193931	193952	193340	191614	95.3
MP_E1728_DY2306	37423	29666	29622	29626	28744	25934	69.3
MP_E1729_DY2306	494064	478667	478464	478455	475139	466517	94.4
MP_E1730_DY2306	150583	144341	144328	144312	143837	143381	95.2
MP_E1731_DY2306	307643	298870	298856	298846	298582	298313	97
MP_E1732_DY2306	1064499	1037611	1037534	1037441	1031558	1014721	95.3
MP_E1733_DY2306	937756	914267	914212	914197	908281	876009	93.4
MP_E1734_DY2306	1053823	1027079	1027022	1026914	1019426	963630	91.4
MP_E1735_DY2306	230343	221834	221739	221737	220948	218987	95.1
MP_E1736_DY2306	210228	202266	202245	202233	201525	200852	95.5
MP_E1737_DY2306	139886	133550	133444	133466	132773	131390	93.9
MP_E1750_DY2306	151563	145037	144998	145010	144720	143837	94.9
MP_E1751_DY2306	177045	169583	169416	169353	167691	162664	91.9
MP_E1752_DY2306	220188	211465	211387	211363	210351	207757	94.4
MP_E1753_DY2306	333207	323398	323367	323345	322478	320703	96.2
MP_E1754_DY2306	36	23	23	23	23	23	63.9
MP_E1755_DY2306	218176	210404	210390	210260	209500	207584	95.1
MP_E1756_DY2306	472501	458179	458142	458120	455641	451326	95.5
MP_E1757_DY2306	244143	234676	234593	234616	232811	228153	93.5
MP_E1758_DY2306	273231	263286	263168	263179	260935	256023	93.7
MP_E1759_DY2306	228973	220038	219875	219740	217535	210182	91.8
MP_E1760_DY2306	247726	240234	240180	240198	238651	237329	95.8
MP_E1761_DY2306	215973	209778	209760	209757	208865	208561	96.6
MP_E1762_DY2306	331180	319692	319614	319490	316447	312687	94.4
MP_E1763_DY2306	323603	312298	312234	312224	310115	307893	95.1
MP_E1764_DY2306	168894	163379	163363	163367	162794	162695	96.3
MP_E1765_DY2306	540514	521600	521563	521563	518886	516954	95.6
MP_E1766_DY2306	433353	419710	419682	419680	418110	416666	96.1
MP_E1767_DY2306	314075	301648	301626	301606	300494	299095	95.2
MP_E1768_DY2306	540660	526119	525998	526028	523044	520103	96.2
MP_E1769_DY2306	414244	400854	400810	400812	399426	396351	95.7
MP_E1770_DY2306	116477	111193	111158	111134	110060	107054	91.9
MP_E1772_DY2306	404547	390612	390562	390516	387050	383685	94.8
MP_E1773_DY2306	362823	351341	351114	351318	348445	346417	95.5
MP_E1774_DY2306	320999	308681	308592	308548	306775	300425	93.6
MP_E1775_DY2306	339387	326560	326536	326495	323825	321684	94.8
MP_E1776_DY2306	538730	523276	523218	522611	517805	514899	95.6
MP_E1777_DY2306	500637	483716	483622	483620	481176	472391	94.4
MP_E1778_DY2306	220120	212753	212621	212703	211744	210346	95.6
MP_E1779_DY2306	240809	232760	232647	232714	231999	230897	95.9
MP_E1780_DY2306	236371	227334	227283	227308	226339	225121	95.2
MP_E1781_DY2306	468364	453170	452814	453154	450402	449447	96
MP_E1782_DY2306	272342	263994	263976	263974	262328	262280	96.3
MP_E1783_DY2306	157598	151184	151154	151133	150523	148865	94.5
MP_E1784_DY2306	531975	514889	514808	514821	511231	507543	95.4
MP_E1785_DY2306	356453	343807	343750	343735	340984	337774	94.8
MP_E1786_DY2306	210492	201853	201831	201825	200812	197559	93.9
MP_E1787_DY2306	502957	488052	488007	488025	485236	481258	95.7
MP_E1788_DY2306	179343	171485	171400	171436	170265	166829	93
MP_E1789_DY2306	300613	291131	291034	291071	288948	284700	94.7
MP_E1790_DY2306	742654	720287	720118	720095	715690	708238	95.4
MP_E1791_DY2306	265701	257430	257406	257398	255881	252883	95.2
MP_E1792_DY2306	273483	263700	263672	263672	262426	260827	95.4
MP_E1793_DY2306	473509	458015	457976	457972	454196	451151	95.3
MP_E1794_DY2306	162425	155783	155771	155764	154764	152818	94.1
MP_E1795_DY2306	380555	368275	368207	368193	367124	362939	95.4
MP_E1796_DY2306	145304	138075	138065	138049	137251	134463	92.5
MP_E1797_DY2306	410862	397357	397262	397228	394275	387333	94.3
MP_E1798_DY2306	159305	151381	151353	151346	150093	146391	91.9
MP_E1820_DY2306_PCR1	63777	60609	60544	60503	59261	58759	92.1
MP_E1820_DY2306_PCR2	148252	142661	142588	142595	141394	140413	94.7
MP_E1820_DY2306_PCR3	31753	24541	24477	24517	23517	22956	72.3
MP_E1821_DY2306_PCR1	46167	43747	43704	43728	42662	42577	92.2
MP_E1821_DY2306_PCR2	42349	39842	39809	39829	38928	37873	89.4
MP_E1821_DY2306_PCR3	57922	55101	55074	55027	53905	53518	92.4
MP_E1824_DY2306_PCR1	8611	8195	8181	8181	8146	8146	94.6
MP_E1824_DY2306_PCR2	9705	8023	8002	8006	7968	7968	82.1
MP_E1824_DY2306_PCR3	7701	6930	6923	6923	6901	6901	89.6
MP_E1826_DY2306_PCR1	17907	17083	17080	17078	16796	16651	93
MP_E1826_DY2306_PCR2	21623	20165	20156	20160	20073	19466	90
MP_E1826_DY2306_PCR3	12726	11744	11740	11717	11682	11597	91.1
MP_E1829_DY2306_PCR1	121457	115808	115643	115469	113762	110265	90.8
MP_E1829_DY2306_PCR2	102650	98142	97853	97895	96102	93926	91.5
MP_E1829_DY2306_PCR3	98875	93275	92896	92982	91191	86160	87.1
MP_E1831_DY2306_PCR1	12260	11497	11495	11493	11470	11470	93.6
MP_E1831_DY2306_PCR2	6757	6336	6331	6332	6275	6275	92.9
MP_E1831_DY2306_PCR3	7626	6906	6905	6904	6850	6849	89.8
MP_E1832_DY2306_PCR1	93783	89986	89869	89825	88552	87713	93.5
MP_E1832_DY2306_PCR2	99354	95060	94960	94940	93881	92737	93.3
MP_E1832_DY2306_PCR3	94951	90459	90255	90295	89007	88167	92.9
MP_E1833_DY2306_PCR1	81277	75437	75372	75386	74460	73992	91
MP_E1833_DY2306_PCR2	30278	28964	28956	28932	28818	28777	95
MP_E1833_DY2306_PCR3	24783	21951	21917	21938	21860	21852	88.2
MP_E1834_DY2306_PCR1	146261	140241	139985	139968	138837	136092	93
MP_E1834_DY2306_PCR2	158070	152041	151975	151945	151385	150540	95.2
MP_E1834_DY2306_PCR3	105797	99472	99368	99355	98783	97547	92.2
MP_E1835_DY2306_PCR1	126679	120355	120295	120269	120046	119891	94.6
MP_E1835_DY2306_PCR2	109313	104087	104044	104025	103839	103665	94.8
MP_E1835_DY2306_PCR3	74677	71270	71229	71233	71114	70934	95
MP_E1836_DY2306_PCR1	82567	78135	78079	78020	77604	77408	93.8
MP_E1836_DY2306_PCR2	123004	115180	114957	115114	114687	114175	92.8
MP_E1836_DY2306_PCR3	20405	7713	7700	7665	6943	6886	33.7
MP_E1837_DY2306_PCR1	132336	127361	127098	127229	126491	124522	94.1
MP_E1837_DY2306_PCR2	109817	101327	101167	101095	100192	99412	90.5
MP_E1837_DY2306_PCR3	81773	76304	76065	76156	75465	74401	91
MP_E1838_DY2306_PCR1	169669	163360	163195	163157	161882	160530	94.6
MP_E1838_DY2306_PCR2	55287	47358	47265	47079	46707	46410	83.9
MP_E1838_DY2306_PCR3	154272	148743	148555	148536	147551	146462	94.9
MP_E1839_DY2306_PCR1	15	14	13	13	13	13	86.7
MP_E1839_DY2306_PCR2	109045	104418	104328	104278	103849	102591	94.1
MP_E1839_DY2306_PCR3	103433	99346	99287	99265	98893	98064	94.8
MP_E1840_DY2306_PCR1	164575	158286	158182	158143	157673	156980	95.4
MP_E1840_DY2306_PCR2	107231	101873	101835	101849	101445	101333	94.5
MP_E1840_DY2306_PCR3	72428	68913	68835	68884	68725	68637	94.8
MP_E1841_DY2306_PCR1	124077	118923	118842	118779	118047	116831	94.2
MP_E1841_DY2306_PCR2	126098	121250	121179	121167	120903	120525	95.6
MP_E1841_DY2306_PCR3	159764	152527	152425	152434	151961	151353	94.7
MP_E1842_DY2306_PCR1	161749	154517	154316	154332	153569	152287	94.2
MP_E1842_DY2306_PCR2	165759	152726	152567	152528	151668	149694	90.3
MP_E1842_DY2306_PCR3	172834	165672	165516	165507	164321	162127	93.8
MP_E1877_SKQ23_12S	305640	298124	298071	297968	297227	285655	93.5
MP_E1878_SKQ23_12S	228566	221562	221496	221448	221054	219190	95.9
MP_E1879_SKQ23_12S	207583	200795	200715	200757	200302	195321	94.1
MP_E1880_SKQ23_12S	170487	164546	164424	164439	164180	162960	95.6
MP_E1881_SKQ23_12S	127835	121579	121391	121452	120718	119312	93.3
MP_E1882_SKQ23_12S	141420	135319	135296	135307	134837	134800	95.3
MP_E1883_SKQ23_12S	160397	152671	152587	152587	151919	151837	94.7
MP_E1884_SKQ23_12S	228495	220664	220542	220578	219948	218235	95.5
MP_E1885_SKQ23_12S	302614	292522	292496	292460	291342	291152	96.2
MP_E1886_SKQ23_12S	30	25	23	22	21	21	70
MP_E1887_SKQ23_12S	108649	105159	105125	105099	104912	103025	94.8
MP_E1888_SKQ23_12S	213285	207288	207215	207087	206748	206294	96.7
MP_E1889_SKQ23_12S	240514	232365	232275	232302	231859	210453	87.5
MP_E1890_SKQ23_12S	193990	186837	186703	186654	185899	183334	94.5
MP_E1891_SKQ23_12S	174231	165932	165905	165895	165534	165218	94.8
MP_E1892_SKQ23_12S	193181	183384	183307	183329	182649	181778	94.1
MP_E1893_SKQ23_12S	156481	151143	151001	150937	150268	148466	94.9
MP_E1894_SKQ23_12S	255701	247722	247659	247655	246745	198938	77.8
MP_E1895_SKQ23_12S	88457	84269	84203	84207	83089	79824	90.2
MP_E1896_SKQ23_12S	118519	113206	113123	113068	111938	108703	91.7
MP_E1897_SKQ23_12S	129227	124060	123978	123993	121745	117791	91.2
MP_E1898_SKQ23_12S	95877	91472	91417	91425	90633	88250	92
MP_E1899_SKQ23_12S	111093	105834	105758	105669	104747	100963	90.9
MP_E1900_SKQ23_12S	84892	80716	80697	80671	80253	79307	93.4
MP_E1901_SKQ23_12S	205932	198778	198698	198709	197017	193951	94.2
MP_E1902_SKQ23_12S	101328	97093	96969	96943	96034	93378	92.2
MP_E1903_SKQ23_12S	135592	127760	127652	127637	126697	125101	92.3
MP_E1904_SKQ23_12S	199983	192722	192658	192664	191818	190503	95.3
MP_E1905_SKQ23_12S	126945	121654	121599	121618	121266	120505	94.9
MP_E1906_SKQ23_12S	206486	198906	198783	198805	198095	196647	95.2
MP_E1907_SKQ23_12S	270333	261262	260962	261214	260541	259632	96
MP_E1908_SKQ23_12S	126753	121312	121233	121230	120594	119372	94.2
MP_E1909_SKQ23_12S	241276	232253	232089	231945	230353	226999	94.1
MP_E1910_SKQ23_12S	228107	219194	219115	219066	217891	214155	93.9
MP_E1911_SKQ23_12S	234892	218544	218441	218455	216374	213777	91
MP_E1912_SKQ23_12S	308795	297710	297469	297550	295655	290358	94
MP_E1913_SKQ23_12S	274764	264110	263941	263827	261409	255651	93
MP_E1914_SKQ23_12S	175399	166262	166208	166194	165007	163303	93.1
MP_E1915_SKQ23_12S	389528	375762	375641	375720	375081	373986	96
MP_E1916_SKQ23_12S	161939	155955	155834	155858	154867	152234	94
MP_E1917_SKQ23_12S	97969	92236	92175	92049	91146	88824	90.7
MP_E1918_SKQ23_12S	122883	118914	118878	118891	118851	118832	96.7
MP_E1919_SKQ23_12S	107584	102787	102758	102724	102365	101721	94.6
MP_E1920_SKQ23_12S	354086	342645	342408	342529	341407	338285	95.5
MP_E1921_SKQ23_12S	227566	220286	220265	220258	219823	219352	96.4
MP_E1922_SKQ23_12S	170805	166802	166786	166783	166733	166719	97.6
MP_E1923_SKQ23_12S	128148	123158	123124	123112	122670	121641	94.9
MP_E1924_SKQ23_12S	103324	99379	99361	99361	99305	99239	96
MP_E1925_SKQ23_12S	220126	212610	212516	212529	211824	209945	95.4
MP_E1926_SKQ23_12S	97440	92939	92903	92899	92435	91533	93.9
MP_E1927_SKQ23_12S	111785	107183	107154	107004	106146	105557	94.4
MP_E1928_SKQ23_12S	107109	101735	101621	101680	101162	99699	93.1
MP_E1929_SKQ23_12S	91080	87033	86941	86934	86383	85828	94.2
MP_E1930_SKQ23_12S	34286	31275	31239	31234	30866	30805	89.8
MP_E1931_SKQ23_12S	52934	50445	50442	50437	50338	50208	94.9
MP_E1932_SKQ23_12S	33962	27827	27790	27777	27500	26461	77.9
MP_E1933_SKQ23_12S	103297	99893	99841	99833	99730	99663	96.5
MP_E1934_SKQ23_12S	71490	67798	67742	67700	67509	67125	93.9
MP_E1935_SKQ23_12S	96030	91116	91107	91042	90837	90029	93.8
MP_E1936_SKQ23_12S	39754	36123	36082	36069	36028	35989	90.5
MP_E1937_SKQ23_12S	108600	103350	103293	103316	102941	101143	93.1
MP_E1938_SKQ23_12S	150303	144039	144016	143942	143521	142681	94.9
MP_E1939_SKQ23_12S	54090	52372	52352	52341	52286	51470	95.2
MP_E1940_SKQ23_12S	56310	52936	52921	52920	52796	52738	93.7
MP_E1941_SKQ23_12S	132445	126926	126917	126894	126172	124572	94.1
MP_E1942_SKQ23_12S	14657	14054	14042	14045	14025	14014	95.6
MP_E1943_SKQ23_12S	41817	39918	39911	39902	39836	39702	94.9
MP_E1944_SKQ23_12S	98177	93349	93318	93300	92874	91602	93.3
MP_E1945_SKQ23_12S	82976	74702	74603	74606	74357	73979	89.2
MP_E1946_SKQ23_12S	194700	187777	187757	187758	187252	187154	96.1
MP_E1947_SKQ23_12S	647475	629394	629323	629077	626883	624116	96.4
MP_E1948_SKQ23_12S	200137	192735	192674	192626	192481	192207	96
MP_E1949_SKQ23_12S	25013	21972	21929	21935	21817	21460	85.8
MP_E1950_SKQ23_12S	72377	69320	69261	69266	69050	68848	95.1
MP_E1951_SKQ23_12S	44716	41904	41881	41834	41703	41389	92.6
MP_E1952_SKQ23_12S	137795	131936	131853	131784	131041	129961	94.3
MP_E1953_SKQ23_12S	168849	163455	163411	163424	163038	162889	96.5
MP_E1954_SKQ23_12S	66182	62720	62665	62692	62286	62102	93.8
MP_E1955_SKQ23_12S	99323	92312	92224	92238	91691	89003	89.6
MP_E1956_SKQ23_12S	43472	41387	41366	41357	41270	41172	94.7
MP_E1957_SKQ23_12S	43835	41074	41031	41057	40878	40606	92.6
MP_E1958_SKQ23_12S	69346	65768	65723	65733	64387	63896	92.1
MP_E1959_SKQ23_12S	34455	31976	31937	31960	31859	31853	92.4
MP_E1960_SKQ23_12S	48642	44983	44965	44953	44775	44580	91.6
MP_E1961_SKQ23_12S	83346	78925	78816	78878	78159	76546	91.8
MP_E1962_SKQ23_12S	27824	26243	26239	26220	26182	26180	94.1
MP_E1963_SKQ23_12S	162930	156711	156667	156665	156104	155483	95.4
MP_E1964_SKQ23_12S	32	31	25	22	20	20	62.5
MP_E1965_SKQ23_12S	66453	62994	62948	62970	62852	62674	94.3
MP_E1966_SKQ23_12S	38444	34814	34803	34806	34738	34685	90.2
MP_E1967_SKQ23_12S	90184	86143	86079	86087	85401	82638	91.6
MP_E1968_SKQ23_12S	58083	54996	54988	54985	54893	54864	94.5
MP_E1969_SKQ23_12S	127134	122661	122598	122623	122318	122200	96.1
MP_E1970_SKQ23_12S	76675	73139	73095	73123	72520	71635	93.4
MP_E1971_SKQ23_12S	127706	122102	122087	122081	122020	121983	95.5
MP_E1972_SKQ23_12S	21808	20997	20940	20925	20611	19517	89.5
MP_E1973_SKQ23_12S	95670	92643	92631	92625	92617	92611	96.8
MP_E1974_SKQ23_12S	179466	173274	173219	173211	172711	172101	95.9
MP_E1975_SKQ23_12S	150406	145875	145828	145815	145739	145598	96.8
MP_E1976_SKQ23_12S	173160	166621	166540	166540	165891	163838	94.6
MP_E1977_SKQ23_12S	130856	126454	126442	126429	126233	125778	96.1
MP_E1978_SKQ23_12S	175057	169520	169506	169496	169270	169132	96.6
MP_E1979_SKQ23_12S	57440	55108	55079	55032	54697	54351	94.6
MP_E1980_SKQ23_12S	42	37	32	31	26	26	61.9
MP_E1981_SKQ23_12S	138249	133596	133542	133524	132858	130829	94.6
MP_E1982_SKQ23_12S	17	15	12	12	12	12	70.6
MP_E1983_SKQ23_12S	129997	124889	124869	124843	124402	123524	95
MP_E1984_SKQ23_12S	117592	113408	113370	113379	113009	112853	96
MP_E1985_SKQ23_12S	95417	89549	89525	89463	88195	86872	91
MP_E1986_SKQ23_12S	131993	127140	127100	127116	126420	125379	95
MP_E1987_SKQ23_12S	82879	79124	79051	79092	78727	78567	94.8
MP_E1988_SKQ23_12S	41	36	36	35	34	32	78
MP_E1989_SKQ23_12S	76793	73411	73283	73369	72161	70622	92
MP_E1990_SKQ23_12S	80042	76955	76892	76902	76583	76015	95
MP_E1991_SKQ23_12S	91009	86566	86527	86506	85551	83588	91.8
MP_E1992_SKQ23_12S	68373	65559	65533	65512	65324	64975	95
MP_E1993_SKQ23_12S	99247	94652	94592	94578	85799	83836	84.5
MP_E1994_SKQ23_12S	71353	63058	63014	63003	62830	62543	87.7
MP_E1995_SKQ23_12S	116369	111044	110995	111001	110420	109688	94.3
MP_E1996_SKQ23_12S	95434	91409	91337	91301	90581	88762	93
MP_E1997_SKQ23_12S	114299	109941	109879	109837	109658	108798	95.2
MP_E1998_SKQ23_12S	52797	49901	49836	49863	49623	49266	93.3
MP_E1999_SKQ23_12S	139622	132345	132258	132199	131396	129981	93.1
MP_E2000_SKQ23_12S	98137	94391	94047	94311	93558	93533	95.3
MP_E2001_SKQ23_12S	66481	63528	63466	63495	63384	63256	95.1
MP_E2002_SKQ23_12S	98319	92891	92780	92843	92119	90936	92.5
MP_E2003_SKQ23_12S	61375	59317	59289	59270	59245	59179	96.4
MP_E2004_SKQ23_12S	42	36	35	32	29	29	69
MP_E2005_SKQ23_12S	122670	116504	116372	116345	115816	115482	94.1
MP_E2006_SKQ23_12S	135352	131160	131135	131133	131093	131077	96.8
MP_E2007_SKQ23_12S	126555	120729	120686	120700	120538	120517	95.2
MP_E2008_SKQ23_12S	70238	66653	66631	66622	66043	65618	93.4
MP_E2009_SKQ23_12S	174957	169607	169567	169574	169423	169407	96.8
MP_E2010_SKQ23_12S	70245	67134	67121	67115	67049	66993	95.4
MP_E2011_SKQ23_12S	337159	326200	325989	325995	325427	325002	96.4
MP_E2012_SKQ23_12S	36	30	28	30	28	28	77.8
MP_E2013_SKQ23_12S	339597	329229	329168	329162	328161	324938	95.7
MP_E2014_SKQ23_12S	310618	301946	301917	301917	301519	301245	97
MP_E2015_SKQ23_12S	502148	488046	487720	487996	486819	485577	96.7
MP_E2016_SKQ23_12S	153761	147208	146959	147019	145120	140711	91.5
MP_E2017_SKQ23_12S	198068	190875	190712	190613	188876	182178	92
MP_E2018_SKQ23_12S	228577	219463	219427	219347	217702	214189	93.7
MP_E2019_SKQ23_12S	145220	137474	137347	137400	136151	133292	91.8
MP_E2020_SKQ23_12S	56774	52968	52942	52950	52310	50966	89.8
MP_E2021_SKQ23_12S	78782	69463	69335	69298	68536	66736	84.7
MP_E2022_SKQ23_12S	156163	149115	148923	149002	147880	144179	92.3
MP_E2023_SKQ23_12S	144074	137513	137362	137256	135582	133107	92.4
MP_E2024_SKQ23_12S	83125	77844	77749	77779	77315	76399	91.9
MP_E2025_SKQ23_12S	210201	203215	203174	203185	202437	200713	95.5
MP_E2026_SKQ23_12S	144168	138297	138264	138219	137798	137010	95
MP_E2030_NC	79529	77248	77208	77242	77158	77153	97
MP_POSITIVE	1143853	1097063	1097044	1095920	1080951	1080385	94.5
