1000564
1001139
1001402
1001423
1001424
1001428
1001431
1001449
1001490
1002521
1002672
1002738
1002886
1002969
1003001
1003008
1003040
1003062
1003076
1003145
1003159
1003624
1003759
1005073
1005351
1006797
1006801
1006821
1006825
1006838
1007244
1007344
1007360
1007371
1007686
1007690
100861
100870
100901
101203
1016880
1017091
101728
1017313
1022852
102628
102631
1027435
1027691
1028523
1028526
1028528
1028613
102899
1029723
102974
1029746
102976
102990
102994
1031125
1031136
1031138
1031141
1031179
1031247
1032745
1034349
1034350
1034373
1034394
1034652
1034751
1035362
1036011
1036991
1037065
1037066
1037237
1037239
1037242
1037244
1037250
1037303
1037304
1037305
1037536
104018
1041511
1041512
1041513
1041932
1041945
1042120
1042627
104270
1043159
1043182
1043183
104449
104460
104537
1045928
1045937
1045938
1045939
1045947
1045948
1045966
1045968
1045976
1046787
1046831
1047188
104777
1048559
1049546
1049555
1049592
104971
1051066
1051287
1051436
1051438
105151
105152
1052040
1053873
105404
105409
1054326
1055892
105605
105608
1056814
105861
105881
105949
1060863
1062037
1062040
106224
1062344
106299
1063749
106386
1064555
1064563
1064566
1064590
1065166
106917
1069389
1069469
1069525
1069859
1069864
1069869
107013
107032
1070346
1070357
107036
1070368
1070613
1070701
1070914
1072375
1073088
107326
1073398
1073618
1073644
1073844
1073936
1075056
1075217
1076758
1077227
107758
1077842
1077871
1078823
107927
1079369
1079936
1079982
1080084
1080927
1080959
1080966
1081868
1081873
1082615
1082617
1082620
1082659
1082663
1082670
1085683
1086043
1086052
1086195
1086264
1086286
1086775
1087125
1087486
1087562
1087576
1087585
1087599
1087665
1087698
1087719
1087823
1087842
1087848
1088214
1088236
1088248
1088443
1088454
1088461
1089214
1089215
1089218
1089223
1089235
1089236
1089237
1089239
1089252
1089256
1089257
1089265
1089303
1091503
109152
1092457
1092540
1093063
1094235
1094466
109461
1096035
1096059
109660
109671
1096883
1097460
1097802
1097825
1098035
1098087
1098270
1098276
1098319
1098334
1098435
1098506
1098532
109854
1098682
1099072
1099094
1099142
1099216
1099322
1099329
1099360
1099557
1099630
1099672
1100063
1100098
110016
110018
1100406
1101009
1101062
1101143
1101182
110189
110193
1102128
1102650
1102934
1103063
1103170
1103195
1103964
1103974
1104025
1104067
1104115
1104144
1104319
110438
1104407
1104535
1104536
1104537
1105129
110520
1105311
1105345
1105419
1105436
1105555
1105562
1105567
1105674
1105675
1105685
1105745
1105818
1105856
1106115
1106186
1106410
1106447
1106469
1106471
1106503
1106604
1106739
1106771
1106853
1106854
1106927
1106960
1106990
1107047
1107070
1107186
1107221
1107228
1107241
1107547
1107548
1107587
1107590
1107642
1107643
1107649
1107654
1107655
1107686
1107696
1107705
1107707
1107714
1107739
1107740
1107764
1107775
1107785
1107805
1107812
1107817
1108003
1108084
1108528
1108701
1108852
1108920
1108961
1108962
1109077
1109402
1109492
1109514
1109519
1109550
1109599
1109762
1110474
1110480
1110715
1110729
1110774
1110778
1110786
1110799
1110911
1110923
1111206
1111399
111171
1112056
1112061
1112383
1112391
1112448
1112466
1112520
1112541
1112543
1112547
1112552
111281
1113145
1113183
1113204
1113379
1114187
1114221
1114222
1114231
1114241
1115403
1115409
1115533
111561
1116918
1116928
1116943
1117027
1117030
1117031
111789
111831
111875
1118922
112026
112027
112028
112030
112031
1120496
112057
1120771
1120773
1120774
112078
1120782
112079
112081
112082
112083
112087
112088
112089
112090
112092
112098
1122293
1122408
112267
112268
1123183
1123195
1124194
1124520
1124550
1124556
112506
112524
112525
112526
112528
1126035
1127431
1127967
1128339
1128503
1128524
1128534
1129703
1130067
1130723
113074
1131323
1131325
113178
1131920
1132009
1132024
1132302
1132395
113336
1134467
1135985
1136352
113644
1137635
1137718
1139002
1139033
1139046
1139047
1139113
1139135
1139157
1139267
1139279
1139302
1139341
1139385
1139392
1139420
1139429
1139437
1139440
1139471
1139605
1139705
1139735
1139812
1139938
114067
1140712
1140760
1140860
1140866
1141006
1141472
1142483
1142712
1142713
1142805
1143041
1143043
114396
1144608
114497
114598
1146996
1146997
114742
114749
1148482
1148483
1148761
1149202
1149953
1150257
1150260
1150261
1150264
1150609
1150633
1150634
115309
115417
115418
115419
115421
115424
1154627
1155102
1155440
1155751
1155755
1155772
1156137
1156569
1156572
1156574
1157699
1157739
1157775
1157803
1157883
1158014
1158016
115846
1158947
115914
1159285
1159339
115940
115943
115944
116065
1160993
1161425
116181
1162241
1162569
1163345
1165381
1165730
1165748
1166759
1166794
1166835
1166840
1166843
1166865
1166874
1166941
1167214
1167535
1167874
1167875
1168138
1168742
1169130
1169133
1169134
117187
1173034
1173396
1173713
1174485
1174594
1174611
1174643
1174644
117514
117521
117523
1177070
1178053
1178094
1178106
1178291
1181784
1182263
118321
1183214
1183401
118369
118375
1184158
1184433
1184682
1185511
1187870
1190534
1190596
1190757
1190758
1191186
119121
119122
119130
119136
119138
119141
119144
119149
119155
1192230
119251
119369
119372
119373
1194254
1194341
1195088
1195093
1195407
1196008
1196157
1196158
1196597
1197235
1197752
1198230
1199162
1199255
120023
120091
1200954
1200955
1201160
1201161
1201560
1202105
1202118
1202772
120297
120341
120396
120398
120407
120415
120416
120418
120419
120421
1204437
120472
1205572
120566
120572
1205956
1205996
1205998
1206025
1206037
1206250
1206275
1206276
1206289
1206316
1206598
1207558
120787
1207874
120807
1208308
120872
120882
1209096
120913
1209572
1209623
1209680
120984
1209937
121045
121062
121138
121149
1211981
1212122
1212136
1212196
1212232
1212291
1212336
1212352
1212370
1212608
1212611
1212816
1212852
1212868
1212928
1212950
1213133
1213204
1213229
1214271
1214567
1215038
1215624
1216122
1216192
1216507
1216509
1216510
1216511
1216543
1216620
1216636
1216757
1217586
1218212
1219120
1219156
1219162
1220207
1220494
1220549
1221834
122197
1222100
1223413
1223490
1223578
122415
1225233
1225393
1226599
1226606
1226721
1226968
1227362
1229231
1229243
1229664
1229736
1229988
1230166
1230847
1230915
1231966
1232011
1232049
123217
1232797
1232802
1233030
123330
1233413
1233435
1233754
1233764
1233765
1233775
1233776
1233799
1233801
1233846
1233847
1233850
1233862
1233866
1234575
1234576
1234587
1235424
1235425
1237361
123753
1238259
123925
1239271
1240444
124099
1240993
1241004
1241005
1241344
1242761
124300
1246314
1246315
1246322
1246323
1246454
1246625
1246668
1247429
1247452
1247455
1247456
1247457
1248244
1248350
1248351
1248366
1249110
1249111
1249112
1249598
1249599
1249610
1249611
1249688
1251011
1251107
1251187
1251196
1251367
1251493
1251496
1251514
1251580
1251699
1251733
1251903
1251941
1251996
1252064
1252168
1252333
1252512
1252576
1254543
1254549
1254965
1254972
1255184
1255212
1255295
1256343
1256362
1256422
1256424
1256469
1256482
1258568
1258569
1260290
1260576
1260604
1260809
1260812
1260819
1260824
1260830
1260833
1260842
1260907
1260912
1260914
1260956
1261281
1261525
1261578
1262068
1262161
1262229
1262250
1262473
1262671
1263168
1263268
1263279
1263281
1263441
1264784
1264946
1265453
1265835
1265878
1265880
1265885
1265890
1265891
1265892
1265900
1265904
1266055
1266083
126655
1266578
1267058
1267140
1267143
1267145
1267241
1267489
1267579
1267907
1268265
1268266
1268267
126844
126845
126846
1269550
1269576
1269599
1269631
1269755
1271694
1273098
127363
1273726
1273727
127402
127442
127443
127480
127563
127718
1277646
1277647
1277936
1277942
1277943
1277948
1278899
1278994
1278997
1279000
1279382
1279387
128043
1280583
1280633
1280837
128131
1281420
1281427
1281428
1281429
1281654
1281656
1282988
1284839
128490
1285095
128533
128537
1285561
1285562
1285578
1285580
1285975
1285981
1286232
1286284
1286426
1286608
1290265
1290468
1290789
1291756
129185
1291906
1291945
1291954
1291975
1292971
1293383
1293389
129342
1293430
129348
129349
129350
129351
129352
129354
129355
129357
129358
1293582
129359
129362
129410
1294304
1294305
1294307
1294308
1294309
1294310
1294311
1294312
1294313
1294316
1294317
1294318
1294321
1294337
1294340
1294341
1294342
1294344
1294345
1294348
1294351
1294352
1294353
1294354
1294355
1294356
1294361
1294363
1294364
1294367
1294368
1294369
1294370
1294372
1294373
1294374
1294376
1294377
1294378
1294380
1294381
1294382
1294383
1294384
1294386
1294387
1294388
1295334
1295496
1295593
1295595
1298549
130004
130026
130033
1300357
1302388
1302610
1302819
1302829
1303728
1304385
1304388
1304399
1304500
1304506
1304811
1306403
1306518
130734
1307430
1308578
1309236
13093
1309390
1309584
1309588
1309596
1310321
1310345
1310351
1310363
131064
131070
13108
131094
131095
131097
1311566
1312072
131350
1315226
1316048
1316060
1316061
1316368
1316369
1316370
1316372
131645
131647
131673
1317301
1317341
1317400
1317432
1317436
1317511
1317553
1317581
1317591
1317595
1317601
1317623
1320192
1320216
1320217
1320218
1320219
1320697
1321403
1321405
1321675
1321687
1321697
13221
1323124
1323384
1323389
1323412
1324369
1324371
1324374
1324850
1324862
1325337
132619
132621
132624
132625
132631
132633
132635
132637
132700
1328066
1329268
1330343
1330517
1331962
1332620
1332911
1333073
1333226
1333294
1333390
1333403
1333838
133427
1334852
1334869
1334880
1334881
1334901
1334917
1335017
1335060
133509
133510
133511
133515
133517
133519
133531
1336491
1336804
1336823
1336872
1336876
1336880
1336882
1336886
1337175
1337248
1337259
1337304
1337688
1337704
1337725
1338270
1338277
1338317
1338344
1338552
133901
133902
1339111
1339129
1339135
1339646
1339972
133999
1341016
1341971
1343520
1343832
134402
1344033
1344364
1344365
1344366
1344368
134455
1345080
1345081
1345082
1345084
1345085
1345087
1345089
1345137
134558
1346093
1346319
1346508
1346509
1346512
134686
1347094
1347097
1347098
1347159
1347342
134763
134765
1347703
1347715
1347772
1348576
1348585
134924
1349620
1349785
1351562
1351856
1352292
1352458
1353388
1354726
135481
135482
135523
1355461
1355945
1357300
135870
1358729
1358901
1358908
1358915
136089
136139
136180
136184
1365925
1366428
1366431
1366432
1366434
1366435
136697
136793
136797
1368477
1368622
1370842
1370955
1370985
1370995
1370997
1371091
1371099
1371133
1371136
1371148
1371155
1371161
1371298
1371347
1371471
1371690
1371739
1371785
1371798
1371841
1371866
1371977
1371978
1371982
1371983
1372382
1372395
1372582
1372620
1373011
1373305
1373387
1373525
137353
137354
1373672
1373820
1374260
1374310
1374433
1374519
1374553
1374805
1374843
1374905
1374914
1375088
1375338
137544
1375446
1375458
1375612
1375890
1375937
1376024
1376035
1376081
1376146
1376414
1376415
1376478
1376480
1376629
1376680
1376704
1376706
1376792
1376908
1376945
1376956
1376982
1377014
1377026
1377030
1377164
1377168
1377185
1377237
137729
1377419
1377458
1377559
1377568
137763
1377710
1377829
1379726
1380089
1380127
1380132
1380738
1380885
1380890
1381113
1381480
1381492
1381662
1381664
1381665
1381666
1381667
1382469
1383031
1383032
1383262
1383453
1383544
1383885
1384709
1384792
1384794
1384851
138538
1385620
1386913
1387563
1388755
1388883
1388885
1390099
1390100
1390112
1390212
1390213
1390214
139045
139046
139056
1390566
1390568
1391049
1391554
1391564
1391618
1391633
1391836
1393003
139386
1394343
1394359
1394383
1394548
1395048
1395096
1396423
139723
139727
139776
1399213
1399299
1399965
1400253
140031
140044
140046
140047
140048
1401010
1401295
1401296
1403453
1403501
1403515
1403516
1403517
1403520
1403533
1403536
1403548
1403549
1404354
140455
140477
1405297
1405418
1405630
1406394
1407008
1407198
1407249
1407322
1407802
1407838
1407859
1407900
1408688
1408693
1408706
1408709
1408738
1410306
1410354
1410384
1410394
1411680
1411890
1411912
141217
1413163
1413812
141400
141403
1414595
1415208
1415209
1415248
1415258
1415260
1415337
1415923
1416941
1417925
1418703
1418739
1418762
1418879
1418960
1420662
1421113
1421114
1421124
1421129
1421134
1421135
1421147
1421149
1421153
1421154
1421166
1421181
1421183
1421185
1421188
1421195
1421200
1421279
1421308
1421331
1421599
1421827
1423201
1424508
1424565
1424568
1424651
1424652
142493
142514
1425312
1425535
1425558
1425570
1425582
1425609
1427387
1428006
1428036
1428038
1428039
1428045
1428046
1428067
1428117
1428120
1428122
1428123
1428124
1428125
1428126
1428127
1428129
1428570
1428664
142889
142890
142891
142892
142894
1429247
143009
1430503
1430541
1430570
1430591
1430703
1430724
1430832
1431149
143167
1431743
1432770
1432772
1432889
1432891
143451
1434516
1434522
143453
1435083
1436027
1436822
1436823
1436824
1437079
143718
143730
143992
1440115
1440116
1440973
1440974
1440983
1441362
1441508
1441511
1441515
1441517
1441575
1441580
1441590
1441593
1441741
1441771
1441772
1442297
1443144
1446065
1446066
1446067
1446092
1446160
1446186
1446230
1446240
1446250
1448053
1450308
1450417
1450477
1450757
1451146
1452785
1452908
1452961
1453176
1453199
1453365
1453366
145430
145438
1454721
1454751
1454942
145522
1455656
145590
145592
145599
145622
1456804
1457066
1458067
1458127
1458305
1460096
1460289
1461452
1461542
1461544
1464020
1464558
1464963
1464978
1464986
1465135
1465138
1465192
146722
146760
1468589
1469959
1469975
1470270
1470271
1470272
1470273
1470289
1470291
1470337
1470711
1470871
1471795
1472009
1472010
1472349
1473169
1473628
1473646
1473657
1473659
1473660
1473662
1473724
1473736
1473751
1473755
1473811
1473833
1473875
1473999
1474015
1474024
1474082
1474180
1474304
1474308
1474347
1474394
1474401
1474417
1474526
1474549
147464
1474726
1474777
1474784
1475171
147615
147702
147703
147705
147706
1477121
1479452
1479453
1480311
1480410
1480445
1480487
1480549
1481425
1481429
1482870
1483203
1483204
1483205
1483207
1483208
1483210
1483211
1483212
1483213
1483862
1483931
1484295
1484298
1484356
1484358
1484360
1484361
1484362
1484363
1484364
1484366
1484368
1484369
1484371
1484378
1484381
1484385
1484478
1484480
1484680
1485010
1485667
1485759
1485807
1486034
1486047
1486650
1486853
1487377
1487379
1487382
1488679
1488812
1488869
1488928
1489012
1489330
1489789
148993
148996
149001
149007
149009
1490146
1490495
149074
1491441
1491479
1492737
1492912
1494270
1494320
1494416
1495320
1495347
1495395
1495436
1496334
1496337
1496607
1497428
1498831
1498849
1498851
1498888
1498920
1501862
1501887
1501903
1502335
1502342
1503317
150365
1503747
1503748
1503763
1503778
1503842
1504017
1504853
1504854
1504858
1504868
1504999
150622
1507127
1507176
150844
1508453
1509260
1509297
1509377
1510733
1511136
1511143
151164
1511676
1512276
1512279
1513313
1513558
1514137
1514150
1514154
151733
151735
1518536
1518623
1518635
1519031
1519357
1519609
1519742
1519752
1519755
1519759
1519765
1519766
1519771
1519776
1519825
1520305
1520307
1520323
1521019
1521059
1522340
1522345
1522444
1522452
1522711
1522713
1522715
1522717
1522718
1524159
1524266
1524654
1525482
1525486
1525714
1525827
1525847
1525866
1525920
1526508
1526557
1526596
1527696
1527923
1527931
1527948
1527954
1527982
1528015
1528026
1528074
1528075
1528098
152925
1529319
1529349
1529414
1529415
1529424
152947
1529900
1531406
1531408
1531440
1531498
153280
1532904
1532940
1532944
1532993
1533001
1533003
1533054
1533059
153394
153405
153427
153438
153446
153466
1534972
1535336
1535340
1535348
1535352
1535353
1535355
1535356
1535358
1535359
1535361
1535362
1535363
1535364
1535365
1535366
1535370
1535373
1535374
1535376
1535377
1535379
1535381
1535382
1535385
1535386
1535387
1535388
1535391
1535392
1535393
1535394
1535395
1535397
1535398
1535399
1535400
1535401
1535402
1535403
1535404
1535405
1535406
1535407
1535411
1535412
1535414
1535423
1535426
1536055
1536091
1536106
1536197
1536355
1536761
1536766
1537815
153828
1538289
1538645
1539167
1539197
1539224
1539306
1540000
1540034
1540035
1540036
1540265
1540897
1541161
1541162
1542051
1542146
1542276
1542469
154329
1545171
1545298
1545448
1545450
1545452
1545458
1545706
1545973
154616
1546212
1546213
1546215
1546244
1547361
1547367
1547370
1547374
1547389
1547486
1548270
154832
154958
1550585
1550590
1550598
1550614
1550622
1551469
1551477
1552771
1552833
1552836
1553010
1553012
1553038
1553053
1553055
1553057
1553088
1553171
1553263
1553335
1553349
1553381
1553477
1553478
1553516
1553572
1553610
1553616
1553642
1553643
1553690
1553779
1553804
1553808
1553811
1553837
1553862
1554456
1554526
1554527
155497
1555401
1555444
1555496
1555611
1555726
1555916
1555923
1555937
1556117
1557749
1557829
1557933
1558021
1558094
1558104
1558110
1558141
1558145
1558183
1558208
1558287
1558329
1558416
1560008
1560379
1560404
1560408
156133
1562018
1562163
1562391
1562475
1562708
1563187
1563190
1564125
1564257
1564259
156628
156629
1566315
1567482
1567491
156845
156852
156854
1569271
1569279
1569467
1569479
1569505
1569514
1569516
1569524
156970
1569778
1569780
1569950
157001
157072
1572527
1573495
157394
1574224
1574269
1577152
1577716
1577725
1577906
1577959
157967
157968
158017
1580631
1580771
1581403
1581710
1582397
1582409
1582917
1582918
1582921
1582924
1582954
1582984
1582989
1583023
1583025
1583027
1583037
1583041
1583043
1583046
1583047
1583057
1583061
1583069
1585297
1585560
1586362
1586422
1586438
158647
1586470
1586489
1586494
158652
1586943
158698
1586991
158710
1587107
158712
1587168
158720
1587229
158723
1587288
158729
1587360
1587371
1587402
1587470
1587969
1587970
1587971
1587972
1587973
1588010
1588011
1588012
1588013
1588014
1588099
1588148
1588260
1588310
1588348
1588442
1588469
1588496
1588532
1588533
1588613
1588618
1588623
1588625
1588626
1588895
1588898
1588901
1588902
1588903
1588904
158986
158987
1591283
1591285
159162
1592482
1592483
1592982
159317
1593366
1593369
1594243
1594253
1594262
1594277
1594323
1595861
1595980
1596184
1596197
1596217
1596221
1596222
1596311
1596323
1596377
1596387
159640
159642
159643
1596523
1596529
1596734
1596789
1596866
1596936
1597137
1597144
1597157
1597533
159833
160068
1601807
1601810
1601811
1601818
1601820
1601824
1601827
1601830
1601831
1602131
1602337
1604253
1604324
1605669
160611
160619
160621
1606505
1606511
1606534
1606794
1608540
1608719
1608928
1609062
1609944
1610086
161044
1610625
161082
1612173
161253
161255
161256
1615047
1615147
1615179
1615303
1615309
1615395
161601
1616779
1617283
1617312
1617969
1618013
162094
162095
162103
162104
162108
162109
162110
162113
162117
162118
162123
162128
1622118
1622213
1622219
162275
1622763
1622768
1622827
1622873
1622974
162637
1628357
1628732
1629172
1629185
1629211
1629214
1629313
1629516
1629532
1629544
1630406
1630631
1631189
1631756
1631799
1631801
1631993
1632203
163333
163334
163335
163341
1633882
1634467
163472
163483
163503
1636292
1636293
1636515
1637455
1637811
1638314
1638374
1638375
1638397
1638478
1638598
1638754
1638924
1639173
1639835
164055
1640647
1641419
1642169
1642459
1642464
1642465
1642945
1642946
1642947
1642948
164328
1644009
1644022
164412
164528
164537
164545
1645904
1645906
1646284
1646298
1646563
1646942
1647518
1649328
1650286
1652005
1652009
1652143
1653093
1653778
1654353
1654809
1654810
1654952
1654974
1655880
1655881
1655959
1656382
1656575
1656667
1656669
1657125
1658325
1658377
1658654
1659330
1659334
1659335
1659353
1659358
1659363
1659365
1659380
1659381
1659406
1659592
1659904
1659931
1659940
1659941
1659962
1659968
1659979
1659987
1659988
1659998
1660578
1660662
1660712
166098
1661939
1661941
1661942
1661944
1661946
1661971
1662104
1662106
1662246
1662303
1662352
1663100
1663125
1663271
1663272
1663273
1663274
1663300
166341
166344
166345
1663686
166369
1663699
1664057
1664059
1664502
1664747
1664927
1664943
1664958
1664959
1664992
166515
166516
1665695
1666492
1666508
1666564
1666585
1666615
1666621
1666706
1666728
1666737
1666760
1666779
1666820
1666853
1667217
1667222
1667272
1667356
1668071
166923
166959
1671780
1671782
1671831
1671904
1672070
1672272
167367
1674415
1674419
1674708
1674754
1674757
1674758
1674774
1674929
1675045
1675079
1675619
1676543
1676579
1676583
1676584
1676585
1676593
1676989
1677008
1677014
1677345
1677474
1677478
1677512
1677568
1677576
1677663
1677789
1678109
1678119
167976
167977
1679985
1680025
1680846
1681558
1681744
1682335
1683866
1683867
1683870
1684122
1684334
1684782
1684955
1685122
1685155
1685326
1685383
1686271
1686275
1686278
1686659
1686670
1686706
1686741
1686754
1686990
1687038
168710
1687127
168719
168724
1687262
1687307
1687373
1687379
168738
1687386
1687467
1687494
168759
168767
1687678
1687708
168771
1687759
168779
1687840
168789
1687913
168794
168796
168817
1688183
1688220
1688446
1688461
1688463
168935
1689358
1689413
1689725
1689729
1689798
1690101
169012
1690265
1690345
1690347
1690353
1690385
169064
1691087
1691948
1692154
1692339
1692357
1692358
1692374
1692384
1692389
1692407
1692409
1692433
1692451
1692462
1692485
1692615
1692623
1692634
1692642
1692645
1692653
1692654
1692658
1692660
1692681
1693513
1693581
1693894
1693973
1694013
1694122
1694159
1694160
1694167
1694168
1694171
1694188
1694206
1694215
1694220
1694228
1694250
1694251
1694255
1694286
1694287
1694298
1694426
1694428
169445
1694585
1694836
1694913
1695028
1695090
1695095
1695208
1695209
1695210
1695211
1695946
1696049
1697421
169771
169774
169778
169782
1698296
1698651
1698793
1698808
1698810
1698814
1698824
1698842
1698848
1698855
1698893
1698909
1698951
1698983
1698992
1699037
1699275
1699276
1699280
1699299
1699301
1699314
1699629
1699740
1699765
1701715
1701732
1702223
1702224
1702228
1702231
1702235
1702609
1704119
1704120
1704121
1704122
1704123
1704124
1704126
1704127
1704128
1704129
1704130
1704450
1704491
1705789
1707117
1707118
1707124
1707687
1707700
1707712
1707830
1708525
170870
1708949
1708952
170903
1709609
1709626
1709689
1709818
1709882
1710095
1710189
1710199
1710241
1710383
1710403
1710410
1710411
1710414
1710521
1710548
1710564
1710567
1710598
1710650
1710760
1711935
1711940
1711943
1711949
1711952
1711954
1711960
1711972
1711975
1712805
1713946
1714247
1714571
1714607
1714608
1714609
1714610
1714611
1715249
1715691
1717487
1717510
1718340
1718343
1718345
1718865
1719425
1720325
1720645
1720646
1720673
1720690
1720692
1720708
1720720
1720741
1720744
1720807
1721950
1722262
172234
1722454
1722746
1722958
1723050
1724799
1725401
1725488
1725518
1725523
1725534
1725536
1725540
1725545
1725553
1725557
1725616
1725639
1725648
172567
1725678
1725834
1726181
1726184
1726273
172659
1726819
1727049
1727108
1727111
1727114
1728103
1728474
1728634
1728730
1728731
1729481
1729547
172961
172966
1729665
172968
172989
1729944
1729945
1730086
1732091
1732104
1732153
1732157
1732507
1732519
1733999
1734002
173452
173457
173468
1735275
173543
173545
1735633
173654
1736704
1737320
1737322
1737323
1738615
1738616
1739626
1739656
173977
1740620
1740750
1740753
1740768
1740915
1740938
1740942
1740993
1741035
1741500
1741549
1741569
1741588
1741647
1741683
1741748
1741752
1741780
1741783
1741821
1741822
1741865
1741976
1741999
1742005
1742031
1742465
1742479
1742533
1742537
1742551
174260
1743098
1743104
1743105
1743250
1743423
1743438
1743444
1743455
1743478
1743479
1743487
1743489
1743630
1743633
1743638
1743651
1743657
1743676
1743698
1743700
1743742
1743770
1743809
1743817
1743854
1743872
1743951
1743977
1744016
1744057
1744067
174407
1744157
1744224
1744244
1744339
1744474
1744524
1744536
1744684
1745192
1745275
1745278
1745283
1745289
1745291
1745578
174576
1746148
1747693
1747752
1747825
174907
1749338
1749345
1749363
1749371
1749728
1749755
1749874
1749998
1750000
1750004
1750019
1750033
1750226
1750283
1750319
1750720
1750721
1750722
1750723
1750735
1752056
1754242
1754259
1754274
1754297
1754366
1754368
1754524
1754622
1754637
1754639
1754699
1754711
1754804
1754819
1754827
1754964
1755686
175592
1756744
1756924
1756978
1758087
1758292
175860
175861
175863
1758758
1759720
1760144
1761922
176275
1762844
1763534
176356
1763602
1763776
1763781
1763789
1763790
1763791
1763793
1763796
1763797
1763798
1763805
1763807
1763809
1763815
1763819
1763821
1763823
1763937
1763948
1764286
1764295
1764367
1764472
1764480
1764482
1764483
1766337
176698
1767030
1767033
1767276
176762
176767
176768
176773
176777
1769401
1770633
1771370
177224
177235
177254
1773891
1774273
1774287
1774299
1775059
1775254
1775516
1775586
1775945
1776302
1777471
1777580
1777590
1777599
1777624
1777630
177772
1778199
1778202
1778215
1778618
1778647
1778831
1779007
1779049
1779068
1779132
1779133
1780260
1780385
1783245
1783325
1783336
1783339
178375
1784035
1784713
178539
178552
178554
1785970
178770
178779
1789750
1789826
1789827
1790137
1790177
1790196
1790284
1790298
1790313
1791110
179143
1791605
1792277
1792278
1792279
1792280
1792566
1793162
1793163
179460
1795678
1796564
1796590
1796596
1796999
1798859
180227
180228
1802957
1803420
1803846
1804039
1804041
1804120
1804121
1804821
1805644
1805947
1806182
1806691
1807721
1807772
180788
180901
1809519
1809541
1809564
1809581
1809585
1809589
1809752
1809754
181222
1812704
1812852
1813796
1815080
1815088
181527
181531
1816082
1816588
1816860
1816891
1816924
1816927
1817072
1817074
1817125
1817215
1817221
1817591
1817594
1817620
1817652
1817659
1817664
1818025
1818077
1818375
181844
1818485
1819311
1819317
1819324
1819327
1819328
1819745
1820162
1821771
1822525
1822576
1822808
1824647
1824651
1824664
1824972
1825121
1825285
1825294
1825469
1825471
1825474
1825475
1825478
1825505
1825506
1825507
1825508
1826028
1826033
1826549
182683
1826830
1827014
182766
182783
182798
1828787
1828788
1828791
1829435
1829477
1829921
183360
183362
183366
183381
1833877
1834020
1835320
1835324
1836467
1836603
1837145
1837245
1837291
1838149
1838173
1838177
1838183
1838187
1838194
1838238
1839203
1840512
1840525
184074
1841648
1842842
1842845
1843197
1843204
1843498
184482
1844824
1844987
1845006
1845016
1845017
1845018
1845093
1845101
184711
184747
184757
184759
184760
184761
1848269
1848298
1848299
1848506
1848540
1849373
185004
1850252
1850501
1850502
1851016
1851141
1851497
1852696
1853005
1855817
1855969
1856470
1856573
1856765
1856766
1857530
1857766
1857975
185802
185804
1858046
185805
1858564
1858662
1858808
1859075
1859079
1859608
185982
1860169
1860188
186039
186040
186043
186163
186175
186178
1861797
1861800
1861802
1861809
1861818
1861820
1861832
1861846
1861847
1861850
1861851
1861852
1861853
1861854
1861855
1861856
1862603
1862976
1862977
1863053
1864008
1864532
1864534
186514
1866319
1867917
1868015
1868228
1869246
1869248
1869249
1869422
1869524
1869539
1869908
1869944
1870005
187002
1870041
1870159
1870162
1870163
1870166
1870367
1870436
1870726
1870962
1871037
1871398
187159
187175
1871801
1871802
1871803
1871804
1871805
1871808
1871931
1871940
1871972
1871993
187201
1872015
1872016
1872036
187207
1873035
1874007
1874010
187406
187407
1874222
1874290
1874419
1874423
1874439
1874444
1874640
1874827
1875022
1875051
1875665
1875667
187600
1876824
1876900
1876902
187695
187701
187719
187732
187762
1877807
1877889
187798
187804
1878058
1878059
1878060
1878061
1878063
187807
187810
187813
187815
1878213
1878734
1878746
1879295
1879399
1879401
1879402
187986
1880496
1880901
1880918
1881681
1881682
1881685
1881724
1881743
1881746
1881751
1881752
1881754
1881758
1881761
1881762
1881763
1881765
1881774
1881777
1881779
1881780
1881781
1881783
1881784
1881785
1881792
1881819
1881905
1881918
1881925
1881931
1881947
1882091
1882106
1882164
1882186
1882210
1882852
1882853
1882855
188290
188323
1883388
1884248
1884431
1884703
1884865
1885081
1885614
1885756
1885801
1886493
1886623
1886624
1886625
1886626
1886627
1886629
1886631
1886632
1886634
1886679
1886919
1886920
1886923
1886928
1886937
1886939
1886953
1886968
1886970
1886977
1886979
1887011
1887015
1887020
1887089
1887104
1887110
1887125
1887185
1887186
1887187
1887191
1887195
1887199
1887212
1887223
1887261
1887263
1887266
1887293
1887297
1887300
1887550
1887585
1887682
1887693
1887704
1887706
1887717
1887722
1887754
1887846
1887849
1887885
1887940
1887959
1887978
1887985
1887990
1887999
1888004
1888011
1888032
1888045
1888048
1888049
1888056
1888067
1888071
1888081
1888087
1888088
1888100
1888101
1888110
1888111
1888112
1888113
1888119
1888122
1888124
1888125
1888128
1888129
1888137
1888207
1888527
1888580
1888669
1888885
1888915
1889064
1889326
1889391
1889545
1889612
1889626
1889831
1889864
1889869
1889876
1889987
1889988
1889989
1890013
1890014
1890411
1890459
1890475
1890515
1890566
1890595
1890603
1890606
1890609
1890825
1890826
1890844
1890871
1890900
1891013
1891014
1891031
1891090
1891256
1891808
1891815
1891821
1891880
1891890
1892515
1892744
1892891
1892916
1893138
1893158
1893350
1893352
1893354
1893360
1893361
1893363
189338
1893385
1893386
1893389
1893390
1893391
1893392
1893455
1893457
1893466
1893468
1893480
1893527
1893625
1893639
1893643
1893646
1893649
1893662
1893669
1893693
1893954
1893974
1893993
1893996
1893998
1893999
1894000
1894023
1894027
1894030
1894096
1894221
1894243
1894316
1894414
1894415
1894418
1894514
1894571
1894596
1894609
1894612
1894669
1894670
1894677
1894709
1894743
1894745
1894747
1894748
1894749
1894751
1894792
1894794
1895109
1895145
1895207
1895255
1895295
1895367
1895372
1895384
1895387
1895390
1895392
1895687
189623
189631
189642
189646
189650
1896702
1896732
1896900
1896963
1897148
189735
1897510
1897513
1897868
1897910
1897928
1897994
1898058
1898129
189839
1898581
1898582
1898585
1899210
1899534
1899925
1900091
1900092
1900093
1900094
190013
1900194
1900365
1900376
1900483
1900499
1900500
1900527
1900547
1900577
1900691
1900692
1900881
1901165
1901218
1901255
1901308
1901310
1901595
1901770
1901801
1901802
1901803
1901814
1901815
1901853
1902042
1902043
190219
1902205
1902207
1902209
1902214
1902222
1902315
1902398
1902401
1902540
1902554
1902558
1902784
1902793
1902845
190327
1903275
190360
1903600
1903602
1903816
190434
190468
1904810
1905135
190575
1906390
1906453
1907001
1907019
1907031
190704
190705
190706
1907066
1907069
190707
1907070
1907074
1907075
1907077
1907082
1907101
1907111
1908283
1908316
1908341
1909206
1909721
1909725
1909737
191036
191067
1911075
1911418
1911540
1911807
1911944
1911946
1911947
1912163
1912169
1912284
1912794
1913415
1913419
1913423
1913961
1913988
1913992
1914092
191423
191432
1914869
1915091
1915152
1915245
1916211
1917030
1917034
1917050
1917069
1917107
1917265
1917360
1917749
191775
1917761
1917762
191788
191797
1918025
1918047
191805
1918065
191807
1918112
1918164
1918169
1918170
1918185
1918271
1918276
1918294
1918327
1918684
1920070
192020
1920612
1920618
192149
1922222
1922250
1922251
1922287
192382
1923904
192395
1923966
192430
1924412
1925428
1925548
1925706
1925760
1926166
1926187
1926223
1926226
1926230
1926242
1926819
1926825
1926920
1926936
1927186
1927215
1927217
1927224
1927226
1927247
1927257
1927272
1927285
1927289
1927304
1927828
1927961
1928706
1928728
1928861
1929327
1929451
192975
1930188
1930294
1930295
1930341
193165
193167
1931722
193173
193174
193175
1932408
1932625
1932632
193290
193291
1932964
1933387
1934728
1934753
1934758
1934784
1935873
1935879
1935889
1935890
1935892
1935903
1935904
1935905
1935909
1935916
1935936
1937395
1937982
1939717
1940093
1940098
1940180
1940749
1940962
1941344
1942464
194329
1943740
1943765
1943767
1943824
1943828
1943835
1943933
1945570
1945824
1949727
1949746
1949754
1949798
1949842
1949988
1950028
1950029
1950030
1950051
1953617
1955105
1955332
1955333
1955416
195545
1955561
1955563
1955566
1955676
195617
1956321
1956349
195639
1956433
1956444
1956460
1956466
1956520
1956563
1956625
1956650
1956678
1956684
1956786
1956808
1956815
1956817
1956819
1956825
1956865
1956982
1957047
1957049
1957050
1958926
195969
1960159
1960691
1960813
1961790
1962580
1962710
1962716
1962718
1962720
1963000
196316
1964287
1965393
196595
1966441
1967480
1967691
1967712
1967720
1967729
1967736
1967871
1968193
1968705
1969383
196946
1969927
1969928
1970217
1971299
1971300
1971301
1971315
197152
1971756
1971771
1971852
1972065
1972066
1972067
1973054
1973074
197330
1973307
1973308
1973457
1973629
1973632
1974142
1974391
1974393
1975174
1975451
1976413
197659
1976653
1976732
1976733
1976736
1976737
1976742
1976744
1976780
1977182
1977308
1977546
1977864
1977865
1977941
1978016
1978023
1978080
1978353
1978354
1978358
1978359
197837
197877
1979195
1979401
1980704
1980723
1980732
1980862
1980863
1980867
1980901
1980903
198116
1981404
1981408
1981409
1981416
1981428
1981430
1981436
1981463
1981476
1981480
1981491
1982022
1982234
1982337
1982404
198241
1982705
1982781
1982785
1982800
1982824
1982826
1982975
1982977
1982984
1982989
1982991
1982995
1982999
1983019
1983024
1983031
1983037
1983052
1983080
1983084
1983129
1983130
1983136
1983146
1983168
1983198
1983202
1983731
1983786
1983993
1985165
1985167
1985168
1985624
1986077
1986138
198618
1986219
1986455
1987023
1987607
1987674
1987721
1987873
1988066
1988229
1988232
1988241
1988242
1988428
1988487
1989031
1989448
1989449
1989450
1989451
1989453
1989454
1989455
1989456
1989458
1989459
1989460
1989461
1989462
1989463
1989464
1989465
1989466
1989467
1989468
1989469
1989470
1989471
1989472
1989473
1989474
1989475
1989476
1989477
1989478
1989479
1989480
1989481
1989482
1989487
198949
1989523
1989524
1989525
1989631
1989639
1989683
1989781
1989795
199018
1990429
199043
199057
199060
199074
1990987
1991020
1991066
199129
1991880
1991903
199206
1992409
1992410
1992411
1992412
1992413
1992414
1992415
1992416
1992417
1992418
1992419
1992420
1992421
1992422
1992423
1992424
1992425
1992426
1992427
1992428
1992429
1992430
1992431
1992432
1992433
1992434
1992435
1992436
1992437
1992438
1992439
1992440
1992442
1992443
1992444
1992445
1992446
1992447
1992448
1992449
1992645
1993904
1993905
1993915
1994359
1994507
199486
199488
1995465
1995466
1995467
1995468
1995469
1995470
1995471
1995472
1995473
1995474
1995475
1995476
1995477
1995478
1995479
1995480
1995481
1995482
1995483
1995484
1995485
1995486
1995487
1995538
1995541
1995636
1995680
1995749
1995799
1995834
1996565
1996604
1996632
1996859
1997219
1997337
1997761
1997816
1998328
1998329
1998330
1998331
1998332
1998333
1998334
1998335
1998336
1998337
1998338
1998339
1998340
1998341
1998342
1998343
1998344
1998345
1998346
1998347
1998348
1998349
1998350
1998351
1998352
1998353
1998354
1998355
1998356
1998357
1998358
1998359
1998360
1998361
1998402
1998431
1998436
1998437
1998443
1998566
1998606
1998609
1998620
1998731
1998732
1998733
1998746
1998771
1998788
1998845
199890
1998931
1998945
199953
1999967
1999976
1999978
2000278
2000307
2000323
2000350
2000873
2000876
2000921
2001442
2001443
2001444
2001445
2001446
2001447
2001448
2001449
2001450
2001451
2001452
2001453
2001454
2001455
2001456
2001457
2001458
2001460
2001461
2001462
2001463
2001464
2001465
2001466
2001467
2001468
2001469
2001470
2001472
2001473
2001474
2001530
2001630
2001631
2001632
2001701
2001716
2001732
2001991
2003107
2003109
2003110
2003111
2003113
2003114
2003115
2003118
200418
2004489
2004496
2004552
2005451
2005453
2005521
2005522
2005526
2005527
2005529
2005530
2005539
2005753
2005762
2005770
2005779
2005780
2005784
2005786
2006943
2006944
2007162
2007163
2007176
2007208
2007250
2007274
2009813
201070
2010997
201230
2012986
2013205
2013222
2013234
2013245
2013246
2013254
2013318
201378
2014823
201501
2015490
2015613
201645
201684
2016918
2017131
2017132
2017144
201731
2017597
2017598
2017640
201963
2020259
2020274
2020319
2021253
202137
2021641
2022663
202272
2023062
2023714
2024362
2024526
2025178
2025205
202533
2025470
2025471
2025851
2025859
2025860
2025861
2025872
2025893
2025898
2025988
2025989
2025990
2025991
2025992
2025993
2026906
2027988
2028013
2028014
2028016
2028484
2029186
202946
2030401
2030519
2030520
2030527
2030566
2031041
2031048
2031100
203266
2032964
2032965
2032973
2032981
2032986
2033078
2033079
2033091
2033093
2033103
2033109
2033225
2033230
2033326
2033344
2033973
2033986
2034045
2035165
2035270
2035277
2035279
2035317
2035971
2035974
2037895
2037903
2037912
2037920
2037932
2037933
2038121
2039474
2039475
2039481
2039622
2039647
203993
2040046
2040077
2040118
2040119
2040120
2040306
2040401
2040406
2040411
2040419
2040520
2041279
2041365
2041381
2041930
2042915
2043170
2043542
2043589
2044565
2044622
2044929
2044930
2044944
204497
2045245
2045247
2045369
2046924
204746
2047717
2047821
2047822
2047823
2048052
2049107
2049134
2049164
2049322
2049386
2049445
2049490
2049908
2049909
2050034
2050698
2050718
2050727
2052355
2052472
2052610
2052637
2052682
2052683
2053088
2053091
2053098
2053099
2053103
2053104
2053105
2053107
2053108
2053109
205321
2053712
2053933
2054050
2054052
2054054
205593
2057967
2058135
2058190
2058195
2058203
2058485
2059235
205924
2060215
2060751
2060973
2061001
2061018
206113
206178
2063213
2063283
2063655
2064561
2064827
2064897
2065307
2065310
2065508
2065581
2065676
2065682
2065698
2065743
2065788
2066057
2066660
2066684
2066694
2066869
206744
206770
2067740
2067865
2067969
2068216
2068639
2068640
206866
2068914
2068951
2069108
2069155
2069168
2069220
2069282
2069432
2069908
2070515
2070516
2070517
2070523
2070528
2070859
2070862
2070863
207110
2071638
2071639
2071658
2072534
2072865
2072966
207463
2077184
2078594
2078642
2078649
2078650
2078667
2079169
2079219
2079221
2079343
207955
207960
2079772
2080229
2080231
2082433
2082445
2082475
2082477
2082478
2082479
2082488
2082489
2083070
2083232
2083271
2083378
2083392
2083507
2083555
2083559
2083610
2083616
2083658
2084030
2084970
2085029
2085046
2085588
2085682
2085728
2086762
2086881
2086891
2086893
209166
209243
2093999
209404
2094408
2094440
209515
209521
2096832
2097493
209976
210010
210195
210419
210441
210620
210626
2107226
2107387
2108982
2108986
2108988
2108989
2108996
2108998
2109000
2109001
2109002
2109007
2109012
2109020
2109021
2109022
2109031
2109039
2109041
2109047
2109049
2109052
2109053
2109054
2109055
2109060
2109063
2109069
2109079
2109081
2109088
2109090
2109092
2109096
2109098
2109102
2109103
2109107
2109111
2109116
2109117
2109118
2109122
2109139
2109146
2109149
2109160
2109163
2109172
2109186
2109190
2109199
2109207
2109210
2109231
2109234
2109239
2109240
2109247
2109248
2109405
2109439
2109461
2109493
2109713
2112508
2113080
2113273
2113852
2114320
2114375
2114378
2114379
2114393
2114580
2114632
2114641
2114643
2114651
2114782
2114840
2114936
2115075
2115077
2115132
2115156
2115157
2115249
2115745
2116078
2116080
2116083
2116084
2116712
211768
2121679
2121877
2122222
2122282
2122285
2122293
2122312
2125992
2125994
2125995
2125998
2126072
2126154
2126261
2126262
2126263
2127546
213157
2133650
2133757
2134330
2134959
2135899
2136100
213639
2137075
2137077
2137078
2137079
2137080
2137081
2137082
2137083
2137084
2137086
2137091
2137111
2137120
2137127
2137132
2137133
2137134
2137137
2137141
2137150
2137327
2137664
2137665
2137668
2138294
2138295
213896
214081
214123
214143
214177
214324
214330
214341
2144354
2144621
2144860
2146429
214887
214962
214978
2150008
2150921
2151001
2151122
2151677
2154234
2154400
215465
2156436
2156473
216057
216182
2163041
2164002
2164056
2164058
2164160
216741
216763
216802
216823
2168491
2168510
2168514
2168522
2168526
2168528
2168531
2168553
2168594
216861
2168622
2168635
2168648
2168654
2168665
216927
2169487
2170319
2170623
2170639
2171454
2171460
2171472
2171480
2171482
2171483
2171565
2171777
2171934
217232
2172543
217255
2172551
2172556
2172557
2172574
217258
2172626
2172632
2172654
2172655
2172656
2172661
2172679
2172688
2172692
2172693
2172699
2172703
2172709
2172714
2172719
2172723
2172728
2172742
2172754
2172764
2172767
2172770
2172775
2172779
2172780
2172781
2172784
2172795
2172802
2172807
2172886
2173169
2173257
2173258
2173322
2173347
2173398
2173731
217427
217479
217480
217481
217482
217487
2175031
2175103
2175193
2175341
2175360
2175537
2175538
2175550
2176021
2176022
2176023
2176024
2176025
2176026
2176027
2179886
2179887
2179890
2179891
218138
2182038
2182078
2183133
218315
2185081
2185085
218663
219083
219348
2194556
219465
219653
2196546
219661
2198103
2199363
2200916
2201052
2201058
2201168
2202236
2202239
2202252
2202698
2202863
2202949
2202993
2203029
2203057
2203275
2203277
2203294
2203577
2203735
2203746
2203809
2203893
220402
2204229
2204261
2204297
220647
2206479
2206487
220649
2206504
2206507
2206515
2206518
2206523
2206616
2206635
220707
2207955
2209014
2209015
2209016
2211573
2211577
2211591
2211616
2211618
2211620
2211628
2211630
2211634
2212018
2212094
2212102
2212105
2212136
2212251
2212400
2212401
2212507
2212514
2212895
2212929
2212938
2213086
2213927
2215139
221518
2215534
2215800
2216102
2216119
2216320
2216565
221724
221743
2217865
2217895
2217897
2217901
2218435
2218788
2218819
221933
2219833
2219842
2219843
222013
2227842
2227959
222798
2227993
2228113
2228241
222890
2229780
2229960
2230218
2230276
2230287
2232884
2232957
2232971
2232991
2233002
2233007
2233019
2233032
2233386
223364
2233781
2233962
2234140
2234142
223528
223746
223818
224115
2241761
2241795
2241889
2243769
2243776
224616
2246490
224785
2248109
2248432
2248435
2248437
2248550
2248552
2248553
2248555
2248557
2248558
2248559
2248560
2248561
2248562
2248563
2248564
2248565
2248566
2248567
2248569
2248570
2248571
2248572
2248573
2248574
2248575
2248576
2248577
2248578
2248581
2248582
2248583
2248604
2248642
2248643
2248644
2248645
2248672
2248687
2249356
2249493
2249956
2250000
2250261
2250443
225150
2259358
2259400
2259401
2259682
2259688
2259711
2259718
2259720
2259820
2260805
2262270
2263510
2263603
2263608
2263665
2263759
2263765
2265911
226689
226824
2268451
226851
2268605
2268635
2268652
2268662
2268671
2268672
2268674
2268683
2268691
2268711
2268932
2269617
2269865
2269867
2269939
2275479
227548
2275494
2275549
2275736
2276200
2280903
2281270
2281524
2282616
228265
2282857
2283402
2283419
228347
2283588
2283839
2285064
2285065
228749
2288480
228916
2291360
2291854
2291878
2292268
2292806
2292808
2292814
2292816
2294014
2295533
2295880
229672
2300341
2301380
2301406
2301597
2301598
2302357
230273
230375
2304003
2304005
2304006
2304007
2304008
2304009
2304010
2304012
2304015
2304017
230405
2304115
2304116
2304117
2304118
2304119
2304120
2304121
2304122
2304123
2304124
2304125
2304126
2304127
230428
230431
230434
230439
230441
230442
230445
230447
2304540
2304702
2304705
2304711
2304753
2304783
2304799
2304836
2304845
2304885
2304910
2304915
2305083
2305096
2305098
2305477
2305713
2305843
2305844
2305950
2305987
2307562
2307773
230839
2308399
2308494
230862
2308948
2309088
230981
230982
230985
230986
2310394
231620
2316212
2316228
2316234
2316462
2316691
2317303
231751
2317777
2318455
2318522
2318560
2318564
2318890
2318913
2319019
2319159
231958
2319816
2320969
2321093
2321453
2321457
2321462
2321477
2321499
2321500
2321501
2321512
2321590
2321640
2322103
2322214
2322223
2322422
2322432
2322564
2322566
2322567
2322568
2322682
2323009
2323014
2323022
2323151
2323284
2323367
2323378
2323379
2323741
2324731
2324735
2324751
2324777
2324820
2324880
2324881
2324882
2324884
2324907
2325244
2325324
2325332
2325612
2325628
2325811
2326084
2326373
2326389
2327164
2327301
2327446
2327453
2327686
2327709
2327813
2327853
2328297
2328298
2328299
2328626
2328866
2328867
2328877
2329031
2329143
2329144
2329184
232941
2329773
2329846
2329880
2329881
2329887
232997
2329982
2329983
2329986
2329993
2329995
2329996
2329999
2330088
2330252
2330338
2330340
2330445
2330450
2330526
2330591
2330619
2330818
2330828
2330843
2331145
2331146
2331149
2331265
233135
2331363
2331375
2331510
2331514
2331517
2331528
2331533
2331538
2331544
2331552
2331555
2331562
2331566
2331569
2331720
2331794
2331795
2331796
2331830
2331832
2331916
2331917
2332348
2332349
2332361
2332385
2332386
2332387
2332640
2332641
2332671
233271
2332716
2332731
2332733
2332735
2332763
2332765
2332766
2332767
2332770
2332849
2332850
233296
2333220
2333221
2333255
2333261
2333568
2333602
2333773
2333887
2333921
2333971
2333991
2334093
2334095
2334096
2334158
2334270
2334271
2334272
2334276
2334350
2334351
2334353
2334354
2334355
2334358
2334359
2334363
2334369
2334371
2334372
2334374
2334402
2334407
2334408
2334410
2334411
2334412
2334413
2334417
2334420
2334429
2334435
2334438
2334444
2334446
2334449
2334451
2334458
2334459
2334460
2334465
2334467
2334470
2334474
2334475
2334479
2334481
2334483
2334486
2334488
2334489
2334492
2334496
2334498
233458
2334704
2334757
233479
2334818
2334922
2334959
2334960
2334962
2334966
2334968
2334969
2335430
2335685
2335741
2335763
2336231
2336261
2336264
2336268
2336269
2336437
2336517
2336518
2336522
2336525
2336778
2336816
2336818
2337084
2337094
2337146
2337147
2337628
233764
2338365
2338370
2338572
2339118
2339119
2339146
2339150
2339891
2339899
2339941
2339971
2339972
2339973
2339981
2340011
2340042
2340054
2340078
2340082
2340336
2340385
2340406
2340409
2340805
2340827
2340842
2341111
234747
2348539
2348611
2348803
234950
234951
235480
235537
2355673
2356056
2357650
2358479
2358787
2358811
2359138
236040
2360503
2360684
236074
2361018
2361030
2361051
2361112
2361113
2361117
2361118
2361119
2361120
2361122
2361123
2361125
2361128
2361130
2361132
2361133
2361135
2361136
2361137
2361138
2361140
2361141
2361142
2361147
2361149
2361150
2361152
2361158
2361159
2361161
2361162
2361167
2361169
2361171
2361172
2361177
2361181
2361182
2361183
2361184
2361185
2361186
2361189
2361190
2361609
2361610
2361611
2361684
2361740
2361906
2362034
2362191
2362192
2362194
2362300
2362354
2362520
2362586
2362587
2362589
2362590
2362748
236278
236286
2362874
2363030
2363040
2363359
2363427
2364468
2364986
2366186
2366193
2366205
2366264
2366288
2367112
2367137
236714
2367216
2367217
2367229
236787
2370717
2372348
2372657
2373897
2373901
237398
2373980
237413
237455
237457
2374659
2374669
2375077
2380247
2380280
2380301
2380366
2381153
2381693
2381702
2382032
2382033
2384850
2385227
238784
239
2394313
2394979
2395097
2395596
2395644
2395824
2395837
2395847
239731
239968
2401866
2402018
2402028
2402044
2402063
2402298
2402313
2402372
2402462
2403261
240811
240813
240815
240816
240821
2409139
241031
2411485
241173
2412458
241406
2414868
2414896
2414913
2415226
2416040
2416741
2417731
2418703
2419522
2419670
2423705
242441
2425313
242550
242715
242718
242719
242721
242722
242724
2427546
2427633
2427678
242860
243387
243391
243411
243412
2434200
2434212
2434225
2434227
243734
2440503
2440504
2440935
244122
2441396
2441402
2441406
2441456
2441465
244167
2443950
244423
244535
244581
2446942
2447595
2447596
2447597
2447727
2447729
2448078
2448084
2448426
2448513
2449106
2449125
2449134
245139
2451558
2451564
2451565
2451566
2451573
2451576
2451585
2453067
2453074
2454983
2455179
2455210
2455267
2455478
2455497
2455602
2455671
2456319
2456745
2457935
2457936
245844
2459252
2459258
2459320
2459433
2459535
2460232
2460283
2460530
246121
246123
2461356
2461490
2461501
2461689
2461989
2461996
2461998
2462000
2462004
246331
2463464
2463469
2463470
2463471
2463652
2463653
2463654
2463655
2463656
2463657
2463658
2463659
2463660
2463661
2463662
2463663
2463664
2463665
2463666
2463667
2463668
2463669
2463670
2463671
2463672
2463673
2463674
2463675
246422
2464688
2464746
2464747
2464748
2464749
246892
246894
2469913
2469917
246994
247006
2472067
2472300
2472301
2472557
2472733
247283
247290
247416
2474601
2475327
2475347
2475418
2475420
2478235
2478237
2478552
2478748
2478752
2478896
2478939
2479611
2479627
2479628
2479785
2480062
2480942
2480980
2481149
2481429
2481437
248212
248213
2482178
2482182
2482183
2482184
2482185
2482186
2482187
2482188
2482223
2482224
2482225
2482226
2482227
2482231
2482359
2482360
2482367
2482368
2482369
2482370
2482374
2482375
2482376
2483063
2483240
2483247
2483249
2483254
2483365
2483379
2483501
2483568
2483654
2484005
2484258
2484273
2484282
2484337
2484538
2484546
2484551
2484689
2486082
2486710
2487003
2487004
2487096
2487158
2487433
2487506
2488152
2488182
2488299
2488312
2488395
2488510
2488735
2488822
2489161
2489731
2489858
2489886
2489985
2490366
2490371
2490940
2491260
2491349
2491451
2491467
2491470
2491511
2491532
2491538
2492276
2492666
2492671
2492843
2493253
2493261
2493264
2493273
2493309
2493312
249398
2493998
2494848
2494939
2494942
2494969
2494971
2494980
2495144
2495164
2495178
2495242
2495246
2495252
2495268
2495281
2495285
2495287
2495292
2495295
2495300
2495322
2495325
2495575
2495584
2496075
2496366
2496497
2496803
2497326
2497848
2497849
2498021
2498059
2498359
2498475
2498716
2498842
2499528
2499530
2499554
2499557
2499561
2499563
2499564
2499565
2499800
2500676
2501433
2502264
2502266
2502395
2502490
2503158
2503181
2503208
2503214
2503219
2503253
2503288
2503361
2503376
2503437
2503447
2503449
2503453
2503491
2503493
2503504
2503520
2503533
2503538
2503549
2503551
2503628
2503634
2503651
2503652
2503653
2503654
2503655
2503656
2503657
2503658
2503659
2503660
2503661
2503662
2503663
2503664
2503665
2503666
2503668
2503669
2503670
2505111
2505112
2505115
2505118
2505119
2505120
2505123
2505146
2505282
2505559
2505943
2505944
2505945
2506114
2506486
2506492
2506548
2506769
2507044
2507077
2507364
2507373
2508607
2508993
2509437
2509596
2509829
2509850
2510623
2510632
2510774
2510984
2511115
2511147
2511165
2511822
2511829
2512186
2512188
2512206
2512231
2512232
2512239
2512412
2512433
2512442
2512474
2512477
2512556
2512572
2512573
2512583
2512591
2513252
2513434
2513447
2513494
2513564
2513702
2513968
2513978
2513982
2513995
2514798
2514799
2514802
2514803
2514807
2514808
2514809
2514810
2514811
2514813
2514814
2514959
2514971
2514985
2515061
2515389
2515697
2516208
2516226
251658
2517915
2518396
2518397
2518398
2518399
2519479
252133
2522627
2522629
252466
252668
252669
252671
2528262
252829
2529179
253174
253176
2532562
2532601
253329
2534983
2535222
2535262
2535305
2535307
2535309
2535693
2538601
253979
254093
254095
2541557
2541746
2541748
2542442
254285
2543612
254362
2544589
2545924
2546476
2546882
2547047
2547159
2547160
2547545
254849
2548565
2548566
2548596
2548597
2548600
2548686
2548696
2548780
2548950
2549023
2549064
2549135
2549159
2549171
2549228
2549440
2549457
2549742
2550077
2550098
2550176
2550192
2550193
2550367
2550368
2550548
2550573
2550574
2550610
2550611
2550612
2550613
2550661
255163
255165
255166
255256
2553183
2553420
2553421
2553468
2553504
2553566
2553624
2553714
2553760
2553801
2553911
2554041
2554042
2554103
2554498
2554649
2554704
2554705
2554706
2554784
2554785
2554787
2554788
2554789
2554834
2554894
2555136
2555137
2555138
2555139
2555140
2555141
2555194
2556859
255724
2557353
2557380
2557404
2557434
2557460
2557493
2557494
2557495
2557496
2557500
2557502
2557520
255789
2558399
2559105
256004
2560869
2561089
2561097
2561098
2561154
2561190
2561267
2561305
2561412
2561458
2561477
2561481
2561522
2561597
2561614
2561631
2561846
2561917
2561960
2562047
2562063
2562531
2562830
2562861
2562892
2563127
2563684
2563701
2563896
2565274
2565275
2565277
2565733
2565734
2565740
2565742
2565943
2565946
2565958
2566090
2566306
2566559
2566592
2566692
2566702
2566767
2566774
2566816
2566824
2567024
2567064
2567161
2567178
2567363
2567366
2567731
2567752
2567906
2567908
2567987
2568365
2568481
2568483
2568484
2568485
2568486
2568686
2569170
2569196
2569229
2569288
256936
2569915
2570988
2570995
2571001
2571216
2571492
2572395
2572786
2572793
2572802
257334
2574745
257545
257549
257557
2575620
257566
257569
2575701
257571
257577
257578
2575792
257581
2575810
257582
257585
2575914
2576136
2576333
2576608
2576609
2576658
2576783
2576784
2576787
2576788
2576789
2578218
2578266
2578499
2578508
2578608
2578619
2578622
2578691
2579334
2579356
2579396
2579442
2579444
2579513
2579709
2579713
2579811
258025
2580886
2580887
2581108
2581229
2581296
2581297
2581302
2581402
2581428
2581577
2581589
2581597
2581598
2581659
2581673
2581688
2581722
2581795
2581835
2581836
2581921
2581999
2582012
2582036
2582050
2582073
2582075
2582204
2582717
2582718
2582719
2582723
2582724
2583056
2583061
2583227
2583407
2583725
2583726
2584053
2584175
2584310
2584318
2584372
2584410
2584442
258581
2586301
2587861
2587910
2588555
2589376
2589717
258989
259064
2590950
2591536
2591644
2591726
2592936
2592949
2592988
2593915
2594727
2594745
2595064
2595257
2595319
2595384
2595485
2595613
2596253
2596515
2596517
2596521
2596523
2596524
2596698
2596842
2597029
2597066
259719
259720
2597263
2597268
2597364
2597375
2597563
259825
2598530
2598926
2599095
2599305
2599346
2599369
2599387
2599508
2599948
2600076
2600282
2600290
2600325
260093
2602014
2602739
2602919
2603282
2603644
2603971
2603982
260499
2605035
2605747
2605939
2606404
2606714
2607067
2607083
2607085
2607193
2607279
2607325
2607330
2607331
2607333
2607385
2608095
2608096
2608253
2608293
2608611
2608613
2609238
2609969
2610095
2610102
2610199
2610352
2611206
2611262
2611268
2611563
2611624
2611755
2611855
2612000
2612192
2612193
2612312
2612490
2612491
2612527
2612741
2612748
2612803
2612863
2613055
2613160
2613300
2613542
2613561
2613624
2613630
2613642
2613669
2614030
2614037
2614791
2615131
261870
262328
262673
262717
264047
264050
264052
264059
264065
264068
264074
264117
264121
264219
264235
264247
264248
264261
2650812
2651548
2651559
2651588
2652061
2652063
2652706
2652760
2652770
2653481
2653595
2653597
265360
2653604
2653605
2653606
2653607
2653608
2653610
2653611
2653619
2653681
2653729
2654239
2654397
2654948
2655341
265543
2655495
265552
265559
265563
265564
2655678
265575
2655972
2656216
2656991
2657002
2657139
2657188
2657375
2657392
2657414
2657420
265745
2657590
2657621
2657794
2657819
2657930
2658014
2658015
2658017
2658019
2658026
2658027
2658030
2658031
2658039
2658063
2658086
2658128
2658197
2658201
2658204
2658217
2658255
2658288
2658374
2658375
2658435
2658452
2658461
2658471
2658482
2658620
2658717
2658762
2658775
2658776
2658791
2658796
2658959
2658986
2659035
2659058
2659076
2659245
2659286
2659287
2659308
2659366
2659400
2659472
2659474
2659525
2659526
2659531
2659540
2659586
2659678
2659690
2659694
2659697
2659740
2659873
2659874
265988
2659889
2659940
2659972
2660065
2660089
2660098
2660113
2660291
2660325
2660408
2660646
2660647
2660788
2660945
2660963
2660971
2661038
2661040
2661090
2661205
2661222
2661233
2661308
2661325
2661422
2661474
2661617
266170
2662032
2662110
2662111
2662603
2662786
2662861
2662875
2663063
2663345
266374
2664504
2665418
2665712
2666223
2666599
2666909
2667103
2667317
2667340
2667343
2667346
2667474
2667544
2667998
2668030
2668035
2668036
2669209
2669762
2670393
267067
2672186
2672261
2672263
2672290
2672314
2672415
2672417
2672428
2672431
2672433
2672437
2672479
2672484
2673377
2673493
2675548
267565
267566
267567
2675868
2676199
2676357
2678218
2678236
2678332
2678430
2678431
2678438
2679165
2679176
2679664
2679811
267982
267983
2679861
2680147
2680214
2680274
2680283
2680344
2680389
2680400
2680492
2680635
2680683
2680727
2680820
2681021
2681067
2681279
2681392
2683703
2684442
268562
268570
2686361
2686362
2686363
2686365
2686440
268709
2689683
2689685
2689687
2689698
2689810
2689818
2689901
2689910
2689911
2689920
2689927
2689928
2689936
2689939
2689940
2689948
2689969
2690829
2691099
2691113
2691138
2691625
2691627
2691628
2691779
2691818
2691820
2691825
2691827
2691828
2691830
2691877
2692152
2692154
2692155
2694808
2694815
2694819
2694825
2694826
269501
269511
2695228
269554
2696295
269645
2696744
2696911
2697010
269710
2698655
2698778
2698779
2698780
2698781
2699210
2699213
2699503
270052
2703533
2703759
2703797
2703830
2704181
2704260
2704393
2704399
2704403
2704425
2704520
2705901
2705983
2706138
2706822
2707169
2707543
2707620
2707709
2707880
2707967
2708265
2708373
2708377
2709482
2709487
2709488
2709489
2709513
2709522
2709523
2709525
2709526
2709527
2709528
2709530
2709531
2709532
2709533
2709536
2709537
2709538
2709539
2710138
2710139
2710140
271027
271030
271036
2710708
2711120
2711122
2711123
2711124
2711194
271217
2712280
2712948
2713041
2713153
271454
2714553
2714565
2714763
2714815
2714818
271501
2715035
2715045
2715160
2715839
2716568
2716577
2716593
271690
2717298
2717386
2717456
271770
271776
2718762
2718764
2718767
2718792
2718849
2718995
2719059
2719073
2719088
2719108
2719128
271940
271985
2719893
2720067
2721091
2721092
2721093
2721152
2721274
2721592
2722058
2722124
2722241
2722441
2722546
2722618
2722935
2723262
2723268
2723279
2723322
2723324
2723325
2723351
2723356
2724135
2724356
2724432
2724434
2724445
2724446
2724447
2724871
2724933
2725250
2725370
2725501
2725513
2725701
2725800
2726012
2726028
2726440
2726812
2726915
2726919
2726920
2726925
2726927
2726928
2727171
2727299
2727323
2727362
2727386
2727595
2727631
2727704
2728052
2728081
2728181
2728185
2728261
2728273
2728276
2728280
2728287
2728288
2728301
2728305
2728306
2728307
2728308
2728312
2728315
2728316
2728321
2728329
2728332
2728337
2728339
2728340
2728343
2728344
2728350
2728351
2728352
2728424
2728425
2728426
2728459
2728464
2728469
2728478
2728483
2728484
2728487
2728488
2728490
2728501
2728504
2728507
2728508
2728526
2728563
2728627
2728743
2728764
27291
2729312
2729313
2729317
2729321
2729333
2729430
2729513
2729515
272952
2729528
2729529
2729534
272967
2729702
2729713
2729778
2730098
273010
2730236
2730341
273041
2730666
2731013
2731912
2731915
2732593
27334
2733687
2733710
2733711
273398
2734784
2734864
2735341
2735482
2735832
2736620
2736754
2737303
2737322
2737324
2737328
2737329
2737330
2737333
2737335
2737340
2737341
2737352
2737353
2737355
2737356
2737358
2737359
2737362
2737365
2737377
2737381
2737382
2737389
2737390
2737403
273752
2737820
2737911
2737912
2737996
2737999
2738001
2738003
2738144
2738148
273818
273821
273832
273849
2738844
2738849
2738936
2738937
2738943
2739665
27397
2740067
2740715
2740824
2741456
2741703
2741915
2742016
2742028
2742071
2742166
2742504
2742569
2742850
2742851
2743645
2744051
2744090
2744294
2744341
27454
2745558
2745563
2746082
2746095
2746185
2746190
2746225
2746232
2746233
274624
274628
2746429
2746461
2746488
2746526
2746538
2746540
2746965
2747006
2747023
2747033
2747049
2747050
2747051
2747053
2747061
2747062
2747070
2747152
2747156
2747167
2747176
2747178
2747390
2748286
2748608
2748664
2749128
2749152
2749159
2749160
2749161
2749162
2749164
2749165
2749167
2749168
2749169
2749170
2749171
2749172
2749175
2749176
2749178
2749179
2749181
2749247
2749251
2749994
2751788
2751809
2751836
2751896
2751899
2752518
2752742
2752756
2752942
2752960
2752962
2752964
2752982
2753054
2753086
2753165
2753167
2753723
2753925
2754053
2754167
2754222
2754237
2754243
2754253
275432
2755173
2755451
2755476
2757703
2758457
2758538
2758596
2758597
2759136
2759522
2759717
2759778
2759786
2759930
2760071
27602
2761512
2762324
2762339
2762486
2762523
2762663
2762702
2762703
2763099
2763156
2763160
2763162
2763165
2763272
2763273
2763442
2763447
2763974
2764186
2766768
2766788
2766790
2766791
2766993
2767057
2767590
2767799
2768172
2768722
2768730
2769
2769351
2769507
2769529
2769876
2769878
2769896
2769908
2769986
2769988
2770324
2770516
2770552
2770754
2770757
2770866
2771305
2771329
2771340
2772883
2772917
2772927
2772940
2772941
2772988
2772992
2773026
2773030
2773107
2773110
2773111
2773112
2773154
2773627
2775080
2775159
2775404
2775900
2775994
2776015
2776017
2776950
2777548
2777822
2777826
2778049
2778316
2778683
2778684
2778796
2778894
2778895
2779270
2780037
27801
27804
2780910
2781153
2781605
2782
2782415
2782423
2782460
2782693
2782747
2782778
2782790
2782792
2782840
2782844
2782914
2782917
2782951
2783015
2783068
2783145
2783148
2783150
2783151
2783282
2783310
2783312
2783314
2783362
2783366
2783429
2783684
2785911
2785935
2786973
2787427
2789054
2789056
2789190
2789191
2789192
278976
2790135
2790140
2790179
2790180
2790512
2790695
2790734
2790757
2790758
2790771
2790863
2790905
2791086
2791217
2791244
2791315
2791316
2791317
2791332
2791334
2791336
2791377
2791396
2791409
2791415
2791425
2791432
2791530
2791541
2791591
2791599
2791600
2791625
2791783
2791789
2791797
2791853
2791883
2791901
2791933
2792423
2792424
2793024
2793249
2794067
27942
2795334
2795335
2795337
2795340
2795343
2795450
2795671
27957
279588
2796155
2796156
27965
27967
2796988
2797178
2797234
2797252
2797253
2797254
2797378
2797383
2797404
2797668
2797732
2797755
2797809
2798234
2798238
2798244
2798358
2798770
2799173
2799214
2799507
2800451
2800455
2800457
2801070
2801072
2801395
28015
2802085
2802091
2802153
2802156
2802168
2802829
2802847
2803060
2803201
2803249
2803454
2803603
2803604
2803606
2803865
2803891
2804012
2804332
280434
2805110
2805668
2805977
280689
280699
2806994
2808972
2809013
2810512
2811299
2811325
2812066
2812068
2812069
2812070
2812071
2812073
2812165
2812195
2812774
2813067
2813607
281364
2813662
2813749
2813750
2813871
2813946
281400
281402
2814064
2814440
2814461
2814463
2814483
2814569
2814578
2814579
2815162
2815561
2815564
2816348
2816357
2816377
2816379
2816992
2817068
281719
281732
2817558
2817889
2817918
2817933
2818196
2818206
2818209
2818210
2818213
2818217
2819025
2819103
2819629
2819630
2819631
2819634
2819669
2820002
2820187
2820731
2820778
2820864
2820953
2821009
2821011
2821012
2821017
2821020
2821027
2821421
2821452
2821813
2822403
2822404
2822406
2822408
282271
2822734
2822969
2822972
2823162
2823407
2823493
282351
282368
2823680
282377
2823906
2824788
2824802
2824860
2824861
2825873
2825917
2826157
2827003
2827493
2828429
2828442
2828784
2829
2829074
2829454
2829675
283007
2830291
283053
2831026
2831123
2831196
2831197
2831280
2831310
2831404
2831408
2831409
2831426
2831456
2831491
2831661
2831741
283372
2834165
2834169
2834189
283432
2834360
2834376
2834557
2834945
2834947
2834952
2834959
2834979
2834988
2834989
283505
283510
283532
283554
283555
2835815
2835843
283586
283591
2836056
283613
2836743
2836746
2836751
2836773
2836779
2836780
2836781
2836818
2836851
2836996
2836997
2836998
2837017
2837028
2837038
283763
283781
2838060
28381
2838146
2838337
2839104
283926
2839831
2839858
284005
2840995
2841068
2841070
2841636
2842456
2843
2843183
2843287
2845301
2845313
2845368
2845374
2847024
2847026
2847557
2847958
2849162
2849225
2849353
2849400
2849402
2849776
2849803
2850255
2850294
2850453
2850695
2850698
2850963
2850964
2850965
2850966
2850967
2850968
2850969
2852058
285277
2853
2853202
2853203
2853204
2853211
2853816
2853999
2854415
2854417
2854425
2854426
2854427
2854428
2854429
2854442
2854586
2854611
2854622
2854630
2854631
2854632
2855582
2855595
2855640
2855748
2855758
2855781
2855841
2855869
2856
2856202
2856205
2856208
2856209
2856210
2856211
2856215
2856217
2856220
2856221
2856224
2856225
2856226
2856270
2856272
2856273
2856275
2856276
2856277
2856360
285644
2856827
2857064
2857141
2857147
2857150
2857155
2857165
2857170
2857174
2857255
2857277
2857282
2857294
2857303
2857308
2857313
2857316
2857327
2857433
2857434
2857440
2857442
2857453
2857462
2857465
2857466
2857475
2857476
2857712
2857722
2858
2858263
2859402
2859445
2859449
2859699
2859795
2859798
2859799
286032
2860530
2860643
2860649
2860695
286115
2861412
2861414
2861485
2861499
2861502
2861578
2861591
2861634
2862885
2862975
2863097
2863223
2863329
2863525
2863720
2863749
2864102
2864185
286419
2865031
2865035
2865037
2865058
2865076
2865079
2865081
2865134
286528
2865852
2866
2866049
2866279
2866420
2866776
2866777
2866778
2867069
286727
2867344
2867609
2867697
2867851
2868085
2868128
2869304
2870707
2871267
2871268
2871269
2871270
2871271
2871272
2871273
2871274
2871275
2871276
2871277
2871278
2871279
2871280
2871281
2871397
2871399
2871407
2872
2872296
2872739
2872750
2872751
2872752
2872775
2872834
2872870
2872873
2872936
2873017
2873081
2873163
2873194
2873205
2873209
2873366
2873367
2873368
2873713
2873717
2874298
28743
2874300
2874301
2874303
2874304
2874818
2874971
2875607
2875624
2875724
2875741
2875758
2875761
2876
2876032
2876240
2876263
2876268
2876283
2876290
2876340
2876354
2876388
2876409
2876410
2876422
2876431
2876432
2876438
2876444
2876462
2876495
2876578
2876579
2876703
2877515
2877641
2877656
2877662
2877669
2877673
2877674
2877692
2877859
2878440
2879117
2879400
2879514
2879548
2879549
2879550
2879552
2879553
2879559
2879560
2879686
2879969
2880
2880107
2880149
2880206
2880215
2880979
2881062
2881085
2881100
2881129
2881140
2881196
2881198
2881493
2881495
2881506
2881595
2881660
2881675
2881727
2881732
2881885
2881917
2881957
2881971
2881992
2881996
2882143
2882184
2882192
2882261
2882376
2882404
2882407
2882408
2882412
2882413
2882416
2882417
2882423
2882425
2882431
2882454
2882505
2882546
2882604
2882648
2882651
2882686
2882843
2882904
2882928
2882984
2883017
28835
2883825
2884020
2884356
2884797
2884798
2884931
2884934
2885156
2885602
2886513
2886608
2886633
2886657
2886746
2886769
2886860
2887105
2887129
2887169
2887227
288723
288770
288773
2888509
2888552
2888642
2888807
2888827
2889
2889061
2889064
2889065
2889066
2889179
2889216
2890377
2890431
2890435
2890579
2890583
2890613
2890618
2890619
2890625
2890630
2890660
2890661
2890662
2890671
2890674
2890717
2890741
2890781
2890956
2891148
2891319
2891600
2891797
2891966
2892110
2892112
2892125
2892141
2892711
2892811
2892814
2892869
2892955
2892963
2892967
2893
2893202
2893595
2893596
2893631
2893883
2893885
2893886
2893974
2895947
289596
289597
289599
289600
289601
289602
289603
289604
289605
289607
289609
2896092
2896093
2896094
2896095
2896096
2896097
2896098
289610
2896100
2896101
2896102
2896103
2896104
2896105
2896106
2896107
2896108
2896109
2896110
2896111
2896112
2896113
2896114
2896115
2896116
2896117
2896118
2896119
2896120
2896124
2896125
2896128
2896129
289613
2896131
2896132
2896133
2896134
2896137
2896140
289615
2896153
2896154
2896156
289616
2896160
289617
289620
289622
289623
289624
289625
2896253
2896254
2896258
2896658
2896659
2896660
2896664
2896667
2896668
2896670
2896671
2896673
2896674
2897205
2897317
2897513
2897529
2897539
2897546
2897557
2897559
2897564
2897567
2897592
2898088
2899010
2899041
2899057
2899061
2899440
2899699
2899797
2899885
2900179
2900294
2900319
2900424
2901172
2901334
290163
2902846
2902848
2902849
2902852
2902853
29029
2903
2903174
290404
2904138
2904190
2904232
2904675
2904693
2904812
2904996
2905339
2905637
2906078
290615
290618
290661
290679
2907312
2907554
2907953
2908349
2908770
2908777
2908799
2908962
2908966
2909173
2909174
2909175
2909184
2909240
2909242
2909299
2909558
2909559
2909561
2909562
2909592
2909602
2909655
2909656
2909791
2910015
2910137
2910139
2910614
2910622
2910632
2910657
2910662
2910684
2910694
2911079
2911552
291168
2912275
2912337
291248
2912898
2913317
2913352
2914002
2914508
2914519
2914521
2914523
2914529
2914533
2914537
2914561
2914568
2914569
2914581
2914583
2914588
2914603
2914604
2914605
2914606
2914607
2914608
2914609
2914610
2914611
2914612
2914613
2914614
2914615
2914616
2914617
2914618
2914619
2914620
2914621
2914622
2914623
2914626
2914627
2914636
2914637
2914678
2914905
2914906
2915098
2915100
2915583
2915910
291622
291623
2916568
2916578
2916582
2916615
2916623
291690
291735
2917853
2917854
2917862
2917991
2918453
2918526
2918860
2919022
29196
291984
29204
29207
29208
29209
2920935
2920970
2920974
2921163
2921164
2921165
29222
2922254
2922255
2922259
2922386
2922389
2922641
2922777
2922873
2923
2923039
2923043
2923268
29236
292395
2924648
2925
2925143
2925144
2925145
2925146
2925147
2925149
2925150
2925151
2925152
2925153
2925164
2925335
2925774
2926
2926379
2926383
2927085
2927902
2927956
2928033
2928039
2928048
2928050
2928051
2928052
2928053
2928057
2928061
2928077
2928080
2928083
2928084
2928085
2928087
2928088
2928247
2929
2929180
2929588
2929926
2929960
2930051
2930208
2930211
2930296
2930756
2931234
2931284
2931313
2931837
2931894
2932
2933041
2934041
2934082
2934084
2934096
2934364
293463
2935
2935811
2935812
2935814
2935817
2935820
2935821
2935824
2935830
2935832
2935833
2935834
2935837
2935838
2935839
2935840
2935842
2935844
2935845
2935847
2935851
2935902
2935930
2935960
2935973
2935975
2936003
2936020
2936062
2936082
2936117
2936180
2936266
2936611
2937356
2938129
2938211
2938356
2938357
2938364
2938365
2938369
2938371
2938375
2938378
2938382
2938386
2938389
2938391
2938395
2938399
2938403
2938410
2938412
2938414
2938417
2938418
2938420
2938421
2938438
2938452
2938462
2938474
2938479
2938494
2938501
2938513
2938516
2938521
2938523
2938526
2938528
2938534
2938540
2938594
2938610
2938626
2938660
2938709
2938860
2938876
2938912
2938964
2939002
2939025
2939114
2939143
2939246
2939248
2939439
2939440
2939708
2940157
2940303
2940304
2940305
294128
2942113
2942143
2942352
2942358
2942367
2942369
2942372
2942389
2942778
2942786
2942789
2942813
2942959
2943545
2944426
2944427
2944428
2944442
2944443
2944734
2944766
2944855
2944856
2945085
2945144
2945617
294579
294584
2945949
2946837
294709
2948983
2949017
2949025
2949362
2949363
2949366
2949544
29498
2950812
2951
2951284
2951286
2951295
2951631
2951979
295201
2952274
2952532
2952810
2952871
2952873
2954347
295481
295491
2955027
2955047
2955060
2955071
2955080
2955118
2955131
2955160
2955176
295556
295678
2956823
2956832
2956833
2957
295833
295985
2961690
2962091
2962148
2962151
2962323
2962334
2962405
2962414
2962434
2962460
2962709
2962714
2963006
2963316
2964142
2964145
2964147
2964473
2965029
2965395
2965498
2965502
2966354
296683
296689
296690
2967096
296713
2967380
2967389
2967392
2967394
2967616
2967652
2967912
2968139
2968930
2968937
2968948
2969201
2971071
2971075
2971168
2971193
2971195
2971199
2971221
2971701
2972
2972865
2973261
2973262
2973263
2973264
2973265
2973266
2973270
2973271
2973272
2973273
2973307
2973308
2973309
2973318
2973319
2973326
2973343
2973345
2973346
2973347
2973381
2973382
2973385
2973386
2973387
2973388
2973389
2973390
2973391
2973402
2973429
2973430
2973857
2973859
2973860
2973862
2974032
2974517
2974880
2974881
2974882
2974883
2974884
2975063
2976051
2976599
2976607
2976645
2976652
297730
297759
297766
2977841
2977847
2977853
2977933
2978309
2978317
2978427
2978435
2978805
2979045
2980459
2980963
2981144
2981150
2981151
2981154
2981160
2981166
2981167
2981177
2981294
298152
2981718
2982243
2982248
2982251
2982276
2982277
2982280
2982831
2982849
2983309
2983310
2983789
298386
2984036
2985489
2986149
2986787
2986825
2986827
2986828
2986829
2986831
2986835
2986836
2986869
2986967
2987017
2987018
2987215
29883
2989628
2989655
2989658
2989890
299031
2990588
2991589
2991632
29917
2991708
2991721
2992048
2992057
2992058
2992466
2992469
2992493
2992494
2992542
2992725
2992726
2992933
2993699
299391
299393
2993977
2994003
2994036
2994152
2994169
2994319
2994555
2995346
2995542
2995694
2995738
29960
299625
299630
29965
2996748
2997216
2997263
2997272
2997276
2998197
2998198
2998199
2998203
2998204
2998213
2998376
2998394
3002449
3002462
3002592
3002593
3002876
3002900
3003257
300346
3003472
3003623
3004522
3005
30051
300634
30065
301066
301166
3012
3014133
3015887
3015889
3015935
3015966
3015991
3016147
3016982
3016989
3016991
3016992
3017270
3018
3018200
3018314
3018683
3019058
3019262
3019263
3019403
3019409
3019495
3019764
3020136
302032
302034
3020498
3021234
3021251
3021262
3021263
3021294
3021321
3021322
3021332
3021723
302184
3022153
3022521
3022561
3023760
3023888
3023890
3023905
3023922
3023976
3024044
3024049
3024809
3025417
3025621
3025897
3025909
3026
3027485
3027661
3028049
302828
3028318
3028912
3028914
3028916
3028917
3028918
3028920
3028957
30293
3029405
3029432
3029451
3029579
3030694
3030696
3030697
3030709
3030710
3030718
3030758
3030761
3030783
3031134
3031135
3031291
3031311
3031313
3031314
3032043
3032600
3032867
3033743
3033745
303395
303400
303402
3034176
303474
303475
3034857
3034858
3034859
3037891
3037938
3038202
3039219
3039233
3039960
3040621
3040872
3041418
3041752
3041873
3042047
3042339
3042770
3042855
3042856
3042881
3043751
3044185
3044300
3045196
3045226
3048676
3049141
3049284
3050420
3050663
3050668
3050669
3051284
3051507
3051512
3051518
3052286
3052288
3052289
3052834
3053591
3053594
3053613
3054001
3054014
3054021
3054035
3054039
3054040
3054045
3054069
3054074
3054079
3054083
3054111
3054197
3054425
3054709
3054715
3054723
3054724
3054725
3054726
3054729
3054733
3054735
3054736
3054738
3054740
3054741
3054743
3054744
3054748
3054753
3054766
3054846
3055504
3055845
305605
305663
3056838
3058441
3060293
306053
3061082
3061369
3061474
3061574
3061999
3062023
3062251
3063597
3063798
3063801
3065355
3065363
3065375
3065387
3065649
3065734
306616
3066369
3067628
3067903
3070859
3071387
3071592
3072560
3073298
3073423
3073424
3074057
3074058
3074060
3074061
3074062
3074063
3074064
3074065
3074066
3074067
3074068
3074069
3074070
3074074
3074281
3075626
3076
307605
3076078
307616
3076214
3076218
3076554
3077734
3077735
3078164
3078967
3079612
3079878
3080035
3080043
3080048
3080049
3080095
3080117
3081563
3081579
3081581
3081716
3082004
3083238
308475
308567
308571
308574
308579
308599
308614
308620
308662
3087131
3087140
308717
3087496
309002
3092287
3092288
3092289
309353
309355
309358
309364
3093729
309397
309403
309591
309723
309737
309738
309742
3097547
3097629
3098607
3098608
3098610
309912
3100101
3100106
3100110
3100174
310045
3102965
3102966
3102967
3103032
3103071
3103073
3103081
3103093
3103095
3103127
3104661
310548
3105985
3106200
310629
310631
3108509
3108775
311010
311035
311056
3110653
3110655
311436
311442
311997
312005
312007
31229
313013
31312
313252
3133
31333
313394
31340
31347
313575
313598
313603
313640
31369
31376
31391
31398
313997
314080
31417
314225
31423
31429
31433
3144
31449
314500
314507
314508
314509
314511
314512
314514
314515
314516
314517
31452
314522
314523
314525
314529
314577
31500
315326
315565
315706
316166
316179
316183
316184
316187
316193
316200
316203
316222
316231
316235
317102
317247
317848
317852
318180
318423
318532
318538
318539
31874
318772
318776
318818
318820
319061
319488
319499
319810
319919
320255
320267
320412
320440
320780
320912
320935
321200
321256
321258
321803
323290
323307
323321
323326
323328
323456
323554
324535
324758
324761
324873
324876
324887
324891
325432
325434
325452
32570
325843
325867
325921
326039
326145
326255
326353
327505
327753
327934
328379
3285
328588
328590
328596
328605
328645
328823
329357
329443
329479
329739
329898
329899
329902
329907
329973
330376
330871
330872
330873
330874
331317
331368
331701
331966
33203
332786
333832
33402
33418
334428
33444
334526
334528
334529
33453
334531
335489
335530
335918
335992
33640
33645
33649
33653
33657
33658
336584
33659
336600
336602
336609
336637
33673
336981
338246
338249
338703
338881
339422
339597
339598
339606
339829
339834
33990
340183
340430
340431
341052
341249
341277
341385
342753
344217
344319
344325
34465
34470
34471
34499
345061
345459
345469
345692
345743
345840
34590
34611
346138
34626
34631
34632
34633
34649
34650
346768
346786
346807
346819
346838
34692
347336
347362
347691
348400
348408
348793
349215
35052
351083
35122
35125
35128
35145
35161
35192
352254
352271
354542
354796
354804
354887
355120
35566
356141
35632
356642
35677
35684
35687
357114
357430
358
358035
358089
359324
360399
360400
360500
360543
361023
36137
361650
362195
36331
364263
364290
364533
364535
36461
364747
364891
364894
365656
366069
366118
366120
366425
36651
366512
366513
366521
36656
367286
367791
367832
367916
367919
367925
36881
36894
36911
369808
369823
369871
370292
37099
371456
371516
371651
371681
371682
371917
371952
371966
37201
372086
37318
37319
373198
373262
373292
373514
373630
373842
374047
374175
374189
374258
37469
374766
375146
37515
37519
37520
37524
375516
375517
375519
37553
376155
37621
376270
376836
377206
378366
37951
379561
379806
37998
380558
380575
381378
381394
381670
381671
381674
381683
382367
382370
382379
382380
38269
38325
383978
38401
384541
38473
38512
38515
38516
38520
38522
38553
386100
386116
387435
38782
38817
38833
388630
388876
389028
389064
389195
38945
389871
390676
391760
392049
392910
393194
393209
393214
393766
39447
39453
39455
394739
395010
395079
395363
39558
396358
396600
397005
397012
397014
397016
397018
397140
397147
397153
397552
397554
397926
397951
398072
398738
39899
399047
399053
399078
399131
399975
40071
400756
401647
401703
401704
401862
401947
401953
401954
401958
401965
401968
401970
402418
402420
402698
40296
4031
403652
403798
403799
403803
40396
40406
404226
40490
405009
406729
407208
407273
407301
407928
408198
408199
408815
409017
409302
409502
410283
41045
41075
411409
411422
411423
411435
411444
41180
412067
412079
41210
412139
413192
413240
413602
41365
413993
414249
414250
414267
414271
414273
414278
41429
414294
41430
414319
414332
414340
414341
414342
414504
414507
41457
414792
414793
414826
414950
415261
416442
416464
416828
416830
416835
416837
416839
416841
416842
416868
416956
416976
41699
417485
417486
417488
417523
417524
417526
417533
417569
41794
418378
418671
41875
418785
41880
41886
419017
419018
419057
419066
419502
42016
42024
420532
420696
42201
42204
42296
42384
42391
424173
424184
424220
424230
424237
42429
42431
42467
425012
425103
42551
425617
425934
425976
425981
425992
426008
426090
426638
428034
42840
428695
430113
430492
430687
431009
431348
431350
431358
43151
431571
431581
431657
431662
431664
43180
432396
43281
433036
433038
433178
433188
433248
433380
433381
433383
433393
433401
433402
433412
433617
433744
435217
436069
436079
436435
436708
436709
43686
437603
438356
438488
43925
43926
43935
43943
439534
440334
440503
44056
440629
441047
44108
441892
44190
442089
442098
442651
442698
442703
44304
44321
443219
443256
44352
443688
44403
44408
44440
44447
444606
445362
445398
445497
446412
446443
446448
44680
448389
449610
449612
449624
449627
450361
450887
451065
45157
451786
452200
452393
45245
452738
452740
453146
45351
453593
45365
454271
45450
454601
456444
45698
456999
457120
457353
457354
457357
458144
458501
459055
459873
459883
460798
460827
461016
461017
46208
462233
462861
462863
463077
463084
463315
463342
463362
463364
463917
464687
464723
46514
465739
465777
466815
46731
468820
46955
469747
469756
470590
47071
470949
471308
472109
472204
472291
472292
472389
472973
473146
473528
474045
474170
474300
475195
475196
475233
475626
475722
475724
475726
47573
475736
475976
475977
4766
47662
4768
4770
477309
477315
4785
4786
4788
4790
4793
47934
479473
4795
4796
4799
480147
480150
480153
4803
480707
4808
481879
482377
48251
482556
48271
483424
483437
483887
484292
484774
48483
48490
485435
485446
485638
485661
485666
48606
486207
486345
486642
486812
486813
48725
487505
487506
487508
488538
488588
488659
489204
489224
489260
489485
48957
48964
48975
48978
48986
490040
490166
490500
491138
492274
492287
49249
492568
492573
492575
49266
4932
4934
493464
493826
49446
495574
496116
496195
496220
496261
496317
497013
497014
497498
497513
497515
497676
497741
497819
498400
498401
498505
498507
498518
498525
498529
498632
498641
498642
498660
498711
499099
499100
499108
499113
499540
499615
499616
499619
499621
499903
500057
500148
500485
500600
500708
500717
501558
502114
502138
502784
502788
502792
502869
502953
503033
503034
50343
503473
503480
50381
504413
504435
504560
504596
504893
504895
505403
5057
505981
50603
5064
506474
506904
506928
50722
507508
5077
5081
5082
508680
508926
508937
50953
511117
511862
51324
513542
51539
515487
515516
515654
515839
515840
516002
51625
51655
516592
516773
516791
517526
517775
51818
518599
518781
518788
518789
518791
518793
518800
519348
519539
519544
52000
520029
520036
52061
521149
521364
522301
523740
524315
52552
52555
52556
525906
525907
526279
527129
527138
527272
527460
52793
528216
528237
529148
529242
529243
529244
52928
52970
529818
5315
5322
5323
533275
533304
533305
533306
5334
5353
535359
535721
535790
536885
536889
536891
537340
537476
537760
537788
537798
538895
53956
53984
53985
53986
53987
540755
540756
541221
541227
542766
542832
542979
543141
544705
544909
546104
546663
546910
547152
547354
547536
548576
549686
5499
55001
55038
55055
5507
5508
5518
552824
552825
552826
552930
5530
5537
553706
553735
553858
554066
55521
55529
555426
555427
555429
556189
556205
556208
556213
556335
55683
55699
557418
557421
557782
559131
55925
559526
559535
560771
560868
560922
560934
56245
564060
564207
564608
564938
565057
565287
565288
569011
569013
569054
569884
569985
569995
570418
571554
57164
572309
572311
572582
572734
572740
572756
572792
572845
572859
572863
572918
573603
573607
574145
574531
574532
574533
574535
57516
5755
5756
5757
5762
576312
576332
576586
576590
576745
576748
5778
578154
578585
578836
578847
57998
581068
581215
58236
58241
58309
583093
583386
583396
583404
58359
584794
584866
585694
585841
585988
586045
58619
586675
586851
587144
587145
587146
587147
587149
587157
587173
58764
587683
58798
588080
58817
588326
588327
588350
588433
588437
588959
5891
58920
589528
590109
590113
590120
590967
59147
59148
59160
59161
5918
59189
593434
593451
593454
593461
594011
594043
594073
594099
594100
594125
595373
595388
596104
596297
596750
596826
597631
597649
59765
59812
598134
598907
59942
59943
599773
599791
599888
599992
600350
600353
601066
60191
601994
60249
603437
603550
603576
603796
604246
604321
6055
60567
6058
6063
607056
60809
6082
60824
60825
608327
6086
608661
608683
608685
608689
608695
6087
608748
608782
608783
608786
6088
6091
60925
60927
60948
6096
61082
6110
611426
611495
611514
611546
6116
611601
611654
611691
611798
613101
61369
61372
61374
6145
614505
6148
61605
617157
61716
61755
617602
618207
61848
61855
61904
619182
619630
619813
620504
620712
622258
622444
62304
62307
62308
623208
624257
626341
626566
626814
626819
626820
626823
62690
626971
62722
628044
631358
631361
631433
632082
632150
632237
632649
632840
632897
633638
6344
6347
634929
63689
63699
637470
638260
638319
638460
638948
639000
63926
63945
6395
639595
63962
63977
640826
642122
642419
6431
643629
64499
645324
645326
645327
645331
645332
645340
645345
645346
645353
645354
645360
645363
645368
645369
645382
645398
645459
645591
64659
647670
64838
64840
64844
648476
64873
64875
64876
649055
64924
64925
64928
64929
64930
64933
649611
65032
65069
65070
65079
651984
6523
6526
652834
652864
653028
65345
6535
654392
654496
654598
65466
6550
6551
655981
656064
65635
65648
656540
65658
65659
65660
65665
65670
657064
657220
658425
658426
658963
659002
660028
660031
661323
661989
661990
661991
661992
661998
661999
662012
662014
662020
662034
662079
662080
662089
662459
663
663852
663888
66530
66620
666443
666457
666459
666468
667509
667568
6678
66794
669489
670095
670591
671091
671127
671159
671314
671315
671316
671317
671319
671320
671321
671322
671324
671347
671360
671362
671364
671365
671367
671369
671370
671371
671372
671374
671377
671378
671388
671390
671391
671420
671421
671429
671439
6715
671500
671505
672007
672008
672009
672013
672921
673126
673127
673131
673134
673787
673907
673908
674295
674339
674354
674368
674399
674410
674415
67476
674869
674995
675577
67591
67592
67594
67595
676029
676510
67728
678740
679013
67913
67916
679327
680006
680015
680019
680023
680304
681963
681975
682542
682790
682998
683124
68331
68332
68333
683352
683427
683549
683597
683971
684904
685043
685364
685382
685393
685682
685684
685696
685715
686342
686585
686600
686601
686664
687082
687519
687524
687570
688378
688394
688419
688480
688485
688582
68878
689084
689123
689755
689809
69004
690165
690197
691100
691121
691189
691549
691556
691578
691773
692422
69315
69355
694075
694078
6941
6945
695509
6956
695818
695826
695863
695877
696264
696299
696315
696403
69653
696728
696730
697243
697245
69771
69788
697907
69791
699717
699805
700149
700371
700373
700639
700666
700691
700806
700815
700862
701737
701780
70205
702324
702746
703020
703021
703090
703093
703269
703462
703908
704158
704170
704338
704340
704356
70449
705167
705189
705191
705616
705689
705743
706485
706644
707162
707163
707282
70743
707707
707740
707981
707993
707994
708009
70838
709161
709225
70924
709463
709993
71001
710019
710573
710635
7107
71150
71177
711913
7120
712082
712083
71288
7130
713106
713739
713857
71411
714610
714620
71470
714810
71497
715211
715326
715832
715842
7159
715915
71600
7163
716597
716701
716705
7168
71688
717160
71717
717194
717200
7173
71730
717335
717336
717387
717668
717899
717989
71861
71875
7192
71933
71967
720685
721032
7217
721898
722406
722659
7227
72520
72623
72712
72715
72723
727947
7297
73015
73019
73116
73634
7370
7376
7398
74035
74090
740952
74101
741607
741628
743139
743142
743460
743461
74372
74379
744611
74462
74464
744689
74475
74478
744985
745173
745347
74557
745927
747252
747254
747255
747474
748450
748559
748686
749178
749188
749589
75162
753357
753399
754409
754769
755732
756009
756066
756388
75757
758745
758750
758754
758755
758760
7590
759296
76012
7602
7611
7616
76183
761947
762646
763142
763198
764034
764607
764613
764617
764657
764679
764688
766800
7670
7671
76712
767263
767273
767284
767424
767458
76807
76823
768805
7700
7719
77191
77300
77502
77590
77591
7765
77928
78088
78138
7815
78236
78482
7873
78898
79215
79495
794959
795044
795048
795059
79507
795082
795086
795124
796164
796401
796977
797219
797268
797484
798082
798139
798349
798351
798355
798406
798445
79858
79894
80352
80365
80668
81069
81540
815611
815614
815661
815694
815772
815844
81594
81617
81723
81824
81837
818373
818430
818436
818442
818535
81938
820602
820737
822000
8226
82379
824434
82581
82619
826356
82926
82932
82933
82935
82936
82938
82940
82942
82945
82946
82949
82950
82951
82952
829969
830051
830228
830375
830425
830453
830461
830462
830496
830507
830573
830626
830767
830790
830869
830937
830960
831043
831116
831137
831433
831534
831555
831944
832243
832351
832611
832636
832715
832727
832879
833076
833431
833653
83372
833778
835013
835098
835156
835496
8355
835633
835648
835811
835828
835906
83649
836722
836748
836791
837100
837925
838320
838344
839101
83917
839509
841023
841265
841322
841704
841777
841900
842019
842173
842478
842521
84301
843103
843126
843945
84397
844326
844453
847015
847152
847209
847312
847343
847362
847638
847647
850715
850754
851163
851175
851241
851389
85149
856749
856772
856793
85707
857297
85795
859642
859643
859653
85976
859954
860618
860625
860628
860631
860634
860636
860642
860651
860653
860918
861477
861478
861512
861515
86203
862448
862455
86255
862617
862912
862913
862948
862949
862950
862951
863366
863367
864632
864648
864826
864827
865874
865893
865917
866028
866807
867311
867313
867317
867320
867321
867322
867325
867326
867327
868024
868028
868031
868040
868041
868061
868062
868063
868071
868072
868074
868076
868081
868085
868087
868091
868093
868098
868102
868105
868112
868119
868271
868273
86855
868587
868593
86863
86870
86896
86898
86908
869184
869194
869195
869200
869203
869207
869251
870539
870558
87102
871192
871382
87149
87157
871656
871660
87236
87246
87248
873059
873404
873434
873438
873440
873443
873444
873485
874459
874522
874568
874602
874689
874961
875832
875835
875839
875841
875844
875845
875846
875849
875850
875851
875859
875860
875861
875863
875997
875998
876014
876020
876032
876058
877747
877769
877770
877773
877834
877942
878026
878053
878141
878146
878160
878176
878393
878440
879008
879065
879229
879532
879534
879535
879537
879538
879543
879545
879547
87956
879743
879761
879795
880085
880114
880166
880215
880220
880221
880268
880269
880384
880406
880408
880410
880412
880414
880433
880580
880757
880894
880896
880899
880902
880907
880911
880912
880914
881465
88149
88150
88154
881573
881575
88167
881820
881828
881848
881871
881873
881984
881998
88206
88208
88209
882578
882614
882770
88308
88316
88324
883820
883821
883828
88398
88399
88421
884224
884342
884619
884622
884648
885041
885654
885871
885878
885947
886615
88834
88944
89141
89334
89336
89399
894291
895552
89805
89940
89957
899880
90012
90013
90014
901114
902892
903881
903972
904677
905063
905935
906744
906745
906758
907748
907945
907947
907948
908144
908214
908352
908852
908853
908857
908973
909054
909254
909294
90936
909447
910033
91052
911292
911335
911379
911712
911891
911990
912070
912347
912799
913001
913193
913305
913356
913641
913678
913955
913956
913957
913958
91661
917560
918552
920251
920461
921108
921181
92527
925478
928215
928250
928253
928255
928741
928758
928833
929247
929252
929253
929421
92950
929565
929621
92964
92976
92981
92998
931015
931197
931299
931554
932899
933002
933021
933030
933039
933798
933824
934832
934852
934892
934915
934930
934942
934949
934961
935077
935088
935095
935104
935655
93591
93706
937754
937755
937756
937758
938252
93837
94022
940420
940422
940423
940434
940507
940514
940675
940745
940768
940773
941800
941810
942012
942210
942217
942259
942267
94237
942412
942447
942639
942649
942654
942692
942693
942701
942703
94299
943115
943750
943911
943914
943918
943924
944382
944587
944588
944595
944596
944600
944610
944611
944616
944618
944620
944622
944623
944624
944625
944626
944627
944634
944635
944637
944640
944641
944642
944643
944998
945019
945030
946133
946204
946366
946370
946373
946374
946375
946377
946380
94675
947044
947153
947580
947600
948056
948796
95348
95469
95624
9606
9612
9615
961673
96318
963309
96477
96639
968302
97143
97153
97200
97227
9731
9733
973633
9739
9742
9744
9749
9773
977741
977818
977910
979
979655
979663
980197
980349
980368
980385
98051
981404
981427
981428
98220
98221
98342
983544
983576
983577
983661
983703
985043
986
986387
986664
986953
987005
987006
987033
987418
987937
988022
988779
989005
989010
989029
989040
989078
989162
989750
989801
989835
990171
990634
991110
991142
991804
991863
992570
992577
992582
992621
992622
993030
993031
993033
993048
993049
993050
993169
993171
993278
993294
993338
993381
993387
993388
993390
993393
993397
993545
993612
993693
993698
993708
993804
993844
993866
993886
994107
994283
994304
994791
994792
994951
996461
996801
997031
997566
997588
997926
997937
99879
998845
99896
99931
