dada2_input	filtered	dada_f	dada_r	merged	nonchim	final_perc_reads_retained
MP_E1032_OC0821_PCR1	84646	75283	74817	74765	73626	71307	84.2
MP_E1032_OC0821_PCR2	94239	77999	77417	77453	75928	73010	77.5
MP_E1032_OC0821_PCR3	107125	98833	98406	98147	96641	93195	87
MP_E1033_OC0821_PCR1	117978	109289	109039	108917	107813	104431	88.5
MP_E1033_OC0821_PCR2	116016	107502	107240	107097	105938	102794	88.6
MP_E1033_OC0821_PCR3	95064	87273	87021	86826	85977	83121	87.4
MP_E1034_OC0821_PCR1	533	483	463	463	443	438	82.2
MP_E1034_OC0821_PCR2	105411	95530	94945	94689	93285	91796	87.1
MP_E1034_OC0821_PCR3	113819	104956	104369	104139	102720	100988	88.7
MP_E1053_SKQ2021	105682	90931	90148	90034	88541	86946	82.3
MP_E1054_SKQ2021	104763	87143	86869	86856	86207	85728	81.8
MP_E1055_SKQ2021	123361	94660	94221	94358	93443	91080	73.8
MP_E1056_SKQ2021	112607	57779	57407	57284	56366	52376	46.5
MP_E1057_SKQ2021	107237	91977	91377	91313	89862	86558	80.7
MP_E1058_SKQ2021	102849	91965	91486	91352	90175	86371	84
MP_E1059_SKQ2021	118131	102787	102145	101851	100439	98578	83.4
MP_E1060_SKQ2021	124278	112116	111769	111589	109791	108883	87.6
MP_E1061_SKQ2021	118642	108673	108240	108008	106607	102760	86.6
MP_E1062_SKQ2021	121083	95519	94864	94530	92938	91223	75.3
MP_E1063_SKQ2021	109065	98309	97785	97732	96539	94310	86.5
MP_E1064_SKQ2021	110093	101831	101666	101598	101141	98862	89.8
MP_E1065_SKQ2021	130569	84346	83918	83612	82464	79280	60.7
MP_E1066_SKQ2021	125601	111714	111241	110996	109689	106746	85
MP_E1067_SKQ2021	128092	105178	104775	104794	103876	100028	78.1
MP_E1068_SKQ2021	112171	94870	94570	94431	93799	92510	82.5
MP_E1069_SKQ2021	140046	87698	87196	87054	85764	83289	59.5
MP_E1070_SKQ2021	110944	30448	30293	30224	29762	28479	25.7
MP_E1071_SKQ2021	117488	60406	60097	59920	59288	54365	46.3
MP_E1072_SKQ2021	86041	59563	59249	59229	58542	57316	66.6
MP_E1073_SKQ2021	97902	76995	76806	76769	76349	75046	76.7
MP_E1074_SKQ2021	116690	71308	70888	70653	69615	67881	58.2
MP_E1075_SKQ2021	117618	78157	77666	77338	76369	74674	63.5
MP_E1076_SKQ2021	88444	49081	48946	48840	48269	46787	52.9
MP_E1077_SKQ2021	114602	103925	103329	103037	101873	99683	87
MP_E1078_SKQ2021	107070	95885	95500	95209	94072	91605	85.6
MP_E1079_SKQ2021	118964	78744	78438	78268	77227	74490	62.6
MP_E1080_SKQ2021	116699	108629	108022	107815	106194	102364	87.7
MP_E1081_SKQ2021	101546	87408	87054	87021	86098	83674	82.4
MP_E1082_SKQ2021	118479	108220	107742	107459	106212	104104	87.9
MP_E1083_SKQ2021	106420	71089	70364	70305	68865	66798	62.8
MP_E1084_SKQ2021	136761	122068	121659	121435	120187	116327	85.1
MP_E1085_SKQ2021	113791	102419	101803	101579	100198	97829	86
MP_E1086_SKQ2021	103931	80571	79971	79977	78595	76453	73.6
MP_E1087_SKQ2021	123546	104351	103993	103869	102663	99455	80.5
MP_E1088_SKQ2021	123297	61780	61344	61232	60364	58588	47.5
MP_E1089_SKQ2021	121248	83331	82781	82375	81118	78683	64.9
MP_E1090_SKQ2021	131673	104121	103780	103763	102716	100168	76.1
MP_E1091_SKQ2021	120366	112063	111656	111480	110427	108725	90.3
MP_E1092_SKQ2021	118693	81557	81176	80929	79844	78801	66.4
MP_E1093_SKQ2021	135074	86914	86601	86377	85496	83197	61.6
MP_E1094_SKQ2021	104819	30013	29754	29530	28519	26187	25
MP_E1095_SKQ2021	109906	100090	99646	99558	97904	96208	87.5
MP_E1096_SKQ2021	127293	109380	108890	108745	107348	103660	81.4
MP_E1097_SKQ2021	111151	66196	65759	65607	64797	63609	57.2
MP_E1098_SKQ2021	111977	71874	71473	71299	70158	68398	61.1
MP_E1099_SKQ2021	137044	115933	115641	115571	114641	110302	80.5
MP_E1100_SKQ2021	106021	69908	69590	69467	68621	67296	63.5
MP_E1101_SKQ2021	104109	96790	96318	96153	95075	93239	89.6
MP_E1102_SKQ2021	131879	93535	93111	93096	92082	89288	67.7
MP_E1103_SKQ2021	106206	98675	98341	98160	96792	95406	89.8
MP_E1104_SKQ2021	128922	119110	118747	118584	117544	115815	89.8
MP_E1105_SKQ2021	3253	2969	2933	2924	2865	2815	86.5
MP_E1106_SKQ2021	119628	110883	110264	110318	108941	107028	89.5
MP_E1107_SKQ2021	122056	110965	110542	110422	109331	107732	88.3
MP_E1108_SKQ2021	115680	106552	106234	106100	104900	103477	89.5
MP_E1109_SKQ2021	95035	73531	73152	73095	71899	70603	74.3
MP_E1110_SKQ2021	115586	106551	106113	105987	104871	102856	89
MP_E1111_SKQ2021	1368	1266	1256	1242	1221	1207	88.2
MP_E1112_SKQ2021	115294	105773	105219	104876	103309	101475	88
MP_E1113_SKQ2021	119253	108877	108490	108360	106923	103074	86.4
MP_E1114_SKQ2021	119928	110790	110386	110267	108888	104797	87.4
MP_E1115_SKQ2021	114088	59213	58787	58634	57675	55219	48.4
MP_E1116_SKQ2021	115688	106647	106334	106188	105142	101386	87.6
MP_E1117_SKQ2021	116422	102180	101813	101800	100391	96690	83.1
MP_E1118_SKQ2021	105071	53078	52688	52546	51094	46339	44.1
MP_E1119_SKQ2021	125892	114152	113784	113726	112664	109093	86.7
MP_E1120_SKQ2021	122040	111446	111065	111001	109750	105585	86.5
MP_E1121_SKQ2021	110403	63247	62918	62716	61300	60064	54.4
MP_E1122_SKQ2021	128000	116976	116635	116567	115060	109435	85.5
MP_E1123_SKQ2021	137515	126698	126389	126322	124762	117973	85.8
MP_E1124_SKQ2021	114761	63363	63144	63028	62526	61709	53.8
MP_E1125_SKQ2021	118892	110211	109952	109819	108461	103061	86.7
MP_E1126_SKQ2021	137095	127326	126915	126983	125380	118378	86.3
MP_E1127_SKQ2021	156967	147469	147132	146976	145051	135440	86.3
MP_E1128_SKQ2021	144901	135151	134826	134831	133260	125617	86.7
MP_E1129_SKQ2021	108577	99279	98920	98683	97385	94216	86.8
MP_E1130_SKQ2021	116333	106837	106303	106006	104773	103264	88.8
MP_E1131_SKQ2021	127217	117627	117374	117205	116049	110929	87.2
MP_E1132_SKQ2021	117015	109582	109444	109335	108388	104286	89.1
MP_E1133_SKQ2021	151275	84326	83808	83527	82094	79370	52.5
MP_E1134_SKQ2021	167478	98812	98063	97734	95796	90287	53.9
MP_E1135_SKQ2021	152153	136999	136486	136226	134616	129993	85.4
MP_E1136_SKQ2021	134580	124315	123730	123686	122241	118784	88.3
MP_E1137_SKQ2021	156368	143641	143296	143073	141811	138450	88.5
MP_E1138_SKQ2021	135185	125298	124863	124634	123339	120068	88.8
MP_E1139_SKQ2021	139000	79659	79242	79076	77955	75440	54.3
MP_E1140_SKQ2021	106777	96996	96629	96543	95722	94083	88.1
MP_E1141_SKQ2021	150310	75820	75512	75479	74642	71896	47.8
MP_E1142_SKQ2021	129561	81538	80977	80711	79310	76160	58.8
MP_E1143_SKQ2021	138724	78109	77768	77636	76646	73847	53.2
MP_E1144_SKQ2021	146136	90256	89923	89851	88789	85635	58.6
MP_E1145_SKQ2021	106400	83809	83386	83367	82223	80279	75.5
MP_E1146_SKQ2021	137887	108724	108205	108172	106919	103716	75.2
MP_E1172_OC0622	123658	113616	113095	112775	111259	101700	82.2
MP_E1173_OC0622	107279	99515	98854	98674	97452	94855	88.4
MP_E1174_OC0622	125456	114927	114361	114024	112964	110638	88.2
MP_E1229_OC0822_PCR1	105126	96494	96013	95692	94474	92317	87.8
MP_E1229_OC0822_PCR2	86190	78067	77638	77386	76526	74910	86.9
MP_E1229_OC0822_PCR3	105562	96668	96158	95812	94646	92574	87.7
MP_E1230_OC0822_PCR1	96374	89479	88924	88697	87296	83267	86.4
MP_E1230_OC0822_PCR2	105745	97845	97248	96972	95511	91134	86.2
MP_E1230_OC0822_PCR3	100743	90966	90419	90281	88933	84600	84
MP_E1231_OC0822_PCR1	104208	93701	93233	93024	91938	88675	85.1
MP_E1231_OC0822_PCR2	112714	100584	100098	99760	98484	94573	83.9
MP_E1231_OC0822_PCR3	108832	96600	96149	95941	94899	91767	84.3
MP_E1240_OC0922	123490	114486	114226	114101	113422	111228	90.1
MP_E1241_OC0922	119097	97701	97242	97095	95965	90950	76.4
MP_E1242_OC0922	139401	121581	120788	120591	118422	113601	81.5
MP_E1243_OC0922	159527	136057	135506	135617	134635	131065	82.2
MP_E1244_OC0922	132801	104854	103935	103890	102268	99780	75.1
MP_E1245_OC0922	147318	123372	122445	122398	119624	105827	71.8
MP_E1246_OC0922	121066	84997	84246	84366	82313	78276	64.7
MP_E1247_OC0922	116703	97923	97021	97080	94793	89771	76.9
MP_E1248_OC0922	117057	107641	107088	106773	104626	91401	78.1
MP_E1249_OC0922	138889	88938	87624	87910	83733	75601	54.4
MP_E1250_OC0922	139463	123742	122765	122269	120080	116022	83.2
MP_E1251_OC0922	178618	165148	164348	163985	161982	154255	86.4
MP_E1252_OC0922	156499	141882	141128	141118	138409	110963	70.9
MP_E1253_OC0922	142121	112899	111782	111724	109837	107051	75.3
MP_E1254_OC0922	147880	128433	127447	127227	125071	122110	82.6
MP_E1255_OC0922	180100	162042	160842	160475	157960	155309	86.2
MP_E1256_OC0922	180484	160042	158920	158686	156223	152594	84.5
MP_E1257_OC0922	167084	155284	154525	154133	152142	149221	89.3
MP_E1258_OC0922	173985	146479	145468	144931	142475	138316	79.5
MP_E1259_OC0922	168392	144779	143895	143782	142322	139953	83.1
MP_E1260_OC0922	144459	125253	124570	124214	122607	119043	82.4
MP_E1261_OC0922	126131	80259	79823	79952	79182	77591	61.5
MP_E1262_OC0922	167581	155126	154137	153823	151511	145004	86.5
MP_E1263_OC0922	133560	87757	86919	87108	85546	83319	62.4
MP_E1265_OC0922_PCR1	124381	110010	109554	109453	108451	104862	84.3
MP_E1265_OC0922_PCR2	130799	119779	119376	119273	118424	114556	87.6
MP_E1265_OC0922_PCR3	129664	119458	118991	118874	117866	113886	87.8
MP_E1266_OC0922_PCR1	150074	138887	138393	138172	136707	132904	88.6
MP_E1266_OC0922_PCR2	79641	73227	72944	72803	72040	70322	88.3
MP_E1266_OC0922_PCR3	115623	106444	106117	105894	104880	102508	88.7
MP_E1267_OC0922_PCR1	122748	113403	113116	113008	112416	106199	86.5
MP_E1267_OC0922_PCR2	131119	118925	118607	118529	117799	110757	84.5
MP_E1267_OC0922_PCR3	119603	109270	108917	108797	108123	102264	85.5
MP_E1275_OC1021	175541	161542	160985	160574	157643	145787	83.1
MP_E1276_OC1021	149536	130184	129315	128956	126778	122769	82.1
MP_E1277_OC1021	187096	171859	170932	170600	168137	164966	88.2
MP_E1278_OC1021	168740	154230	153596	153339	150837	147797	87.6
MP_E1279_OC1021	149166	135857	135209	134831	132521	129586	86.9
MP_E1280_OC1021	148309	135092	134337	133970	131504	127901	86.2
MP_E1281_OC1021	137274	119383	118552	118398	116359	114099	83.1
MP_E1282_OC1021	182815	168222	167334	166926	163820	160884	88
MP_E1283_OC1021	175332	160199	159485	158926	156344	149250	85.1
MP_E1284_OC1021	183400	162994	162010	161559	158916	155860	85
MP_E1285_OC1021	153439	142162	141473	141618	138484	136806	89.2
MP_E1286_OC1021	146213	133690	132832	132469	130753	128217	87.7
MP_E1287_OC1021	151928	138272	137543	137288	135564	131554	86.6
MP_E1288_OC1021	154736	138490	137599	137422	135331	131151	84.8
MP_E1289_OC1021	11	10	8	6	6	6	54.5
MP_E1290_OC1021	180711	163914	162782	162288	159743	156125	86.4
MP_E1291_OC1021	187335	167961	167463	167336	165532	156591	83.6
MP_E1292_OC1021	187413	173948	172187	172081	168985	162128	86.5
MP_E1293_OC1021	154794	143058	142244	141848	140150	135979	87.8
MP_E1294_OC1021	158552	147951	147389	147067	145143	130723	82.4
MP_E1295_OC1021	145170	133576	132815	132562	130833	127428	87.8
MP_E1296_OC1021	164896	151308	150187	149736	147632	143893	87.3
MP_E1297_OC1021	175842	157388	156356	155966	153590	147186	83.7
MP_E1298_OC1021	187019	167065	166210	165803	163941	157965	84.5
MP_E1299_OC1021	174564	161730	161406	161292	158415	136026	77.9
MP_E1300_OC1021	170512	150563	150351	150354	148804	138740	81.4
MP_E1301_OC1021	160934	148579	147962	147724	145943	143460	89.1
MP_E1302_OC1021	158985	149214	148995	148966	146651	123941	78
MP_E1303_OC1021	144569	131075	130676	130710	128546	125847	87
MP_E1304_OC1021	128891	119243	119066	119100	117098	105001	81.5
MP_E1305_OC1021	155273	142688	142210	142177	139024	117071	75.4
MP_E1306_OC1021	166364	147062	146727	146828	144943	126100	75.8
MP_E1307_OC1021	170350	159225	159032	158895	155430	153905	90.3
MP_E1308_OC1021	137731	109343	109092	109124	107636	99303	72.1
MP_E1309_OC1021	175549	163579	163135	163074	161255	158308	90.2
MP_E1310_OC1021	159866	147215	147078	146931	145686	138148	86.4
MP_E1312_OC1021	161374	149799	149680	149554	147122	144200	89.4
MP_E1313_OC1021	142070	130073	129789	129761	128454	127304	89.6
MP_E1315_OC1021	163364	152759	152297	152417	150496	149097	91.3
MP_E1316_OC1021	166095	149254	149017	148653	146946	142629	85.9
MP_E1317_OC1021	169212	156942	156768	156824	155600	145137	85.8
MP_E1318_OC1021	171857	143382	142824	142740	141121	138608	80.7
MP_E1319_OC1021	154352	118505	118248	118320	116348	115691	75
MP_E1320_OC1021	153417	144488	144449	144387	141848	141601	92.3
MP_E1321_OC1021	147140	137132	137085	136967	134547	134375	91.3
MP_E1322_OC1021	124967	114972	114868	114819	112462	111899	89.5
MP_E1323_OC1021_PCR1	5569	5072	5011	4982	4845	4751	85.3
MP_E1323_OC1021_PCR2	132338	120856	120204	119639	117531	112797	85.2
MP_E1323_OC1021_PCR3	111600	103049	102412	102125	100590	97430	87.3
MP_E1324_OC1021_PCR1	131264	119960	119448	119171	117742	109514	83.4
MP_E1324_OC1021_PCR2	107961	94085	93369	93235	91835	85477	79.2
MP_E1324_OC1021_PCR3	131339	112537	111825	111879	110299	103224	78.6
MP_E1325_OC1021_PCR1	113894	105474	104920	104541	103263	100763	88.5
MP_E1325_OC1021_PCR2	118895	109010	108345	108075	106557	103845	87.3
MP_E1325_OC1021_PCR3	127381	117336	116778	116384	114774	111827	87.8
MP_E1389_OC0722	154605	131374	130462	130196	128310	122416	79.2
MP_E1390_OC0722	154837	141403	140165	139417	137133	134277	86.7
MP_E1391_OC0722	149642	137709	136471	135956	133607	130878	87.5
MP_E1403_OC0722	190947	176194	175388	174980	171746	163738	85.8
MP_E1404_OC0722	143401	110530	110080	109856	108436	107083	74.7
MP_E1406_OC0722	168993	156375	155364	154874	152882	142650	84.4
MP_E1408_OC0722	134112	122915	122696	122664	120544	108755	81.1
MP_E1410_OC0722	136703	126740	125505	125084	123017	119205	87.2
MP_E1412_OC0722	137798	125706	125024	124668	122967	115078	83.5
MP_E1414_OC0722	161949	149196	148408	147958	146386	142344	87.9
MP_E1416_OC0722	179556	164053	163176	162660	161106	157292	87.6
MP_E1418_OC0722	158564	144330	143124	142570	139997	135929	85.7
MP_E1420_OC0722	161180	144092	142948	142380	139761	136688	84.8
MP_E1422_OC0722	171586	156603	155363	155046	152173	146196	85.2
MP_E1424_OC0722	185407	168032	166973	166508	163901	160861	86.8
MP_E1426_OC0722	168120	149154	148144	147655	145431	137373	81.7
MP_E1845_OC0623	136948	101569	100295	100550	98126	94221	68.8
MP_E1846_OC0623	133451	115486	114424	114159	111791	108100	81
MP_E1847_OC0623	199897	173645	172565	172455	170049	164368	82.2
MP_E1849_OC0723	156901	130094	128753	128765	126530	122453	78
MP_E1850_OC0723	179000	154181	153221	152985	150276	148010	82.7
MP_E1851_OC0723	199175	182608	181486	180979	177291	170316	85.5
MP_E1852_OC0723	157430	130745	129391	129385	126996	124199	78.9
MP_E1853_OC0723	181978	157575	156972	156732	154743	140199	77
MP_E1854_OC0723	212970	180618	179463	179235	176447	168543	79.1
MP_E1855_OC0723	208751	191841	190966	190710	187614	175211	83.9
MP_E1856_OC0723	228900	211865	211117	210786	207412	180921	79
MP_E1857_OC0723	167040	135995	135311	134983	132371	119295	71.4
MP_E1858_OC0723	185897	165428	164898	164608	161333	140309	75.5
MP_E1859_OC0723	175980	158652	157644	157413	154567	143822	81.7
MP_E1860_OC0723	205039	182789	181539	181325	176930	166786	81.3
MP_E1861_OC0723	179336	158367	157333	157092	154280	147416	82.2
MP_E1862_OC0723	201866	184832	184100	183745	179201	143812	71.2
MP_E1863_OC0723	187652	166186	165023	164400	161310	156232	83.3
MP_E1864_OC0723	168795	155971	155310	154978	152182	143031	84.7
MP_E1865_OC0723	157820	138301	137149	137073	134618	132210	83.8
MP_E1866_OC0723	125942	81298	81025	80954	79865	72959	57.9
MP_E1867_OC0723	119484	111487	111253	111218	109760	106169	88.9
MP_E1868_OC0723	148046	135591	134993	134881	132746	127942	86.4
MP_E1869_OC0723	175940	160679	159958	160074	158451	147218	83.7
MP_E1870_OC0723	153282	132160	131361	131110	129444	126807	82.7
MP_E1871_OC0723	134354	118259	117676	117525	115817	113133	84.2
MP_E1872_OC0723	129447	113272	112658	112569	111424	109056	84.2
MP_E1873_OC0723	132007	120457	119566	119476	117403	112441	85.2
MP_E1874_OC0723	129477	118187	117204	117023	115113	112314	86.7
MP_E1875_OC0723	137509	125180	124539	124232	122364	118601	86.2
MP_E2128_1B	102876	91567	91506	91348	90932	89937	87.4
MP_E2128_2B	94579	82121	81804	81816	80403	71704	75.8
MP_E2128_3B	317	219	214	211	203	203	64
MP_E2128_4B	123873	112251	111927	111873	110893	98199	79.3
MP_E2129_1B	87675	80645	80386	80601	79017	78663	89.7
MP_E2129_2B	48068	43703	43655	43639	43426	43387	90.3
MP_E2129_3B	124638	115853	115714	115517	113689	112199	90
MP_E2129_4B	70871	46337	46244	46251	45634	45360	64
MP_E2129_5B	40650	35458	35358	35398	35185	35153	86.5
MP_E2130_1B	102940	96498	96106	96214	94731	93867	91.2
MP_E2130_2B	116600	104808	104442	104155	102782	101851	87.4
MP_E2130_3B	56543	50951	50881	50889	50672	50223	88.8
MP_E2130_4B	99661	73563	73205	73387	72073	71402	71.6
MP_E2130_5B	93486	79368	79210	79161	78403	77684	83.1
MP_E2131_1B	120263	109268	109013	108883	107671	106296	88.4
MP_E2131_2B	83969	76938	76832	76770	75860	75770	90.2
MP_E2131_3B	99994	91838	91600	91398	90779	90167	90.2
MP_E2131_4B	110458	100672	100301	100204	99128	98054	88.8
MP_E2131_5B	97934	87929	87718	87646	86820	85865	87.7
MP_E2132_1B	41156	38509	38236	38336	37851	37134	90.2
MP_E2132_2B	68651	62366	62275	62262	61999	61860	90.1
MP_E2132_3B	89219	82113	81679	81724	80909	79953	89.6
MP_E2132_4B	80228	73965	73879	73874	73505	72170	90
MP_E2132_5B	13388	12073	11985	12015	11881	11732	87.6
MP_E2133_1B	103115	93870	93652	93454	92873	92195	89.4
MP_E2133_2B	105438	95688	95322	95079	94073	92432	87.7
MP_E2133_3B	80433	70309	70162	70136	69731	69479	86.4
MP_E2133_4B	118023	106873	106467	106383	105288	101251	85.8
MP_E2133_5B	104068	94992	94691	94697	93882	93031	89.4
MP_E2134_1B	75333	52171	52139	52152	51511	51502	68.4
MP_E2134_2B	99645	91209	91168	91111	90432	88423	88.7
MP_E2134_3B	88993	81877	81859	81838	81151	80891	90.9
MP_E2134_4B	84474	77137	76860	76914	76270	75855	89.8
MP_E2134_5B	96683	85138	85011	85060	84262	83044	85.9
MP_E2135_1B	38048	34387	34368	34341	33692	33689	88.5
MP_E2135_2B	49521	45264	44853	45065	44476	43844	88.5
MP_E2135_3B	104223	93455	93061	93016	92070	91231	87.5
MP_E2135_4B	106199	96930	96360	96219	95081	93639	88.2
MP_E2135_5B	112024	103364	102759	102900	101642	99944	89.2
MP_E2136_1B	121266	101528	101488	101445	100186	99615	82.1
MP_E2136_2B	74692	61161	61071	61124	60591	60473	81
MP_E2136_3B	100326	93592	93496	93406	92704	89377	89.1
MP_E2136_4B	717	627	612	614	603	596	83.1
MP_E2136_5B	103276	95006	94921	94922	94332	93923	90.9
MP_E2137_1B	96545	87465	87228	87281	86040	85618	88.7
MP_E446_1B_PCR2	159380	146956	146280	145908	144256	140942	88.4
MP_E446_1B_PCR3	151957	141777	141090	140829	139321	136029	89.5
MP_E446_2B_PCR2	128074	115975	114955	114516	112524	109590	85.6
MP_E446_2B_PCR3	157120	145681	144549	144176	142022	138192	88
MP_E446_3B_PCR2	122797	111516	110660	110319	108652	106180	86.5
MP_E446_3B_PCR3	137434	116964	115804	115776	113825	111320	81
MP_E447_1B_PCR2	162040	150577	150306	150268	148435	142278	87.8
MP_E447_1B_PCR3	163964	151384	151083	150956	149359	143085	87.3
MP_E447_2B_PCR2	152233	137310	136960	136945	134069	124108	81.5
MP_E447_2B_PCR3	155753	143030	142768	142650	139757	129182	82.9
MP_E447_3B_PCR2	141768	130723	130515	130432	129068	123195	86.9
MP_E447_3B_PCR3	149084	137527	137298	137267	135749	129399	86.8
MP_E448_1B_PCR2	209421	188956	188580	188407	186218	171082	81.7
MP_E448_1B_PCR3	198344	182010	181579	181422	179480	165400	83.4
MP_E448_2B_PCR2	140348	119454	119153	119164	117952	113913	81.2
MP_E448_2B_PCR3	167829	153520	153205	153120	151577	146212	87.1
MP_E448_3B_PCR2	196319	179855	179530	179424	177780	166208	84.7
MP_E448_3B_PCR3	157810	133106	132750	132789	131414	124839	79.1
MP_E449_1B_PCR2	132674	122645	121939	121811	120075	112396	84.7
MP_E449_1B_PCR3	158097	146794	145946	145768	143790	134122	84.8
MP_E449_2B_PCR2	95252	79074	78400	78451	77050	72431	76
MP_E449_2B_PCR3	141268	119238	118370	118443	116543	109435	77.5
MP_E449_3B_PCR2	136738	125400	124544	124523	122674	117221	85.7
MP_E449_3B_PCR3	136839	125748	124969	124785	123069	117619	86
MP_E450_1B_PCR2	141335	130363	129783	129472	128052	121345	85.9
MP_E450_1B_PCR3	145404	135142	134538	134423	132916	127231	87.5
MP_E450_2B_PCR2	158094	147870	147239	147084	145507	135276	85.6
MP_E450_2B_PCR3	142802	131660	131080	131002	129451	122167	85.5
MP_E450_3B_PCR2	141911	130827	130245	130048	128610	122588	86.4
MP_E450_3B_PCR3	141889	131075	130556	130362	128998	123286	86.9
MP_E475_PCR2	142344	127169	126948	126831	124018	108464	76.2
MP_E475_PCR3	152740	141260	140992	140830	137696	120220	78.7
MP_E486_PCR2	134205	117250	116718	116676	115350	113070	84.3
MP_E486_PCR3	148836	138472	138028	137902	136133	133534	89.7
MP_E492_1B_PCR2	164172	141777	140935	140795	139010	134983	82.2
MP_E492_1B_PCR3	159544	140237	139498	139222	137186	133943	84
MP_E494_PCR2	144563	134641	134215	134128	131684	124320	86
MP_E494_PCR3	136094	126246	125882	125606	123654	117180	86.1
MP_E496_1T_PCR2	173013	157698	157088	157008	155084	147102	85
MP_E496_1T_PCR3	189804	175483	174892	174783	172794	164362	86.6
MP_E496_3B_PCR2	175334	163280	162760	162545	160678	152645	87.1
MP_E496_3B_PCR3	159313	147847	147412	147208	145751	138858	87.2
MP_E498_1B_PCR2	172837	160458	160097	160068	158591	154417	89.3
MP_E498_1B_PCR3	164372	151914	151613	151509	150012	146482	89.1
MP_E498_2B_PCR2	142054	130014	129690	129581	128321	123051	86.6
MP_E498_2B_PCR3	154598	142096	141775	141627	140234	135151	87.4
MP_E498_3B_PCR2	167525	155015	154609	154442	153012	148062	88.4
MP_E498_3B_PCR3	165398	154156	153814	153610	152113	147214	89
MP_E573_1B_PCR2	158711	138614	137636	137610	135651	132411	83.4
MP_E573_1B_PCR3	112227	101854	101163	100974	99812	97880	87.2
MP_E573_2B_PCR2	162469	148511	147720	147428	145745	141692	87.2
MP_E573_2B_PCR3	186597	169447	168633	168139	166372	161840	86.7
MP_E573_3B_PCR2	175400	159201	158444	158071	156155	151974	86.6
MP_E573_3B_PCR3	167749	152514	151721	151366	149701	145768	86.9
MP_E574_1B_PCR2	72605	58909	58540	58420	57577	56196	77.4
MP_E574_1B_PCR3	150611	122685	122170	121789	120383	116742	77.5
MP_E574_2B_PCR2	146261	131775	130922	130642	128800	125749	86
MP_E574_2B_PCR3	119608	107607	106970	106568	105034	102734	85.9
MP_E574_3B_PCR2	150338	141366	141190	141150	139972	136980	91.1
MP_E574_3B_PCR3	139343	131016	130891	130787	129855	127070	91.2
MP_E575_1B_PCR2	151397	139301	138782	138516	136997	131115	86.6
MP_E575_1B_PCR3	142140	130102	129670	129314	127923	122123	85.9
MP_E575_2B_PCR2	136505	126490	126171	125955	125026	120577	88.3
MP_E575_2B_PCR3	137052	125105	124803	124446	123531	119068	86.9
MP_E575_3B_PCR2	146085	135398	134972	134974	133487	124671	85.3
MP_E575_3B_PCR3	114482	89260	88882	88899	87775	82244	71.8
MP_E598_1B_PCR2	174627	160891	160227	159890	157841	154518	88.5
MP_E598_1B_PCR3	154401	133726	132964	132844	131090	128365	83.1
MP_E598_2B_PCR2	194433	177749	176757	176401	173970	169648	87.3
MP_E598_2B_PCR3	149417	136300	135561	135268	133622	131231	87.8
MP_E598_3B_PCR2	144899	134177	133305	132778	130688	127590	88.1
MP_E598_3B_PCR3	152348	137139	136319	135798	133801	131140	86.1
MP_E600_1B_PCR2	156588	139093	138783	138684	137385	132950	84.9
MP_E600_1B_PCR3	160457	148356	148054	147942	146532	141846	88.4
MP_E600_2B_PCR2	148880	137574	137388	137278	136462	132313	88.9
MP_E600_2B_PCR3	162573	148235	147970	147720	146696	142463	87.6
MP_E600_3B_PCR2	138653	120825	120489	120404	119193	114658	82.7
MP_E600_3B_PCR3	195961	180302	179901	179769	177893	171671	87.6
MP_E610_NC	2781	2251	2249	2248	2248	2248	80.8
MP_POSITIVE	94036	83649	83646	83644	83324	82963	88.2
