ASV	Multi_taxID_entry	USED
ASV_10004	1162085, 1162089;1193138	FALSE
ASV_10070	39449, 71860, 2968077, 1290334, 257771, 1162085, 1162089;1193138, 66471, 257771;260685	FALSE
ASV_10103	447208;497816	TRUE
ASV_10114	70095, 1295605, 69773, 5081, 1343394, 69779, 70792, 63822, 261906, 62690, 3101662, 1799502, 2998137, 2998136, 303237, 5075, 858606, 480332, 29914, 96007, 3062420, 1562000, 416450, 1507553, 70106, 1354861, 1354859, 1585414;1585415, 70105, 69783, 69777, 69771, 2606520, 1263194, 2547484, 1167548, 2015546, 121612, 1328044, 1167568, 1850974, 1343409, 2795747, 176176	FALSE
ASV_1020	186038, 186040, 186038;186040, 210449, 186037, 912665, 2315413	FALSE
ASV_10217	1222190, 1132386, 1069106;1346584, 1345012, 1345007, 2716527, 129184, 1069103, 1069099, 1069105	FALSE
ASV_10236	2219862, 2984361, 699233, 2861142, 699226, 2984356, 2984355;2984366, 2984355, 2984365, 2984350, 2984357, 699227, 2984346, 699235, 2984345	FALSE
ASV_10248	8014, 29151, 137520, 61084, 89573, 182228, 89573;182228, 182227	FALSE
ASV_10254	56723, 13489, 195611, 34816, 761803, 94946, 13489;94946;761803	FALSE
ASV_10368	3016982, 2881280, 1519773, 2836766;2836767, 2836765, 2836763, 2836761, 2836759, 2836758, 324890	FALSE
ASV_10461	298469, 1859720, 1817437;1859805;1859816, 1817434;1817435;1859790, 1817433;1817436	FALSE
ASV_10478	97485, 2903, 1856765, 280463, 2812485, 35144, 44453, 2903;38817;1663125, 284783, 38817;284784;284790, 97484	FALSE
ASV_10513	1212512, 1212511, 3033743, 2913344, 2913351, 2913348, 2913350, 231370, 2836769, 1212513, 2836751, 2836752;2913349	FALSE
ASV_1060	1274662, 144291;1274662	FALSE
ASV_1061	6550, 40252, 6549, 2840390;2840391;2840392;2840393;2840394, 2840387;2840389, 2840388, 2840382, 6551, 29158, 61353	FALSE
ASV_10713	44452, 561169, 1034827, 119481, 44452;119481, 337320, 44452;2081491	FALSE
ASV_10871	160389, 5599, 45303, 1715220, 29911, 216837, 119957, 160436, 119927, 119927;156630, 1439753, 1111114, 1494915;1702016, 1230485, 877200, 600396, 422734, 216860, 135859, 119925, 216847, 216846, 216845, 5599;156630;216844, 119927;216842;216843, 119927;160389;167741;216841;216848, 45300, 156630, 1187918, 1460663, 1110543, 390888, 245171, 230010, 5599;1110544, 1110541;1715220, 167740, 1579463	FALSE
ASV_10875	270537, 304456, 316135, 13676, 99344, 1068868, 13733, 1182847, 1182846, 2726525, 721939, 499856, 316137, 320586, 13662, 13353, 2968232, 507566, 274697, 76143, 13587, 372794, 316127, 13543, 13323, 274709, 1156143, 372800, 274700, 2108422, 700668, 8236, 8240, 349642, 217026, 406537, 175428, 225759, 406536, 406535, 92439, 225761, 175429, 175429;215396, 215396, 406534, 406533, 406532, 225756, 406531, 225760, 75042, 225757, 225758, 225755, 406530, 443679	FALSE
ASV_10894	1162085, 1162089;1193138	FALSE
ASV_10921	676789, 156133, 284976;284978;284979;284980;284981;284982	FALSE
ASV_10936	2015895, 2015894, 1366059, 316203, 500023, 316177, 499908, 499907, 2837385, 316211, 168756, 2747905, 316226, 316191, 316177;316209;316211, 645351	FALSE
ASV_1095	1714380, 1606541, 722754;1714387, 1411661	FALSE
ASV_10966	1401190;1401191;1401192, 1401189, 1401188, 1401165, 36892	FALSE
ASV_10998	156133, 284976;284978;284979;284980;284981;284982	FALSE
ASV_11015	39449, 71860, 2968077, 1290334, 257771, 257771;260685	FALSE
ASV_11024	2601838, 656076, 2570378, 1326985, 478423, 4491, 1326984, 6116, 1499594, 1499606, 1499612, 1350352, 2763134, 2760912, 2777157, 2760912;2777157, 396345, 1147133, 1143169, 856769, 856790, 856780, 656079, 656064, 656065, 656063, 656070, 396333, 396344, 51821, 491812, 2652724, 171246, 87731, 86610, 2861277, 656068, 478420, 1720311, 478392	FALSE
ASV_11092	338244, 2015897, 645386, 557398, 338254, 168779, 168745, 168785, 316230, 316224, 316173, 316218, 316216, 316184;316205, 645392, 316183, 2751894, 2721091, 316165, 2767590	FALSE
ASV_11093	316200;2015892	TRUE
ASV_11094	338244, 2015897, 645386, 557398, 338254, 168779, 168745, 168785, 316230, 316224, 316173, 316218, 316216, 316184;316205, 645392, 316183, 2751894, 2721091, 316165	FALSE
ASV_11119	1312089;1312103;1312105, 1079765, 627966, 87105	FALSE
ASV_11197	2015895, 2015894, 1366059, 316203, 500023, 316177, 499908, 499907, 2837385, 316211, 168756, 2747905, 316226, 316191, 316177;316209;316211	FALSE
ASV_11222	760132, 328562, 470419, 2751900, 2614888, 2614890, 2614889, 2614891, 2614893, 2614892, 2614888;2614889;2614890;2614892	FALSE
ASV_11229	1312089;1312103;1312105, 627966	FALSE
ASV_11241	338244, 2015897, 645386, 557398, 338254, 168779, 168745, 168785, 316230, 316224, 316173, 316218, 316216, 316184;316205, 645392, 316183, 2751894, 2721091, 316165	FALSE
ASV_11246	39449, 71860, 2968077, 1290334, 257771, 257771;260685	FALSE
ASV_11251	72669, 1332105, 1320744, 1332179, 1320720, 1320712, 1332097, 1320703;1332095, 1332114;1332116, 1320691, 1332090, 1320659, 1332088, 1332087, 72669;105859, 1320687, 1317690;1320728;1332178, 398667;1081871, 106125	FALSE
ASV_11319	39449, 71860, 2968077, 1290334, 257771, 257771;260685	FALSE
ASV_11361	1198971, 143670, 1695222, 1691974, 1691973, 71861, 1652117, 1655535, 631048, 160611, 858356, 289378, 284798;284799;284802, 284797	FALSE
ASV_11407	1312089;1312103;1312105, 627966	FALSE
ASV_11413	266818;266820	TRUE
ASV_11435	51282;279642	TRUE
ASV_11507	156133, 284976;284978;284979;284980;284981;284982	FALSE
ASV_11633	2231657;2598547;2598548, 1684122	FALSE
ASV_11668	338244, 2015897, 645386, 557398, 338254, 168779, 168745, 168785, 316230, 316224, 316173, 316218, 316216, 316184;316205, 645392, 316183, 2751894, 2721091, 316165	FALSE
ASV_11785	88552, 2984361, 2984353, 2984356, 2984355;2984366, 2984355, 2984365, 2984350, 2984357, 699227, 2984346, 699235, 2984345, 210735	FALSE
ASV_11809	4929, 27299, 4929;27326, 4959, 66948, 1853546, 304223, 374178, 27296, 58627, 2019545, 28549, 1276930, 1592528, 522693, 5476, 1468585, 45501, 45502, 304220, 422766, 422808, 422807, 422796, 422792, 422785, 422784, 422781, 422777, 422776, 422761, 193123, 45504, 58641, 58627;148098, 28551, 27306, 45516, 27297, 28555, 269486, 154314, 271284, 271268, 45549, 4929;374178, 717894, 4959;170514, 4959;58641, 234573, 87747, 271272, 979893, 1891166, 4932, 1117292, 1134511, 1117293, 4911, 271266	FALSE
ASV_11844	1891247, 1050078, 1229643;1229644;1229645, 1891249, 513287	FALSE
ASV_11889	156182, 284789, 156181;284787;284792, 284759;424548, 284805, 284756, 284755, 97492, 127547, 1615609	FALSE
ASV_1190	2932, 2926, 2925, 1471208, 1126604, 1126602, 1126601, 1041877, 1041877;1126601;1126602;1126603;1126604, 1126609, 1126608, 1126610, 1126605;1126607;1126608;1126609;1126610	FALSE
ASV_12055	2547642, 569439, 2547607, 2547616;2547617, 2547611	FALSE
ASV_12208	2015895, 2015894, 1366059, 316203, 500023, 316177, 499908, 499907, 2837385, 316211, 168756, 2747905, 316226, 316191, 316177;316209;316211	FALSE
ASV_12210	2015895, 2015894, 1366059, 316203, 500023, 316177, 499908, 499907, 2837385, 316211, 168756, 2747905, 316226, 316191, 316177;316209;316211	FALSE
ASV_1222	2926, 2932, 1126604, 1126602, 1126603, 1126601, 1041877, 1041877;1126602;1126604, 1041877;1126604, 1041877;1126601;1126602;1126604	FALSE
ASV_12222	2055248, 1162089;1193138	FALSE
ASV_12315	1312089;1312103;1312105, 627966	FALSE
ASV_12360	1401190;1401191;1401192, 1401189, 1401188, 1401165, 36892	FALSE
ASV_1243	156182, 284789, 156181;284787;284792, 284759;424548, 284805, 284756, 284755, 97492, 127547, 1615609, 373042, 35139, 424531, 424530, 418937, 424526, 221442, 35137	FALSE
ASV_12444	266818;266820	TRUE
ASV_12456	1181306, 3038940, 593579;2291877, 6591, 2291877	FALSE
ASV_1248	338244, 2015897, 645386, 1390100, 557398, 338254, 168779, 168745, 168785, 316230, 316224, 316173, 316218, 316216, 316184;316205, 645392, 316194;1390099, 316192;316193, 316183, 2751894, 316170, 2721091, 316165	FALSE
ASV_12543	1312089;1312103;1312105, 627966, 87105, 87103	FALSE
ASV_12625	2984361, 2984353, 2984356, 2984355;2984366, 2984355, 2984365, 2984350, 2984357, 699227, 2984346, 699235, 2984345, 66473	FALSE
ASV_12706	2919510;2919511, 2919509	FALSE
ASV_12715	2984361, 2984356, 2984355;2984366, 2984355, 2984365, 2984350, 2984357, 699227, 2984346, 699235, 2984345	FALSE
ASV_12723	484820, 347359, 1285977;1779056, 633082	FALSE
ASV_12731	1582117;1582120;1582138;1582139, 1582122, 1299289;1299290, 457647, 1548726	FALSE
ASV_12732	447208;497816	TRUE
ASV_12760	156182, 284789, 156181;284787;284792, 284759;424548, 284805, 284756, 284755, 97492, 127547, 1615609	FALSE
ASV_12776	39449, 71860, 2968077, 1290334, 257771, 257771;260685	FALSE
ASV_12801	1920008, 367565, 2602924, 367565;368946, 457876	FALSE
ASV_12831	2083271, 1444700, 1444687;1444705	FALSE
ASV_12851	64495, 936053, 466940, 29923, 29923;64495, 536346	FALSE
ASV_1290	39449, 71860, 2968077, 1290334, 257771, 257771;260685, 260685, 1905723, 2902008	FALSE
ASV_12929	2919510;2919511, 2919509, 2728114, 2728115	FALSE
ASV_12932	1866295;1866296;1866297;1866298, 990116, 990114, 2797828	FALSE
ASV_13008	859418, 859418;1576522, 639591, 86556;639591;1460409, 86556, 86556;639591, 639604, 86521, 2747897, 89594, 44190, 153213, 124283, 360990, 125325, 124279, 124282, 124277, 124278	FALSE
ASV_13012	3911, 57577, 471149, 47083, 47082, 3879, 932098, 20408, 3827, 3893, 861244, 83862, 70973, 47085, 3899, 97023, 97021, 3900, 20805, 1276791, 732116, 1552224, 3888, 70936, 53836, 3909, 347994, 202240, 157652, 83131, 158321, 158325, 158326, 119826, 158320, 158322, 158323;158324, 119829, 649199, 3880	FALSE
ASV_13027	1312089;1312103;1312105, 627966	FALSE
ASV_13111	1212512, 1212511, 3033743, 2913344, 2913351, 2913348, 2913350, 231370, 2836769, 1212513, 2836751, 2836752;2913349	FALSE
ASV_13145	1390100, 316194;1390099, 316192;316193, 316170	FALSE
ASV_13207	338244, 2015897, 645386, 557398, 338254, 168779, 168745, 168785, 316230, 316224, 316173, 316218, 316216, 316184;316205, 645392, 316183, 2751894, 2721091, 316165	FALSE
ASV_1321	168763, 316229, 316215, 1521551, 1922289, 1922288, 1922287, 1922287;1922290	FALSE
ASV_13274	2984361, 2984353, 2984356, 2984355;2984366, 2984355, 2984365, 2984350, 2984357, 699227, 2984346, 699235, 2984345, 1501395	FALSE
ASV_13312	2066654;2066655, 2066647	FALSE
ASV_13433	39449, 71860, 2968077, 1290334, 257771, 257771;260685	FALSE
ASV_13484	338244, 2015897, 645386, 557398, 338254, 168779, 168745, 168785, 316230, 316224, 316173, 316218, 316216, 316184;316205, 645392, 316183, 2751894, 2721091, 316165	FALSE
ASV_13604	515476, 432276, 449132, 426662, 426641, 426640, 242046, 210441, 426639, 210441;432277, 1415748	FALSE
ASV_1365	1198971, 143670, 1695222, 1691974, 1691973, 71861, 1652117, 1655535, 631048, 160611, 858356, 289378, 284798;284799;284802, 284797, 1239451	FALSE
ASV_13652	106299, 31199, 6573;106299, 6573, 509963, 50417	FALSE
ASV_13666	2984361, 2984353, 2984356, 2984355;2984366, 2984355, 2984365, 2984350, 2984357, 699227, 2984346, 699235, 2984345, 210735	FALSE
ASV_13698	321034;1592242, 84042, 2983430, 153507, 321033;321034	FALSE
ASV_13708	1918581, 242753, 2859483, 1917252, 1917255, 242751, 126652, 1328857, 214970;351729, 983564, 242757, 63558, 214969, 174260, 2723977, 1263187, 214970, 242744, 1917279, 2201886, 1888187, 1888186;1888188;1888189, 498488, 1540034, 2282824, 351729, 1780396, 1540026, 46738, 465062, 1540024, 1540035, 1540036, 983576, 46694, 51051, 154327, 1540025, 242763, 983565, 242754, 242756, 1540029, 983589, 1540028, 51120, 242776	FALSE
ASV_13907	1198971, 143670, 1695222, 1691974, 1691973, 71861, 1652117, 1655535, 631048, 160611, 858356, 289378, 284798;284799;284802, 284797	FALSE
ASV_13915	338244, 2015897, 645386, 557398, 338254, 168779, 168745, 168785, 316230, 316224, 316173, 316218, 316216, 316184;316205, 645392, 316183, 2751894, 2721091, 316165	FALSE
ASV_13921	71516, 6526, 158987, 112527, 112525, 1511519, 981056, 112526, 1922199, 271030, 1469671, 1536767, 1080724, 1529684, 1042464, 1536738, 1536741, 1536740, 1536743, 1529682, 1470013, 1470012, 1470010, 1470008, 1249887, 2823525, 112528, 106804, 52793, 483039, 31228, 55699, 161078, 2529398, 129831, 142891, 6500, 6523;55699, 6523, 980444, 980443, 271031, 240818, 1042462, 884218, 884220, 283763, 142894, 142893, 159021, 153466, 159020, 159266, 159265, 159264, 159019, 112524, 159018, 142889, 142890, 158988, 50959, 158986, 158985, 259548, 157134, 52931, 76188, 71498, 520981	FALSE
ASV_13922	1912745, 1919245, 1532212, 1017162, 1037658, 168726, 140474, 1742921, 140474;1742922;1912747;1912748;1912749;1912750, 1912742;1912743;1912745	FALSE
ASV_14093	156133, 284976;284978;284979;284980;284981;284982	FALSE
ASV_14138	2984361, 2984353, 2984356, 2984355;2984366, 2984355, 2984365, 2984350, 2984357, 699227, 2984346, 699235, 2984345, 210735	FALSE
ASV_14150	1401190;1401191;1401192, 1401189, 1401188, 1401165, 36892	FALSE
ASV_14194	2591690, 143670, 88552, 2219862, 1685954, 2984361, 2984353, 699233, 2861142, 699226, 2984356, 2984355;2984366, 2984355, 2984365, 2984350, 2984357, 699227, 2984346, 699235, 2984345, 2820086, 1341611, 268821, 686318, 268820, 427755, 237452, 237449, 210735	FALSE
ASV_14273	1000990, 119497, 119497;119529, 284699	FALSE
ASV_14274	1274662, 144291;1274662	FALSE
ASV_14293	316231, 316189, 316178;316206;2721093	FALSE
ASV_14304	99931, 31340;62308, 62308, 31340, 31340;62302, 62303, 62303;62310;62311;62312;99931;1205903, 62318	FALSE
ASV_14329	1312089;1312103;1312105	TRUE
ASV_14345	316200;2015892	TRUE
ASV_14356	1730091;1730092, 186182	FALSE
ASV_14418	114071, 503039, 670708, 114067, 507447, 2779383, 544705, 114067;134763	FALSE
ASV_14460	2019374, 2019373, 162140, 162140;2019373	FALSE
ASV_14639	1859846, 1817515;1817516;1859904, 1817498, 1817497	FALSE
ASV_14650	39449, 71860, 2968077, 1290334, 257771, 257771;260685	FALSE
ASV_14715	326734, 2752232, 316189, 316178;316206;2721093	FALSE
ASV_14812	265524;281058, 435404, 265524	FALSE
ASV_14842	2219862, 2984361, 2984356, 2984355;2984366, 2984355, 2984365, 2984350, 2984357, 699227, 2984346, 699235, 2984345, 1501395	FALSE
ASV_1505	1198971, 143670, 1695222, 1691974, 1691973, 71861, 1652117, 1655535, 631048, 160611, 858356, 289378, 284798;284799;284802, 284797	FALSE
ASV_1506	186038, 1969918, 186040, 186038;186040, 210449	FALSE
ASV_15151	184759, 184760, 149009, 149001, 149007, 148996, 149008, 149001;184759	FALSE
ASV_15165	1390100, 316194;1390099, 316192;316193, 316170	FALSE
ASV_15227	3711, 2600570, 2600543, 2600517, 2600444, 2600491, 1762922, 2126470, 2083452, 189240, 4220, 1619875, 1639343;1639344	FALSE
ASV_15273	39449, 71860, 2968077, 1290334, 257771, 257771;260685	FALSE
ASV_15304	1884647, 77929, 2867501;2867506, 1326777, 295837, 302021, 1326766, 1326763, 3034	FALSE
ASV_15369	338244, 2015897, 645386, 557398, 338254, 168779, 168745, 168785, 316230, 316224, 316173, 316218, 316216, 316184;316205, 645392, 316183, 2751894, 2721091, 316165	FALSE
ASV_15441	318448, 179117, 659875, 97700, 126820, 362788, 78630, 59883, 158604, 2563718, 73228, 122198, 158603, 73225, 122196, 1417791, 73221, 1888218, 2563717, 57694, 2563707, 1167265, 59882, 253081, 73208, 2563714, 73205, 59872, 163034, 73203, 59877, 1417779, 59884, 73198, 59873, 122187, 2563703, 158596, 122186, 122254, 253075, 73191, 1417776, 28968, 73188, 73187, 73186, 28967, 59866, 158591, 2563705, 2563708, 163018, 59870, 122191, 2563710, 158599, 253073, 253190, 253083, 122190, 2563706, 253197, 122257, 59869, 253191, 4029, 73212, 1881864, 4032, 73193, 253085, 122253, 1198090, 122185, 364522, 122193, 73201, 253074, 122189, 122188, 253076, 158592, 73200, 59871, 2563702, 73180, 122184, 2563715, 73195, 73190, 2563719, 2563728, 73181, 2563727, 73196, 73211, 163042, 163053, 163035, 2563716, 163043, 73207, 73218, 207710, 450003, 705347, 350433, 397401, 50174, 397384, 397382, 350429, 2517823, 23110, 349476, 60130, 859264, 58331, 109069, 253216, 2004888, 2004887, 1671029, 109063, 3516, 2004886, 1671028, 1671027, 492571, 1052851, 3518, 237954, 182331, 182329, 2021135, 107827, 55373, 335940, 125047, 107821, 129297, 55371, 1938279, 210373, 379955, 487684, 180772, 97441, 3975, 1317868, 50146, 3082571, 397373, 91168, 39468, 488216, 1885598, 1387641, 1487831, 1777513, 1777508, 1129499, 316893, 1777512, 316895, 1777501, 316669, 1777569, 1441922, 1123542, 423289, 1619557, 1777518, 316898, 1777561, 1777568, 316741, 1777535, 1777528, 1777533, 1777550, 1620206, 1487842;1777532, 1777532, 1777551, 1777523, 1777565, 1777545, 1777558, 1777539, 1777553, 1777548, 316899, 398639, 687771, 1777540, 1777531, 1777520, 1777554, 1777542, 1777552, 1777564, 1777556, 1777529, 1777544, 1777566, 1777563, 1777519, 1487838, 1777559, 1777547, 1777549, 1777536, 1777537;1777560, 1777534, 1487843, 1777526, 1777524, 1777557, 316901, 1777494, 1777493, 316891, 398583, 4283, 13451, 486065, 486073, 182163, 3517, 103481, 3691, 1789066, 103484, 79760, 2879480, 2879479, 2879478, 2879477, 2879476, 1389742, 162690, 2879475, 2879474, 162689, 3085926, 2879472, 2879471, 162688, 162687, 162686, 2818404, 2879470, 1899099, 2879469, 162685, 508986, 2818402, 2818401, 1899098, 1899118, 207523, 38942, 270437, 270443, 270446, 270440, 985414, 998863, 270432, 270431, 19953, 4202, 669861, 213829, 28503, 13385, 1643853, 13510, 457265, 212879, 2909850, 1288323, 35972, 50113, 13417, 176864, 2739904, 1129971, 212962, 28930, 71402, 211712, 2767527, 211698, 2767521, 2767522, 211723, 211706, 2767525, 2767526, 211718, 2767524, 211704, 183948, 291096, 38787, 1161148, 135518, 367354, 85293, 3505, 3512, 191066, 105271, 38865, 12990, 49144, 175228, 125044, 162751, 180066, 54804, 378929, 449998;449999, 76025, 48248, 13651, 13500, 64689, 55226, 13405, 3625, 123447, 324809, 79765, 79759, 240183, 3806;180222, 167791;180222;180223, 51255, 1009504	FALSE
ASV_15484	39449, 71860, 2968077, 1290334, 257771, 257771;260685	FALSE
ASV_15494	31301;2036780, 3076, 2705112, 3088, 1848535, 1848530, 3082, 1962112, 3098046, 3077, 1667206, 1616851, 532145, 1594762, 1594758, 1594756, 1549766, 2911188, 1065482, 2884790, 1458957, 1458961, 1458964, 797644, 797670, 554055, 2708138, 1244780, 2732266, 1202766, 1289289, 1289292, 1219874, 1219867, 1219864, 31301, 1065481, 1065483, 1297540, 554068, 2755410, 554067, 798525, 798524, 798526, 797674, 554069, 554066, 554063, 554062, 554060, 554070, 387617, 387616, 554065, 226315, 226313, 221622, 221623, 221618, 3076;3077, 126839, 247497, 247503, 73907, 73905, 76569, 1289293, 3077;310509, 310512, 310511, 310510, 2654180, 2555494, 2547801, 1211292, 2556096, 1175501, 1175500, 2555492, 2556095, 1078441, 1078440, 1078437, 1078439, 1078433, 1078432, 1078422, 3029939, 3031734, 3004489, 1842863, 1767088, 1914999, 1767119, 1518185	FALSE
ASV_15594	1390100, 316194;1390099, 316192;316193, 316170	FALSE
ASV_15659	1274662, 144291;1274662	FALSE
ASV_15677	328570, 2712102, 2501652, 513426, 1643395, 1643394, 2987705, 2987704, 861490, 2915640, 44925, 3003226, 1643393, 1806067, 2839827, 2814046, 513425, 470412, 542703, 542705, 2608285, 470411;1285666, 1285667, 908899, 475660, 546832, 1285673, 861502, 861503, 861501, 2608291, 518607, 518606, 2501657, 2073168	FALSE
ASV_15681	1390100, 316194;1390099, 316192;316193, 316170	FALSE
ASV_15682	1683870, 1684125, 2927301, 2927306, 2836774;2836775, 2836773, 2778049, 187758, 324891, 1809752, 1809752;2836770	FALSE
ASV_15698	242159, 1930181, 181122, 1171684, 1171683, 1171682, 1171680, 1171679, 1171677, 1171669;1171676, 1171675, 1171672;1171673, 1171671, 1171670, 1171674, 70448, 436017, 252315	FALSE
ASV_15768	1312089;1312103;1312105	TRUE
ASV_15776	338244, 2015897, 645386, 557398, 338254, 168779, 168745, 168785, 316230, 316224, 316173, 316218, 316216, 316184;316205, 645392, 316183, 2751894, 2721091, 316165	FALSE
ASV_15838	1390100, 316194;1390099, 316192;316193, 316170	FALSE
ASV_15842	39449, 71860, 2968077, 1290334, 257771, 257771;260685	FALSE
ASV_15848	69334;1304953, 1304952, 37303;1304951, 442296, 69331, 1304950, 55564, 1304949, 69338, 13779, 69346	FALSE
ASV_1587	1162085, 1162089;1193138	FALSE
ASV_15886	39449, 71860, 2968077, 1290334, 257771, 257771;260685	FALSE
ASV_15924	447208;497816	TRUE
ASV_16060	39468, 246704, 55322, 397073, 397063;397077, 55321, 16364, 189328, 55318;246702, 108425, 55318, 55320	FALSE
ASV_16062	284684, 284676;284681	FALSE
ASV_1607	1000985, 1000986, 119481, 284730, 284693;284726;284727;284729	FALSE
ASV_16150	44440, 415975, 90936;859642;859643, 299905, 162275, 90936, 859643, 859642;859643, 859642	FALSE
ASV_16263	338244, 2015897, 645386, 557398, 338254, 168779, 168745, 168785, 316230, 316224, 316173, 316218, 316216, 316184;316205, 645392, 316183, 2751894, 2721091, 316165	FALSE
ASV_16312	415975, 90936;859642;859643, 299905, 162275, 90936, 859643, 859642;859643, 859642, 1091461	FALSE
ASV_16349	27292, 4932, 114524, 1987369, 1080349, 55601, 230603, 1911677, 1969575, 580240, 27291, 559292, 226230, 1165456, 226126, 1294332, 1294330, 1294329, 1294328, 1294327, 1294326, 1294325, 1294324, 1294323, 1294322, 1294321, 1294320, 1294319, 1294318, 1294317, 1294316, 1294315, 1294314, 1294313, 1294312, 1294311, 502869, 1294310, 947044, 468558, 947042, 1294309, 1294307, 1294306, 1294305, 1294304, 1294303, 1294388, 1294387, 1294385, 1294384, 1294383, 1294382, 1294381, 1294380, 1294379, 1294378, 1294376, 1294375, 1294374, 1294373, 1294372, 1294371, 1294370, 1294369, 1294368, 1294367, 1294366, 1294365, 1294364, 1294363, 1294362, 1294361, 1294360, 1294359, 1294358, 1294357, 1294356, 1294355, 1294354, 1294353, 1294352, 1294351, 1294350, 1294349, 1294348, 1294347, 1294346, 1294345, 1294344, 1294343, 1294342, 1294341, 1294340, 1294339, 1294338, 1294337, 1294336, 1294335, 1294334, 1294333, 1293430, 1292971, 1296266, 1294331, 4931, 5541, 4932;559292, 4932;559292;1247190, 4932;580240, 1220494, 643680, 226125, 32630, 367816, 117530, 261971, 200335, 114526, 114524;114525, 4932;209285;559292, 4931;27291	FALSE
ASV_16385	2863862, 2864031, 2864030, 2863859, 1807087, 2863862;2864026, 2863862;2864025	FALSE
ASV_16405	65357, 1440115, 2202155, 1441772, 1441771, 2780433, 890382, 890382;904126	FALSE
ASV_1667	2984361, 2984356, 2984355;2984366, 2984355, 2984365, 2984350, 2984357, 699227, 2984346, 699235, 2984345	FALSE
ASV_16700	86043, 880215, 2909184, 2909183, 2909180, 2910003, 2909179, 2909178, 2909177, 2909176, 2909174, 2910002, 2910001, 2910000, 2908906, 86043;645345	FALSE
ASV_1671	1176325, 1720109, 2066033, 1720110, 1169002;1967944, 1967943, 1050079, 626736, 1169005	FALSE
ASV_16745	62849, 175380, 376014;376015;376016;376017, 376012, 175364, 175351;175353	FALSE
ASV_16748	2015895, 2015894, 1366059, 316203, 500023, 316177, 499908, 499907, 2837385, 316211, 168756, 2747905, 316226, 316191, 316177;316209;316211, 645351	FALSE
ASV_16794	1312089;1312103;1312105, 627966, 87105	FALSE
ASV_16833	2856;1655539, 463621, 33645, 210448, 216799, 33649, 186022, 232514	FALSE
ASV_16866	311979, 1519616, 290828, 2951, 1415525, 284794, 2952, 2950, 27935, 27936, 197035, 197033, 1415524, 2231317, 319210, 319209, 319208, 480394, 480399, 468383, 298137, 319205, 319204, 293254, 293251, 293250, 142880, 141430, 141429, 141427, 141425;141426;141428;141431;141432;141433;141435;141436;141439;141440;141441;141442;141443;141444;141449;142068, 141424;141434;141437;141438;141445;141446;141447;141448;141819;141820;141821;141822;142116;142118;142119, 141423, 141422, 106101, 319206, 529092, 2231320, 2231318, 2231321, 319203, 2231319, 2486700, 104179, 348543, 319207, 2705340, 2705341, 348566, 348551, 348552, 348559, 381937, 262974, 560028	FALSE
ASV_16889	1212512, 1212511, 3033743, 2913344, 2913351, 2913348, 2913350, 231370, 2836769, 1212513, 2836751, 2836752;2913349	FALSE
ASV_17242	1891247, 1050078, 1229643;1229644;1229645, 1891249, 513287	FALSE
ASV_1726	1162089;1193138, 1162085	FALSE
ASV_17263	2591690, 143670, 2984361, 2984353, 2984356, 2984355;2984366, 2984355, 2984365, 2984350, 2984357, 699227, 2984346, 699235, 2984345, 2820086, 1341611, 268821, 686318, 268820, 427755, 237452, 237449	FALSE
ASV_17354	149001, 148996, 149009, 149006, 149007, 149008, 184760, 149001;184759	FALSE
ASV_17358	447208;497816, 2846882	FALSE
ASV_17362	98058;420639	TRUE
ASV_17389	2604071, 33653, 167961;1764937, 2939511, 427040, 409286, 127151, 1162744	FALSE
ASV_1745	181122, 1171684, 1171683, 1171682, 1171680, 1171679, 1171677, 1171669;1171676, 1171675, 1171672;1171673, 1171671, 1171670, 1171674, 252315, 70448, 1171681	FALSE
ASV_17459	156182, 284789, 156181;284787;284792, 284759;424548, 284805, 284756, 284755, 97492, 127547, 1615609	FALSE
ASV_17476	2041817, 2041816, 2041815, 2041814, 2843, 267567, 1503408, 1198650, 1030539;1030546, 1030545, 1030544, 1030543, 1030542, 1030540, 866888, 866887, 866886, 866884, 866879, 866878, 866871, 216762;267567;1030547;1030548;1030549, 267566, 41457	FALSE
ASV_17505	1921132, 259040, 266818;266820	FALSE
ASV_17517	1859813;1859894, 1817491, 1817490, 1817489, 1817488, 1817487, 1817486, 1817485, 1817493;1817494;1859755;1859776;1859835, 1817511, 1817510, 1817484, 1817483, 1817482, 1817481, 1817480, 1817479, 1817478, 1817477;1859808;1859821;1859918	FALSE
ASV_17572	181122, 1171684, 1171683, 1171682, 1171680, 1171679, 1171677, 1171669;1171676, 1171675, 1171672;1171673, 1171671, 1171670, 1171674, 252315, 70448	FALSE
ASV_17574	1859892, 1859877, 1859813;1859894, 1859796, 1859795;1859893, 1859745, 1859724;1859737;1859773;1859780;1859891, 1817491, 1817490, 1817489, 1817488, 1817487, 1817486, 1817485, 1817493;1817494;1859755;1859776;1859835, 1817511, 1817510, 1817484, 1817483, 1817482, 1817481, 1817480, 1817479, 1817478, 1817477;1859808;1859821;1859918	FALSE
ASV_17575	1010543, 1010474;1010503;1010513;1010526	FALSE
ASV_17643	2052611, 1898700;2052616	FALSE
ASV_17686	2919510;2919511, 2919509	FALSE
ASV_17769	338244, 2015897, 645386, 557398, 338254, 168779, 168745, 168785, 316230, 316224, 316173, 316218, 316216, 316184;316205, 645392, 316183, 2751894, 2721091, 316165	FALSE
ASV_17860	2099571, 1696142, 622431, 622431;1696143	FALSE
ASV_179	114071, 503039, 670708, 544705, 201685, 114067;134763, 507447, 114067, 134763	FALSE
ASV_17918	185980, 432273, 216617, 432268, 432267, 426648, 432266, 449154, 449151, 210448, 210448;426648, 432274, 2231025, 2930195, 185980;426648, 303400, 2528963	FALSE
ASV_18	1390100, 316194;1390099, 316192;316193, 316170	FALSE
ASV_1801	1295634, 416578, 1050079, 641209, 180941, 1967940, 1168997;1967940, 1168997, 1050084	FALSE
ASV_18183	316189, 316178;316206;2721093	FALSE
ASV_18384	2994320, 268820;463290	FALSE
ASV_1844	856786, 478384, 2696295, 58804, 1742617, 1742613, 1742618, 1742612, 160216, 408858;1145092, 58804;160221;478396;1742615;1742617;1742618, 408858, 1145092	FALSE
ASV_18554	447208;497816	TRUE
ASV_18597	1395598, 622430;2099571	FALSE
ASV_18612	1312089;1312103;1312105, 627966, 87105, 87103	FALSE
ASV_18636	1390100, 316194;1390099, 316192;316193, 316170	FALSE
ASV_1872	1010543, 1010474;1010503;1010513;1010526	FALSE
ASV_189	2057234, 1891244, 626736, 1891239, 1229648, 1229646, 1176383, 1133700, 180940, 2066033, 1720110, 1169002;1967944, 1967943, 1050079, 1169005, 1720109	FALSE
ASV_18905	3016982, 2881280, 1519773, 2836766;2836767, 2836765, 2836763, 2836761, 2836759, 2836758, 324890, 2183544, 2836762, 2836760	FALSE
ASV_19031	145522, 43925, 286791, 651207;1147737, 651206;1147737, 120807, 43926, 405649;1147737, 405647, 91345;1147737, 91344, 44426, 72522;145522;1027358, 52230, 1734947, 1104435, 1776159	FALSE
ASV_19049	39449, 71860, 2968077, 1290334, 257771, 257771;260685	FALSE
ASV_19069	39449, 71860, 2968077, 1290334, 257771, 257771;260685	FALSE
ASV_19082	2984361, 2984353, 2984356, 2984355;2984366, 2984355, 2984365, 2984350, 2984357, 699227, 2984346, 699235, 2984345, 1501395	FALSE
ASV_19107	2501653, 2582925, 760129, 2926811, 2488326, 470415, 367449;470415, 861494, 861495, 861493, 1806068, 1806066, 328561	FALSE
ASV_19108	39449, 71860, 2968077, 1290334, 257771, 257771;260685	FALSE
ASV_19305	1730091;1730092, 186182	FALSE
ASV_19306	1390100, 316194;1390099, 316192;316193, 316170	FALSE
ASV_19344	316189, 316178;316206;2721093	FALSE
ASV_19532	89573, 182228, 89573;182228	FALSE
ASV_19538	236787;1411684, 3075301, 236787, 464225, 1606602, 1606603	FALSE
ASV_1957	1312089;1312103;1312105	TRUE
ASV_19646	1390100, 316194;1390099, 316192;316193, 316170	FALSE
ASV_19710	338244, 2015897, 645386, 557398, 338254, 168779, 168745, 168785, 316230, 316224, 316173, 316218, 316216, 316184;316205, 645392, 316183, 2751894, 2721091, 316165	FALSE
ASV_19766	702025;702026	TRUE
ASV_19795	186038, 1969918, 186040, 186038;186040, 210449	FALSE
ASV_19798	39449, 71860, 2968077, 1290334, 257771, 257771;260685	FALSE
ASV_19801	39449, 71860, 2968077, 2010215, 1290334, 257771, 376364, 257771;260685	FALSE
ASV_19808	39449, 71860, 2968077, 1290334, 257771, 257771;260685	FALSE
ASV_19839	3012;3013, 87147	FALSE
ASV_19877	6550, 40252, 6549, 2840390;2840391;2840392;2840393;2840394, 2840387;2840389, 2840388, 2840382, 6551, 29158	FALSE
ASV_20000	198225, 198225;461118	FALSE
ASV_20027	1909647, 78911, 78911;1928152	FALSE
ASV_2012	2015895, 2015894, 1366059, 316203, 500023, 316177, 499908, 499907, 2837385, 316211, 168756, 2747905, 316226, 316191, 316177;316209;316211	FALSE
ASV_20159	1390100, 316194;1390099, 316192;316193, 316170	FALSE
ASV_20291	88552, 2984361, 2984353, 2984356, 2984355;2984366, 2984355, 2984365, 2984350, 2984357, 699227, 2984346, 699235, 2984345	FALSE
ASV_20301	39449, 71860, 2968077, 1290334, 257771, 1232099, 333350, 173654, 637540, 637542, 410623, 637541, 637544, 637543, 470170, 470169, 405674, 405673, 405672, 257771;260685, 260685	FALSE
ASV_2052	1229643;1229644;1229645, 382708	FALSE
ASV_20583	338244, 2015897, 645386, 557398, 338254, 168779, 168745, 168785, 316230, 316224, 316173, 316218, 316216, 316184;316205, 645392, 316183, 2751894, 2721091, 316165	FALSE
ASV_20588	1390100, 316194;1390099, 316192;316193, 316170	FALSE
ASV_2059	256004;264121, 662079, 662078	FALSE
ASV_20830	316189, 316178;316206;2721093	FALSE
ASV_20834	268820;463290	TRUE
ASV_2089	2219862, 2984361, 2984356, 2984355;2984366, 2984355, 2984365, 2984350, 2984357, 699227, 2984346, 699235, 2984345, 210735	FALSE
ASV_20895	1312089;1312103;1312105	TRUE
ASV_20900	2603224, 75301, 46723, 1455042, 1826299, 2747898, 1232264, 1232264;1826299, 1165365;2747898, 1165365, 351727, 1455036, 51062, 627012, 1455055, 1455049, 46722;351727, 627025, 541198, 46722	FALSE
ASV_20970	308426, 491033, 32595, 172020, 321404;321405;321406	FALSE
ASV_20995	1859743;1859746	TRUE
ASV_21025	242159, 1930181, 181122, 1171684, 1171683, 1171682, 1171680, 1171679, 1171677, 1171669;1171676, 1171675, 1171672;1171673, 1171671, 1171670, 1171674, 70448, 436017, 252315, 98217, 95749	FALSE
ASV_21110	284684, 284676;284681, 1677987, 1677983, 1677981, 1677972, 1677985, 1677982, 1677984, 1677973, 357350	FALSE
ASV_21137	2219862, 2984361, 2984353, 2984356, 2984355;2984366, 2984355, 2984365, 2984350, 2984357, 699227, 2984346, 699235, 2984345	FALSE
ASV_21244	2651981;2651982, 2651979, 2651978, 2652006	FALSE
ASV_21378	2889, 2691979, 2724434, 2212400, 2212401, 2137963, 88149, 416828, 416841, 88150, 416842, 169778, 2725949, 2725246, 3020498, 169788, 105409, 151514, 74381, 112507, 169782, 88159, 98221, 98220, 88149;88154, 88154	FALSE
ASV_21506	316189, 316178;316206;2721093	FALSE
ASV_21557	519246, 200279, 887148, 887147, 145852, 2056071, 199745, 2715088, 2056069, 145850, 2715087, 4608, 464070, 145848, 2056062, 98750, 650149, 37724, 445137, 116551, 2715086, 2056052, 2056050, 211957, 145842, 145840, 464041, 145838, 2715081, 2715085, 1227977, 4556, 906889, 464034, 2358306, 112509, 4565, 345914, 345912, 1940274, 366488, 366476, 3917, 52152, 6689, 2038770, 2038769, 1747705, 399722, 665525, 665499, 39947, 159298, 416025, 1892228, 640618, 1443526, 3105834, 2030759, 2030756, 2030755, 2030754, 2030752, 2030751, 1892227, 87477, 2030750, 470288, 376137, 2030749, 391975, 1440556, 2030748, 388721, 2030747, 366486, 1159240, 2030746, 345913, 2030744, 446913, 222563, 28479, 640591, 1793980, 100810, 366483, 366482, 1793977, 366481, 1211477, 376127, 29679, 1440522, 366478, 2030743, 2030742, 2030740, 2030741, 1440529, 1440528, 2030730, 1735965, 1440527, 1440526, 2030725, 1642856, 2030721, 2030718, 2030717, 2030716, 2896444, 2030714, 2030712, 2030710, 2030708, 2030706, 2030705, 2030704, 2030703;2030713, 2030703, 2030699, 549216, 2030697, 2030695, 2030694, 2528740, 2030692, 2030691, 2030690, 1440524, 2030684, 2030683, 37723, 511983, 391962, 2030682, 258806, 1000416, 2030681, 395286, 497293, 2030680, 2030732, 2030679, 640614, 376118, 570168, 2030678, 535810, 640613, 2030677, 570167, 640610, 1853057, 2030673, 395285, 2030672, 1898930, 2030671, 1853056, 446143, 2030669, 29668, 640619, 446142, 2030667, 669640, 2030666, 1891462, 2030665, 1155255, 2030663, 640602, 2030661, 389630, 640600, 640601, 2030660, 1617934, 4498, 389629, 52139, 286619, 391980, 2030656, 286491, 96047, 1159253, 63632, 345920, 345918, 2030652, 345916, 2030651, 2030650, 345915, 204232, 2030649, 39946, 1771142, 146640, 4530, 318049, 4568, 4491, 40148, 29695, 1478600, 1243769, 1478599, 4529, 65489, 4538, 4537, 4528, 40149, 4538;65489, 2998809, 4530;39946, 4522, 2969168, 2705378, 145847, 2969167, 145844, 464045, 2969166, 254158, 2056037, 464037, 211946, 2939664, 89674, 89676, 89678, 944502, 52153, 2056060, 2939658, 29677, 2939657, 89679, 4606, 2907183, 1343465, 2907173, 55777, 55762, 55763, 52137, 55767, 2907180, 2907179, 468976, 55769, 1708984, 55771, 2907175, 52147, 1560087, 2907174, 254125, 2550840, 2550839, 55770, 55773, 52150, 37721, 55764, 4572, 200361, 85692, 218142, 4577, 38689, 4550, 568980, 49769, 4521	FALSE
ASV_21738	293646, 181122, 1171684, 1171683, 1171682, 1171680, 1171679, 1171677, 1171669;1171676, 1171675, 1171672;1171673, 1171671, 1171670, 1171674, 252315, 70448	FALSE
ASV_21881	2058846;2058847;2058848;2058849, 569958, 569956	FALSE
ASV_21943	8262;8267, 244450, 255560, 244455, 106175, 8262, 8260, 1680834, 446415, 2970949, 195084, 880961, 152547, 521181, 172659, 195623, 1190633, 195615, 7888, 56726, 143345, 48193	FALSE
ASV_22057	1390100, 316194;1390099, 316192;316193, 316170	FALSE
ASV_22132	445639, 292287;445639, 125469, 1391417, 906811, 117955, 906661, 1414699	FALSE
ASV_22219	316189, 316178;316206;2721093	FALSE
ASV_22369	1607969, 1607966;1607967;1607968;1607971;1607974	FALSE
ASV_22399	268820;463290	TRUE
ASV_22653	2509259, 1973153, 3111, 2509260, 2509258, 3112, 183676, 3112;2509261, 328666, 3112;2509265, 2509265, 283960	FALSE
ASV_22689	2202658, 2202691, 503028;503045;507454;749001;862113;874271;1729693;1730090, 672031	FALSE
ASV_22824	39449, 71860, 2968077, 1290334, 257771, 257771;260685	FALSE
ASV_22843	2182682, 2604652, 1137813, 645226, 2604649, 1137811, 1308991, 2316346, 2497458, 260126, 2497463, 375274, 2083150, 2497459, 1309000, 2083151, 2497460, 2497466, 2497462, 2497464, 2497461, 2497465, 2496132, 2025458, 2025070, 2025069, 2025068, 271784, 1382036, 2025457, 375212, 1465306, 597298, 1937775, 2315490, 2483121, 403530, 1309610, 1937761, 663337, 155647, 155649, 403548, 1937765, 1937782, 403550, 1631685, 1631686, 295139, 3025623, 2773795, 1417666, 2745145, 1465307, 260130, 2887343, 2887330, 2083120, 2743221, 2887342, 2887341, 375219, 1924161, 2887339, 2887329, 2887338, 2887337, 2083119, 1231862, 1453401, 1186111, 1453396, 1453395, 1453394, 1453391, 421942, 1453389, 1453388, 1453386, 1453385, 262458, 1453384, 1453383, 1453382, 1453381, 1453380, 1453379, 1453377, 1453376, 1453375, 1453371, 1231846, 983396, 1453369, 1231844, 1231843, 410636, 1134471, 2773805, 1134182, 2773804, 1134178, 2773802, 1308995, 883795, 2773784, 1842103, 2773783, 2773801, 1134175, 2773800, 2773799, 1308993, 2773798, 2773797, 2773796, 2773794, 1308988, 2773791, 1134152, 2773806, 1134158, 1308987, 1842100, 2773788, 2773787, 1134148, 1134470, 1134469, 1134177, 1134176, 1134174, 1134173, 1134172, 1134169, 1134167, 1134166, 1134164, 1134162, 1134161, 1134157, 1134151, 1134150, 1134149, 1134183, 3109953, 1134146, 1134145, 1134143, 375242, 1134142, 1134139, 1134138, 2602893, 2602895, 2602894, 2602884, 2602882, 375265, 2602818, 2602880, 2602879, 2602878, 2602877, 2602876, 2602875, 2602874, 2602873, 2602869, 101988, 101984, 2602861, 2602857, 2602816, 2602854, 2602853, 1186109, 2602852, 2602849, 2602847, 2602814, 2602841, 2602813, 2602839, 1465302, 2602822, 2602812, 2602828, 2602800, 3110697, 2602823, 164953, 796001, 571684, 796000, 106044, 338548, 795993, 578546, 571661, 106065, 571686, 571683, 571682, 571681, 571684;571685, 571688, 571694, 571693, 571690, 106039, 236232, 106032, 571654, 545670, 372407, 372404, 372380	FALSE
ASV_23033	39449, 71860, 2968077, 1290334, 257771, 257771;260685	FALSE
ASV_23098	557761, 1483210, 589950, 308566, 557761;589949, 1262055, 589953, 1262067, 589946, 1262082, 6096, 1262088, 1262083	FALSE
ASV_23135	749649, 2486720, 2719538, 749621, 318709, 318710, 522263, 135648, 1707701, 1858585, 255777, 749633, 2021021, 749835, 1756117, 73001, 259522, 749859, 2998132, 1414633, 749868, 73003, 1709941, 1881153, 105696, 134531, 577396, 107450, 487633, 487626, 749586, 1460663, 439459, 422451, 1132619, 28558, 1590832, 248483, 749634, 548649, 2074954, 2301242, 1911206, 749634;749872	FALSE
ASV_23156	2498213, 2496444, 2496442, 2496441, 2496443;2496445, 3038946, 1421488, 744600, 702833, 1007039	FALSE
ASV_23471	284684, 284676;284681	FALSE
ASV_23553	2053778, 1077367, 2082300, 487630, 2053811, 2053810, 1075096, 2053784, 2053783, 2053782, 2053781, 2053780, 2053779, 2053777, 2053775, 1986180, 2053774, 2053773, 45142, 45142;2053773, 2053808, 2053807, 2016215, 2769039, 1426781, 1571500, 3083149, 1425353, 2984063, 1077358, 225338, 227734, 2012457, 220672, 667018, 530567, 487629, 2864880, 331495, 119955, 142819, 5022	FALSE
ASV_23558	1973882, 160604, 2961, 459614, 160604;261828;261829	FALSE
ASV_23565	1212512, 1212511, 3033743, 2913344, 2913351, 2913348, 2913350, 231370, 2836769, 1212513, 2836751, 2836752;2913349	FALSE
ASV_23928	286661, 2711334, 1707699, 1351454, 161671, 766057, 1707702, 2587885, 2587883, 561301, 710217, 286617, 1968695, 438356, 1707704, 1351444, 1351450, 1329199, 438388, 438385, 438383, 2082556, 797084, 1200937, 1194968, 1201119, 1200929, 706536, 161666, 3110712, 122368, 1873354, 1873353, 1873343, 378545, 1873298, 991776, 1873290, 1873278, 112498, 1873362, 1873364, 1873363, 1905586, 858804, 1873247, 1873268, 1873356, 1873357, 1873355, 1873242, 135778, 1873239, 1849140, 1849139, 1849138, 1849137, 1849107;1849136, 1849134, 1849124, 1849123, 357752, 1849122, 1849120, 1849118, 29695, 2983568, 2983569, 1341203, 360892, 557971, 883115, 2973643, 2967236, 215465, 2929575, 858772, 369946, 1518417, 286663, 1515577, 1414638, 1414631, 1414688, 2060155, 687962, 179343, 2589798, 2822299, 2860820, 2822291, 2822290, 1354307, 132095, 1268281, 131340, 1933429, 1933446, 508917, 2059980, 706171, 706170, 705924, 687971, 687970, 470080, 706145, 1352298, 705919, 501584, 438363, 685502, 705915, 687960, 706581, 2059853, 687953, 111012, 307163, 438350, 237192, 438341, 2059775, 2059764, 131346, 1629917, 651689, 1352022, 266401, 215468, 237588, 266411, 266409, 470082, 360896, 131336, 179345, 179342;179344, 133175, 630509, 2059835, 687958, 2059803, 179335;179343, 242515, 706141, 706140, 1431917, 161661, 179336, 131342, 1457359, 131341, 131344, 2059809, 112489, 237076, 237466, 2754511, 237550, 706553, 487646, 337446, 512020, 1873267, 1351932, 215463, 487645, 487644, 487640, 215469, 215462, 706555, 487637, 2059797, 1431918, 215467, 179333, 447492, 253295, 331466, 529468, 2094524, 1873349, 1238934, 1238922, 933102, 1238921, 1238181, 1849135, 1238937, 179340;357752;1238248;1238902, 1348182, 1243845, 1246968, 1238936, 1238935;1238946, 1238933;1246978, 84275, 1238925, 1238920, 1238919, 1238901, 1238890;1238926, 1238170, 132184;438341;1238899;1238900, 122368;132184;179340;1238181;1238949;1238950, 1238945, 1238944, 1238927, 132184;1238178, 564083, 564080, 2060169, 2060013, 2060012, 564079, 564078, 2059985, 858828, 1034861, 1051330, 564085, 1873323, 3068948, 1276525, 2075364, 1125868, 215479, 1125867, 2059792, 531804, 2926294, 1093202, 2060077, 688220, 2060159, 608823, 2059983, 1358862, 161670	FALSE
ASV_2409	39449, 71860, 2968077, 1290334, 257771, 257771;260685	FALSE
ASV_24146	859203, 859200;859201	FALSE
ASV_24149	1342635;1342636	TRUE
ASV_24321	186038, 186040, 186038;186040, 210449	FALSE
ASV_24441	2984361, 2984353, 2984356, 2984355;2984366, 2984355, 2984365, 2984350, 2984357, 699227, 2984346, 699235, 2984345, 210735	FALSE
ASV_24573	2060209, 290150, 159567;2060206, 159566, 3092289, 3092284, 429153, 169010, 149066, 48144, 290144, 102976, 150493, 290141;2060205, 209422, 290137, 159567, 149074, 209423	FALSE
ASV_24581	105231, 3175, 424407, 519231, 2358434, 2358433, 940633, 2358393, 13781, 2950993, 184584;927758, 519234, 163317, 519232, 519236, 519235, 201239, 81807, 329816, 184584, 442831	FALSE
ASV_2466	2919510;2919511, 2919509	FALSE
ASV_24702	1401190;1401191;1401192, 1401189, 1401188, 1401165, 36892	FALSE
ASV_24819	46472, 1220201, 5065, 1220207, 75750, 469277, 480341, 423005, 1701990, 46472;1701989, 46472;176179, 1220191, 1902614, 1220208, 1695224, 1220192, 1220210, 453568	FALSE
ASV_24971	2724374, 2138262, 2865237;2865554, 2172711, 2865214, 2865262, 2865427, 2865382, 2780209, 558775	FALSE
ASV_25040	338244, 2015897, 645386, 557398, 338254, 168779, 168745, 168785, 316230, 316224, 316173, 316218, 316216, 316184;316205, 645392, 316183, 2751894, 2721091, 316165	FALSE
ASV_25053	2984361, 2984353, 2984356, 2984355;2984366, 2984355, 2984365, 2984350, 2984357, 699227, 2984346, 699235, 2984345, 1519614	FALSE
ASV_25059	630703, 266818;266820	FALSE
ASV_25065	2984361, 2984356, 2984355;2984366, 2984355, 2984365, 2984350, 2984357, 699227, 2984346, 699235, 2984345	FALSE
ASV_25069	43335, 3694, 139772, 97441, 350423, 91168, 212925, 28974, 1777514, 1777511, 1777507, 687724, 687762, 687774, 1777498, 3981, 3691, 1234509, 706696, 4035, 28955, 3993, 504260, 38846, 2982173, 1041262, 154407, 1574139, 1041249, 1574138, 1041245, 1001111, 1041233, 2980637, 371859, 1326905, 549777, 1041216, 867466, 1041197, 308214, 3986, 85223, 3435, 119261, 369424, 3988, 84005, 2739907, 1239736, 2944825, 2944824, 2739902, 1281337, 1138368, 2739915, 2739903, 2739893, 212840, 2739900, 1281379, 2891243, 216493, 213055, 212874, 216479, 212310, 212889, 212964, 529579, 398634, 2792850, 2792849, 2792851, 1129485, 3527, 1580013, 1580009, 29725, 3983, 54955, 2049523, 136122, 2746698, 128608, 155291, 344079, 460778, 2746700, 2707112, 2049519, 460771, 325534, 2745557, 1358798, 2745556, 2745555, 155290, 2745554, 2745580, 119264, 460785, 460789, 2604098, 317043, 155300, 1679399, 128653, 684741, 2745553, 1780284, 1686250, 1679290, 325533, 1679292, 397098, 1053125, 1358795, 2745579, 344095, 460784, 943099, 128681, 344078, 1043459, 684742, 943101, 2745551, 344105, 325536, 2745550, 2039882, 136111, 2745549, 2745546, 155303, 2739897, 2739911, 1281367, 2739909, 2739905, 2739908, 2739899, 2739912, 212973, 212859, 142860, 1281378, 334704, 2739896, 2740666, 2739898, 2739895, 216492, 352217, 1138352, 2739919, 213009, 2739916, 1281373, 213007, 2739901, 1281382, 334703, 1281374, 1281385, 213010, 1281410, 1281408, 334705, 1281371, 1281369, 213008, 1281360, 2739903;2739907, 1281372, 316814;1281358, 1138368;1281379, 1281337;2891243, 2739913, 2739914, 2739894, 111571, 2735985, 2735990, 85860, 2735986, 3415, 86738, 2735983, 86751, 86746, 44926, 152188, 111569, 3410, 2735973, 85857, 101471, 3414, 3406, 86722, 152192, 85868, 86749, 86741, 85855, 85865, 85864, 349509, 702081, 702076, 590026;702081, 590026, 128683;702077;702080;702083, 580376;590032;702075;702078;702079;702082;702084;702087;702088;702089;702090, 80863, 3690, 444604, 73824, 46107, 46146, 115631, 124817, 3589, 261450, 261449;261450, 61141, 251681, 324812, 66636, 4009, 324811, 324810, 324803, 137220;137221;137226;240185, 108433, 81488, 74884, 132547, 54456, 54454, 16969, 85290, 58872, 112819, 85199, 60422, 87001	FALSE
ASV_25075	933798, 73376;933798;1162617, 126592;1162618	FALSE
ASV_25090	8014, 56723, 13489, 29151, 195611, 137520, 34816, 761803, 94946, 13489;94946;761803, 61084	FALSE
ASV_25099	187810;1576323, 187810;937758;2780037	TRUE
ASV_25178	2060209, 290150, 159567;2060206, 159566, 3092289, 3092284, 429153, 169010, 149066, 48144, 290144, 102976, 150493, 290141;2060205, 209422, 290137, 159567, 149074, 209423	FALSE
ASV_25402	2903, 1856765, 280463, 2903;38817;1663125, 38817;284784;284790	FALSE
ASV_25407	265524;281058, 435404, 396043, 265524	FALSE
ASV_2545	620489, 529148, 37469, 529209, 1763832, 1446102, 529288, 529286, 1763831, 2546068, 221998, 717732, 993108, 529148;529209	FALSE
ASV_255	2547642, 569439, 2547607, 2547616;2547617, 2547611	FALSE
ASV_25585	1238459, 984943, 1696152, 1696151, 1696149, 1696148, 1238459;1696147;1696148;1696149;1696150	FALSE
ASV_2560	1885067, 115018, 1411933, 1177093, 1177087, 1177081, 1177114, 1177113, 1177112, 1177107, 1177071;1177072;1177085, 1177062, 124255, 115019, 457692	FALSE
ASV_25637	1367452;1367461	TRUE
ASV_25692	2099571, 622430, 622430;2099571	FALSE
ASV_26055	1312089;1312103;1312105	TRUE
ASV_26357	2600491, 1616240;1616306, 1616233	FALSE
ASV_26390	39449, 71860, 2968077, 1290334, 257771, 257771;260685	FALSE
ASV_26426	259040, 266818;266820	FALSE
ASV_26429	1077367, 2053811, 2053810, 1075096, 2053784, 2053783, 2053782, 2053781, 2053780, 2053775, 1986180, 2053773, 45142, 45142;2053773, 2053808, 2053807, 2769039, 1571500, 3083149, 1425353, 2012457, 530567, 2864880, 331495, 2510232, 45143, 1077355, 1516108, 536343	FALSE
ASV_26468	1010633, 1052096, 1707700, 70808, 887106, 29919, 887089, 887071;887074;887084;887090;887094;887098, 29917;887083;887086;887092;887100;887101, 1933429, 1970646, 1970641, 891392, 470178, 470177, 92950, 470174, 2116638, 887100, 887098, 2116637, 2116636, 2116646, 887100;2116635, 1758467, 394564;2116646, 394564, 887095, 887073;887095, 241845, 1970649, 1052092, 2116633, 2116632, 29917;887100, 29917, 887085, 241845;887084;887095;887100, 1970645, 1338630, 1338630;2116637, 29918, 643907, 2036922, 2016220, 553858, 2888283, 3096637, 3068972, 2965083, 2965082, 2965081, 3068973, 3058887, 887103, 470175, 1758474, 1758473, 1758471, 1758461, 1707700;1747447, 161657, 2950976, 887083, 2917120, 2917119, 450181, 1290348, 1290352, 1268280, 990654, 890382, 879688, 29917;92950;237183, 672500, 487641, 396515;487634, 480351, 480345, 411511, 411510, 422712, 422710, 422702, 422701, 422700, 422714, 422711, 422709, 422708, 422707;1933429, 422706, 422705;1933429, 422704, 422703, 181049	FALSE
ASV_26590	2919510;2919511, 2919509	FALSE
ASV_26712	2294178, 2219862, 2984361, 2984356, 2984355;2984366, 2984355, 2984365, 2984350, 2984357, 699227, 2984346, 699235, 2984345, 1286873, 547557, 228594	FALSE
ASV_26774	2984361, 2984356, 2984355;2984366, 2984355, 2984365, 2984350, 2984357, 699227, 2984346, 699235, 2984345, 210735	FALSE
ASV_26973	518610;518615, 518611;518614	TRUE
ASV_27064	2116594, 2116593;2116594;2116595, 2116593, 125075	FALSE
ASV_27078	2984361, 2984353, 2984356, 2984355;2984366, 2984355, 2984365, 2984350, 2984357, 699227, 2984346, 699235, 2984345, 237449	FALSE
ASV_27160	2863862, 2864031, 2864030, 2863859, 1807087, 2863862;2864026, 2863862;2864025	FALSE
ASV_27167	1401190;1401191;1401192, 1401189, 1401188, 1401165, 36892	FALSE
ASV_27214	574483, 160690, 133197, 4639, 94325, 101617, 1932183, 214687, 2973959, 482298, 320322, 552692, 101617;214697, 228181, 228183, 574497, 4641, 574488, 2813836, 2813835, 2813664, 192045, 52838, 214685, 228179, 158488, 51461	FALSE
ASV_27375	156176, 156190, 54407;156189	FALSE
ASV_27377	181122, 1171684, 1171683, 1171682, 1171680, 1171679, 1171677, 1171669;1171676, 1171675, 1171672;1171673, 1171671, 1171670, 1171674, 252315, 70448	FALSE
ASV_27757	2202658, 2202691, 503028;503045;507454;749001;862113;874271;1729693;1730090, 672031	FALSE
ASV_27761	2984361, 2984356, 2984355;2984366, 2984355, 2984365, 2984350, 2984357, 699227, 2984346, 699235, 2984345	FALSE
ASV_27785	39449, 71860, 2968077, 1290334, 257771, 257771;260685	FALSE
ASV_278	2041817, 2041816, 2041815, 2041814, 2843, 267567, 1503408, 1198650, 1030539;1030546, 1030545, 1030544, 1030543, 1030542, 1030540, 866888, 866887, 866886, 866884, 866879, 866878, 866871, 216762;267567;1030547;1030548;1030549, 267566, 41457, 866885, 619279, 619278, 619277, 1198651, 1030541, 866877, 866883, 866882, 866876, 2041818;2041819, 866881, 866874;866875, 866872, 1537841, 1764970	FALSE
ASV_27898	1312089;1312103;1312105	TRUE
ASV_27935	8262;8267, 244450, 255560, 244455, 106175, 8262, 8260, 1680834, 446415, 2970949, 195084, 880961, 152547, 521181, 172659, 195623, 1190633, 195615, 7888, 56726, 143345, 48193	FALSE
ASV_27939	1000986, 119481, 284730, 284693;284726;284727;284729	FALSE
ASV_27948	2856;1655539, 232514	FALSE
ASV_28	201685, 114071, 503039, 670708, 544705, 114067, 507447, 2779383, 114067;134763, 134763	FALSE
ASV_28084	2304542, 348169, 295901, 181804, 295900, 295899, 295898, 181799, 231901, 231900, 181803, 181802, 231899, 268258, 181800;181801	FALSE
ASV_28110	627963;1816783	TRUE
ASV_28169	2903, 1856765, 280463, 2903;38817;1663125, 38817;284784;284790	FALSE
ASV_28457	39449, 71860, 2968077, 1290334, 257771, 257771;260685	FALSE
ASV_28651	256004;264121, 662079, 662078	FALSE
ASV_2868	1204331, 1204330, 1204305, 1204304, 1204326;1204327, 95549, 638949, 116183, 316610, 261894, 261892, 261891, 95551, 95550, 502784	FALSE
ASV_2877	2219862, 2984361, 2984356, 2984355;2984366, 2984355, 2984365, 2984350, 2984357, 699227, 2984346, 699235, 2984345	FALSE
ASV_28774	2820114, 156176, 156190, 54407;156189	FALSE
ASV_28835	77545, 3088, 3075448, 42693, 91193, 2583839, 1319901, 3079, 119574, 1207353, 2291721, 2050671, 2050668, 183309, 2038346, 269609, 1818610, 1818609;1818612, 1848534, 119572, 1962166, 55409, 2969959, 3076, 113532, 91205, 183313, 1774124;2026843;2661842, 104103, 1680638, 2780016, 1475464, 1475462;1475463, 795112, 1521722, 1497560, 1497562, 1458947, 1458949, 1458946, 1244706, 1244701, 1244727, 91197, 113522, 795111, 2650458, 795114, 183310, 226311, 202782, 113536, 91194, 113531, 113520;113529, 113529, 1432079, 1289354, 1432078, 2555454, 2555452;2555745, 2555458, 2555457, 2555742, 2555461, 2555459, 95581, 2555447, 152630, 2556065, 2556034, 2555760;2556090, 2555486, 2555456, 2555455, 2555462, 155396, 2692262, 2555990, 2556032, 2556063;2556064, 2556088, 2556037, 2556083, 2555769, 2555744, 2555740;2555741;2555989, 2555729;2555743, 2547788, 2547776, 2555465, 2555460, 2547787;2555453;2555749;2555756;2555770;2556076;2556080, 2556033, 2556087, 2556062;2556074, 2555755;2556081, 2555469, 2555463, 2555991, 2556086, 2556085, 2555488, 2064752, 2555988, 2555768, 2555464, 2556036, 2556071, 2555485, 1319898, 2556084, 2817429, 2491135, 2555992, 1758752, 2556073, 1319899, 2836739, 2583439, 2583440, 152631, 2034143, 3025908, 2770644, 1767069, 2589027, 1540952, 1298692, 2152963, 1538419, 2909984, 3081209, 2604508, 2666436, 2583441, 1767082, 1767101, 2874168, 2555445, 2555446, 1767102, 1767070, 77546, 2607454, 1767071, 3025391	FALSE
ASV_28908	1859892, 1859877, 1859813;1859894, 1859796, 1859795;1859893, 1859745, 1859724;1859737;1859773;1859780;1859891, 1817491, 1817490, 1817489, 1817488, 1817487, 1817486, 1817485, 1817493;1817494;1859755;1859776;1859835, 1817511, 1817510, 1817484, 1817483, 1817482, 1817481, 1817503;1817504, 1817480, 1817479, 1817478, 1817477;1859808;1859821;1859918	FALSE
ASV_29135	1198971, 143670, 1695222, 1691974, 1691973, 71861, 1652117, 1655535, 631048, 160611, 858356, 289378, 284798;284799;284802, 284797	FALSE
ASV_29198	1198971, 143670, 1695222, 1691974, 1691973, 71861, 1652117, 1655535, 631048, 160611, 858356, 289378, 284798;284799;284802, 284797	FALSE
ASV_2920	86043, 880215, 2909184, 2909183, 2909180, 2910003, 2909179, 2909178, 2909177, 2909176, 2909174, 2910002, 2910001, 2910000, 2908906, 86043;645345	FALSE
ASV_29257	447208;497816	TRUE
ASV_29258	175351;175353	TRUE
ASV_29313	284968, 156122;284971	FALSE
ASV_2938	156133, 284976;284978;284979;284980;284981;284982	FALSE
ASV_2959	360531, 360535, 216203, 210792, 354;82927;360531, 248769, 360530, 91379	FALSE
ASV_29667	676789, 156133, 284976;284978;284979;284980;284981;284982	FALSE
ASV_29734	39449, 71860, 2968077, 1290334, 257771, 257771;260685	FALSE
ASV_2978	2984361, 699233, 2861142, 699226, 2984356, 2984355;2984366, 2984355, 2984365, 2984350, 2984357, 699227, 2984346, 699235, 2984345, 210735	FALSE
ASV_29885	1401190;1401191;1401192, 1401189, 1401188, 36892	FALSE
ASV_29960	231603;1468208	TRUE
ASV_29963	1390100, 316194;1390099, 316192;316193, 316170	FALSE
ASV_30197	1885215, 1885165, 1885164, 1885196, 1885190, 1885187, 1885184, 1885148, 1885146, 1885221, 2750018, 34136, 1330484, 162068, 1885145, 1889083, 1812945, 1885223, 1885222, 1330485, 1885180, 1885214, 1885181, 1885153, 1885177, 1885207, 1885206, 1885175, 1885174, 1885208, 1885176, 1885179, 1885151, 1885144, 2750017, 2750015, 2750014, 2750016, 2856740, 2857040, 2856741, 2857044, 2857042, 2856738, 2856739, 1885201;1885202;1885203;1885204;1885211, 1889114, 1889112, 1889088, 1889108	FALSE
ASV_30199	145522, 43925, 286791, 651207;1147737, 651206;1147737, 120807, 43926, 405649;1147737, 405647, 91345;1147737, 91344, 44426, 72522;145522;1027358	FALSE
ASV_3020	39449, 71860, 2968077, 1290334, 257771, 257771;260685	FALSE
ASV_30367	1312089;1312103;1312105, 627966	FALSE
ASV_30459	1312089;1312103;1312105	TRUE
ASV_3050	587151, 2572475, 37541, 31216, 2528149, 2528152, 2528154, 1660408, 2528148, 128473, 1841164, 1838169, 1838172, 1838164, 167137, 1838202, 1934738, 1838232, 1838187, 1841157, 1838213, 1841505, 1838215, 1841166, 128461;1838183;1838184;1838250;1841155;1841156;1841503;1841504;2723832, 1838161;1838162, 1838163, 1838253, 1838175, 1838251;1838252, 2591852, 3038943, 2682043, 620271, 211817, 1229240, 1027429;1229225;1229227, 1229227, 1229224;1233413, 1088904, 1088903, 1525238, 1088892, 1073845, 128449, 488499, 1088895, 620741, 2039348, 1088891, 473433;906712, 517413, 553710, 1340144;1340147, 576586, 2675411, 906713, 473490, 906743, 473576, 473610, 542569, 906720, 481893, 620487, 1934733, 703304, 176853, 692601, 765049, 2588146, 1838214, 2589646, 906741, 906835, 906756, 1077455, 473497, 1077457, 542576, 571867, 473606, 906732, 439604, 906731, 1077451, 692602, 3055487, 473595	FALSE
ASV_30719	266818;266820	TRUE
ASV_30725	1500854, 218277, 218276, 218275;218278	FALSE
ASV_30739	1859735;1859793;1859916	TRUE
ASV_30796	2588357, 1367452;1367461	FALSE
ASV_3088	35128, 35128;49265;265564;340023;1268954, 159749, 83371	FALSE
ASV_31016	1198971, 143670, 1695222, 1691974, 1691973, 2790054, 71861, 1652117, 1655535, 631048, 160611, 858356, 289378, 284798;284799;284802, 284797, 310565	FALSE
ASV_3104	1730091;1730092, 186182	FALSE
ASV_31062	8262;8267, 244450, 255560, 106175, 8262, 8260, 446415, 172659, 195623, 195615, 56726, 143345	FALSE
ASV_31137	2066654;2066655, 2066647	FALSE
ASV_31140	1871048, 2657486, 1911567, 1818704;1818709, 1818817, 1818826, 1818719, 3064282, 1610527, 1447062, 1327231, 191302, 46914	FALSE
ASV_31205	133511, 1535423, 2880, 64928, 2070531, 68331, 43935, 2782744, 64923, 690460, 64923;78552, 70078	FALSE
ASV_31363	5061, 69787, 1450535, 5065, 319629, 1069201, 5068, 40993, 1588043, 698291, 549448, 5058, 41900, 5064, 1096718, 5061;105351, 51019, 138281, 176160, 1612426, 2818247, 41281, 1458901, 1546150, 41903, 1641034, 1458900, 319627, 1340029, 41066, 487660, 288669;319631;1196635, 301854, 319630, 5061;1341132, 41062, 1341132, 2801841, 41958	FALSE
ASV_31400	1859892, 1859877, 1859813;1859894, 1859796, 1859795;1859893, 1859745, 1859724;1859737;1859773;1859780;1859891, 1817491, 1817490, 1817489, 1817488, 1817487, 1817486, 1817485, 1817493;1817494;1859755;1859776;1859835, 1817511, 1817510, 1817484, 1817483, 1817482, 1817481, 1817503;1817504, 1817480, 1817479, 1817478, 1817477;1859808;1859821;1859918	FALSE
ASV_31500	1312089;1312103;1312105, 1896767	FALSE
ASV_31502	627963;1816783	TRUE
ASV_31529	1312089;1312103;1312105	TRUE
ASV_31645	1312089;1312103;1312105	TRUE
ASV_3168	2913298;2913300, 2729375	FALSE
ASV_31694	9685, 61156, 5059, 9739, 10117, 76717, 9515, 1280, 9657, 9555, 10090, 61853, 9711, 9728;9731;9733;9767;27606;27610;27615;48708;90247;575201;2746895, 30522, 9915;30522;30532, 9483, 9544, 9598, 9593, 9565, 72004, 132908, 10141, 9606, 9940, 9544;9565;9986, 9597;9598;9606;9986, 51338, 9906, 27606, 30532, 9925, 10047, 9731, 9365, 2746895, 98922, 29065, 61862, 42410, 39082, 9666, 27615, 9978, 77932, 9361, 575201, 143292, 9915, 59451, 62283, 9737, 9767, 346063, 9595, 68408, 9590, 9597, 83538, 9988, 42254, 29078, 1884717, 9430, 9691, 9470, 37181, 9986, 9913, 109678, 60746, 257877, 99487, 9733, 1705790, 109475, 540482, 10092, 61388, 89248, 9662, 9423, 9447, 46844, 9541, 51337, 9669, 9793, 452646, 9860, 37029, 1574408, 546, 9689, 5763, 9823;9986, 9615, 130825, 9978;130825, 143291, 39432, 10116, 60711, 27675, 9657;9662;9666;9678;9689;9694;9720;29088;32536;34884;34886;36723;61383;61384;61388;61452;452646, 9823, 27622, 9407, 59474, 10029, 89462, 99174, 94643, 9874, 136201, 9606;9986	FALSE
ASV_31723	266818;266820	TRUE
ASV_31771	3911, 57577, 471149, 47083, 47082, 3879, 932098, 20408, 3827, 3893, 861244, 83862, 70973, 47085, 3899, 97023, 97021, 3900, 20805, 1276791, 732116, 1552224, 3888, 70936, 53836, 3909, 347994, 202240, 157652, 83131, 158321, 158325, 158326, 119826, 158320, 158322, 158323;158324, 119829, 649199, 3880	FALSE
ASV_3178	2055248, 1162089;1193138	FALSE
ASV_31784	1312089;1312103;1312105, 672125, 627966, 87105, 87103	FALSE
ASV_31835	1390100, 316194;1390099, 316192;316193, 316170	FALSE
ASV_31888	2856;1655539, 463621, 33645, 210448, 216799, 33649, 186022, 232514	FALSE
ASV_31988	1312089;1312103;1312105	TRUE
ASV_3200	676789, 156133, 284976;284978;284979;284980;284981;284982	FALSE
ASV_321	6550, 40252, 6549, 2840390;2840391;2840392;2840393;2840394, 2840387;2840389, 2840388, 2840382, 6551, 29158	FALSE
ASV_32132	447208;497816	TRUE
ASV_32176	39449, 71860, 2968077, 1290334, 257771, 257771;260685, 298604	FALSE
ASV_3228	331090;1401236	TRUE
ASV_32282	1401190;1401191;1401192, 1401189, 1401188, 36892, 36896, 36895, 307245	FALSE
ASV_32337	1010543, 1010474;1010503;1010513;1010526	FALSE
ASV_32346	1859892, 1859877, 1859813;1859894, 1859796, 1859795;1859893, 1859745, 1859724;1859737;1859773;1859780;1859891, 1817491, 1817490, 1817489, 1817488, 1817487, 1817486, 1817485, 1817493;1817494;1859755;1859776;1859835, 1817511, 1817510, 1817484, 1817483, 1817482, 1817481, 1817503;1817504, 1817480, 1817479, 1817478, 1817477;1859808;1859821;1859918	FALSE
ASV_3242	86043, 880215, 2909184, 2909183, 2909180, 2910003, 2909179, 2909178, 2909177, 2909176, 2909174, 2910002, 2910001, 2910000, 2908906, 86043;645345, 645345	FALSE
ASV_32590	1000990, 119497, 119497;119529, 284699	FALSE
ASV_32683	479279, 245079, 37710, 479173, 479286, 479279;479281, 479127;479278, 479274, 748165, 2562680, 748163, 748156, 748155, 1425296, 479278, 748154, 3098960	FALSE
ASV_32792	262427, 225107, 2739030;2739031	FALSE
ASV_3287	2984361, 2984356, 2984355;2984366, 2984355, 2984365, 2984350, 2984357, 699227, 2984346, 699235, 2984345, 699236	FALSE
ASV_32913	1912094, 732237, 1177929, 501821, 501861;501862;501864;501865;501870, 220697;501866, 501859;501867;501869, 501858, 501857, 501848;501849;501854;501856, 501847;502049, 501839;501843;501845;502049, 501836;502049, 501850;501851;1891279, 220697;501826, 501823;501832;501837;501852;501853;502049, 220697;501827;501828;501830;501833;501842;501844;501855;501872;501873, 168935, 530632, 220697, 396296, 396295, 229983, 220696, 1177928	FALSE
ASV_32938	676789, 156133, 284976;284978;284979;284980;284981;284982	FALSE
ASV_32941	464689, 35170, 1141737, 547790, 48944, 48944;547787;547789, 1883119	FALSE
ASV_33026	1312089;1312103;1312105, 627966	FALSE
ASV_33059	175351;175353	TRUE
ASV_33099	231603;1468208	TRUE
ASV_33110	1238347;1238348;1238349;1238352, 281255, 84317	FALSE
ASV_33120	676789, 156133, 284976;284978;284979;284980;284981;284982	FALSE
ASV_33225	156133, 284976;284978;284979;284980;284981;284982, 300489, 683349	FALSE
ASV_33230	1157963, 51729, 282655;1157966, 2170689, 225538;225539	FALSE
ASV_33374	256004;264121, 662079, 662078	FALSE
ASV_33376	1312089;1312103;1312105, 627966, 87105, 87103	FALSE
ASV_33445	2571026, 2571027, 1762843;1921830	FALSE
ASV_33479	450010, 1095369, 1777514, 2742928, 86752, 13429, 337451, 460770, 128701, 344086, 344080, 714455, 46945, 1532343, 2745578, 111567, 85863, 114511, 86773, 54733, 54732, 86737, 128258, 2735974, 2735977, 86724, 86729, 86723, 86761, 85856, 86728, 86769, 85854, 86757, 85861, 384958, 86719, 86725, 3404, 2735988, 2735989, 3411, 3403, 480420, 86779, 215555, 86770, 86768;2735972, 86766, 86754, 211006, 86727, 86726, 702072, 483232, 397403, 123462, 108413	FALSE
ASV_33759	1000990, 119497, 119497;119529, 284699	FALSE
ASV_33821	1401190;1401191;1401192, 1401189, 1401188, 36892	FALSE
ASV_33826	1010543, 1010474;1010503;1010513;1010526	FALSE
ASV_33862	68886, 5876, 27992, 5874, 869250, 5877, 5877;68886, 5876;5877;27992	FALSE
ASV_34219	1659837, 1538005, 1937646, 2739218, 2739217, 2739216, 2051582, 1937649, 1056646, 2074907, 91237, 2739213, 2598778, 2810289, 2598755, 2598755;2598758, 2051580, 2051579, 74424, 74419, 2810287, 2598748, 91494, 5503, 1424302, 74413, 1230527, 1537980, 2074803, 74415, 1537998, 1537979, 1165370, 91365, 145392, 119933, 119929, 2211344, 91363, 2211355, 2211354, 2211353, 2211352, 2211351, 1715225, 2211350, 2211349, 2211348, 2211347, 2211346, 2231374, 2211343, 2211342, 2185156, 2185157, 1508212, 467310, 280464, 1972943, 132106, 1972071, 93612, 95747, 95746, 132104, 1165372, 1538000, 1917188, 1917187, 1056645, 1537984, 1318621, 1318622, 132106;1659837, 39953, 131383, 1537991, 101162, 74411, 74409, 67606, 2016214, 2016212, 74424;2074803, 1918535, 1918534, 1918533, 1918532, 1918531, 1918530, 1918529, 1918528, 1918527, 1918526, 1424289, 2923286, 3062417, 3018232, 2598767, 2781192, 2929156, 2739219, 418126, 1424303, 1424292, 1424291, 215132, 95739, 671092, 1424304, 95738, 418125, 1424293, 95741, 91364;2016212, 1702028, 5016, 1537989, 2498061, 1868163, 5017, 1056644, 1203437, 95740, 1056642, 45130, 95742, 40125, 1538002, 1552740, 1284195, 91366, 1538003, 1552739, 2918831, 2598762, 131384, 1230529, 2918830, 3018233, 3018234, 3018235, 3018236, 2913260, 1756142, 2798775, 95735, 45130;74411;101162, 5503;90978;418126;1230527;1325487, 1896111, 671987, 568705, 422750, 422744, 422743, 422742, 422739, 422607, 422735, 422733;1755442, 422731, 422730, 422748, 422747, 422746, 422741, 422738, 422736, 422732, 422729, 422749, 422745, 3062419, 3062418, 3045973, 1424290, 796406, 38902, 91364, 235069, 2607974, 2598760, 1537985, 2929155, 2929153, 1585271, 3044286, 90978, 2074960, 318705, 1917184, 1203436, 132105, 1702024, 2739211, 1424288, 2929154, 1283761, 554547, 95743, 1715225;2211342, 2017778, 1871392, 183474, 930089, 97963	FALSE
ASV_3429	94630, 172567, 1220549, 513066, 1560676, 1560672, 1560671, 1560670, 1560679, 1560678, 1325305, 1560668, 1560667, 1560666, 1560664, 1232802, 1560653, 429428, 1414657, 1560686, 1560675, 1560673, 1560656, 1072557;1560674, 1560663, 1560652, 1562270, 1254451, 1560660, 1560662, 1560661, 1560683, 1226277, 183195, 516879, 1560657, 37709, 516881, 1194743, 1194742, 1194740, 1194739, 1194737, 1194735, 1194734, 1194733, 1194731, 1194729, 217704, 217703, 509924, 432355, 32276, 261889, 261885, 1732093, 261882, 110524, 261876, 110520, 1380541, 1197702, 432352, 432350, 432348, 767803, 432346, 1511619, 433672, 432341, 432339, 1487353, 794811, 432344, 1560681, 240496, 1486012, 1486010, 1486011, 1486026, 1486009, 1486008, 1486002, 1486005, 1486004, 1485997, 1485996, 1485995, 1486025, 1485994, 1485992;1486024, 1485993, 1486020, 1485992;1485994;1486020;1486024, 1485991, 1485990, 1485989	FALSE
ASV_3431	1010543, 1010474;1010503;1010513;1010526	FALSE
ASV_34383	630703, 266818;266820	FALSE
ASV_34482	447208;497816	TRUE
ASV_34516	266818;266820	TRUE
ASV_34518	3750, 482968, 3617, 3702, 3719, 361561, 97024, 24962, 99658, 221166, 2018007, 32224, 63678, 191923, 321550, 49801, 3755, 185543, 42229, 3827, 47615, 81985, 72658, 1744888, 190760, 76025, 981085, 63459, 138025, 126820, 362788, 45325, 2711, 46367, 3562, 141186, 229543, 34281, 29730, 34287, 34273, 29729, 379955, 398450, 97993, 33125, 487684, 180772, 65948, 50459, 3847, 53211, 23211, 298643, 216037, 309823, 1161165, 3635, 510735, 22663, 34285, 51503, 50462, 357970, 165712, 35925, 151230, 78511, 486065, 185530, 486073, 76001, 57122, 1184610, 29760, 90675, 488216, 107362, 167791, 119264;1008900, 226581, 460778, 137221, 2862204, 122310, 66205, 267548, 182163, 2996044, 47742, 97021, 321363, 35974, 4298, 59689, 63442, 3621, 626692, 550789, 289637, 3494, 140661, 161112, 3634, 69721, 344754, 2291176, 52462, 158543, 165719, 189976, 4202, 3559, 3893, 79200, 28964, 4052, 51020, 231674, 3752, 419384, 44588, 152299, 13055, 2768810, 3625, 1590841, 374845, 88123, 350427, 225117, 691238, 3759, 151440, 102107, 151332, 1813533, 436086, 36596, 2448454, 106567, 106549, 140999, 456515;497077, 443222, 67918, 227308, 47064, 269719, 134526, 1691893, 4054, 121082, 455045, 106546, 137693, 85636, 3942, 3941, 104318, 1079077, 3541, 171944, 384650, 2762383, 52451, 551137, 105884, 165200, 66652, 210369, 357929, 1271632, 948960, 106132, 44586, 203717, 45318, 2860399, 4045, 457183, 109171, 102697, 20340, 49827, 35938, 185702, 198914, 74613, 3906, 66096, 499988, 397272, 198035, 4047, 208194, 38785, 37334, 3538, 146096, 210372, 118357, 29656, 350892, 56065, 397392, 36595, 57655, 36599, 2914000, 442483, 180800, 180799, 79170, 79167, 79196, 79164, 52456, 343494, 3649, 28963, 337397, 28970, 85290, 85245, 13664, 13083, 13429, 63807, 13559, 12949, 85269, 78384, 3555, 105809, 105808, 57008, 105748, 73008, 3950, 55956, 74875, 12890, 45982, 50121, 13573, 143172, 13419, 63812, 56535, 42043, 3900, 37657	FALSE
ASV_34555	2019374, 2019373, 162140, 162140;2019373	FALSE
ASV_34584	1312089;1312103;1312105	TRUE
ASV_34633	166938, 82941, 82953, 82951, 289616, 4798, 289612, 289602, 140047, 289599, 140044, 4799, 41045, 65069, 2038151, 4799;2708265, 289615, 1862977	FALSE
ASV_34699	6293, 1799675, 2912049, 864528, 943103, 7176, 545656, 7175, 871896, 871895, 556016, 707280, 42433, 7177, 42434, 42428, 38743, 38742, 38569, 233155, 7175;233155, 260109, 260109;2292407, 2292406, 420550	FALSE
ASV_34740	447208;497816	TRUE
ASV_34774	526744, 200860, 227750, 186181;200861;227751;227752;227755;227756, 200863, 200859, 200862	FALSE
ASV_34779	1817456, 1817455, 1817454;1859847;1859873	FALSE
ASV_348	35677, 35677;44463	FALSE
ASV_34850	1873349, 1238934, 1238922, 1238921, 1238181, 122368, 933102, 2860821, 1849135, 1238937, 179340;357752;1238248;1238902, 1348182, 1243845, 1246968, 1238936, 1238935;1238946, 1238933;1246978, 357752, 84275, 1238925, 1238920, 1238919, 1238901, 1238890;1238926, 1238170, 132184;438341;1238899;1238900, 122368;132184;179340;1238181;1238949;1238950, 1238945, 1238944, 1238927, 132184;1238178, 564083, 564080, 131344, 2060169, 2060013, 2060012, 564079, 564078, 2059985, 858828, 706536, 1034861, 1051330, 161671, 1431917, 564085, 112489, 1873323, 3068948, 1351454, 237588, 1276525, 2075364, 1125868, 215479, 1125867, 2094524, 2059792, 531804, 1968695, 2926294, 131340, 1093202, 1629917, 2060077, 688220, 2060159, 608823, 2059983, 307163, 1358862, 179343, 161670, 2079041, 706536;1034861, 766057, 1093212, 2743411	FALSE
ASV_34866	1401190;1401191;1401192, 1401189, 1401188, 1401165, 36892	FALSE
ASV_34889	480604, 350064, 56620, 350065, 387663, 511809, 869182, 859240, 480602, 34520, 480603, 34520;56620;480602;511809, 361473	FALSE
ASV_35013	46767, 227995, 12968;227994	FALSE
ASV_35025	463171, 463739, 2817747, 2817745, 2817744, 2817743, 2817742, 52639, 65425, 52641, 360729, 315714, 52950, 315710, 315607, 65461, 315602, 315601, 315600, 65455, 315708, 315707, 58370, 36941, 315699, 686711, 65437, 315678, 75829, 2164064, 686704, 2164063, 2138178, 686708, 52949, 315587, 315610, 315711, 52949;686699;686709, 686707, 65451;686703, 52945, 65457, 686702, 686698;686701;686705, 686700, 65453, 75822, 65427, 75818, 686697	FALSE
ASV_35051	2856;1655539, 463621, 33645, 210448, 216799, 33649, 186022, 232514	FALSE
ASV_35264	1312089;1312103;1312105, 627966	FALSE
ASV_35268	63409, 3117, 2056091, 585852, 3117;63409, 2762582, 564793, 564792, 564791, 2078975	FALSE
ASV_35384	8245, 83875, 270537, 435999, 1218182, 173311, 232276, 8187, 58220, 173327, 293821, 57837, 195604, 63155, 375764, 586833, 441366, 1609334, 215406, 195640, 8128, 106582, 586787, 272797, 367072, 109912, 109732, 109923, 109725, 109727, 1445868, 1474814, 1474813, 586788, 1474818, 466111, 110272, 80972, 75562, 1156109, 1680712, 1489734, 75024, 586790, 109741, 1366890, 272788, 1701550, 272785, 109711, 109715, 1633020, 1003686, 1366891, 135765, 135760, 82655, 420107, 76340, 13765, 1474870, 310571, 166261, 1357722, 548163, 215367, 241359, 1582965, 1680832, 1680618, 548160, 303720, 1680619, 271941, 1230797, 603445, 1357720, 886300, 392919, 271942, 1680617, 392539;1503330;1680611;1680833, 36212;189388, 1367090, 428446, 1411154, 1333648, 80966, 1412989, 160726, 1311488, 1109169, 367073, 700633, 1070782, 103820, 173331, 1223608, 320331, 349669, 1920301, 179371, 1266879, 466120, 2250092, 175273, 237618, 1897801, 329431, 13029, 269057, 80640, 159713, 152543, 482919, 334415, 332418, 1843804, 451889, 482915, 700793, 308847, 160721, 329433, 40494, 59837, 241291, 75016, 236585, 1183148, 587067, 722566, 59666, 51758, 490245, 161916, 555488, 531324, 13764, 1182250, 303728, 555490, 119718, 334385, 59665, 195086, 435274, 236586, 435273, 1182200, 241299, 40504, 586798, 2968237, 90412, 587053, 371672, 144197, 586841, 161915, 76338, 59663, 51766, 2750679, 1182262, 13766, 303713, 37949, 51765, 722512, 588211, 184441, 40499, 1182252, 94921, 2968239, 2320819, 2968242, 391211, 700680, 303685, 2968231, 2968238, 107766, 555487, 59661, 1206948, 1182849, 316389, 1231074, 882823, 490251, 1109164, 217850, 2686473, 160742, 1110611, 2968240, 1232747, 1867366, 242958, 55117, 391192, 13604, 68504, 876649, 492021, 556252, 81870, 480301, 740694, 206108, 1003736, 314234, 179370, 473453, 1743396, 1156091, 2835818, 119682, 638296, 91608, 239043, 882772, 2589340, 473457, 586859, 1156145, 1146971, 1156149, 175432, 342441, 396781, 1604524, 157584, 157585, 721873, 2488698, 1240562, 586820, 342439, 188112, 1916742, 94928, 367075, 241273, 753638, 182438, 459920, 229058, 1609601, 1812886, 81869, 153621, 241289, 876641, 241335, 173309, 173334, 1431478, 175442, 722560, 586832, 443712, 443676, 173346, 1508078, 151022, 241500, 990596, 326724, 303691, 153620, 238051, 109713, 274714, 349646, 109686, 2919613, 109693, 396786, 238053, 391184, 239049, 1156455, 241820, 316349, 1188019, 238055, 396779, 417945, 175431, 100206, 88698, 879476, 700632, 876624, 1459839, 390315, 490258, 1147087, 2163919, 182420, 586857, 1147085, 1156473, 219413, 876642, 997976, 753651, 2923461, 753649, 753643, 175434, 173344, 2589299, 876643, 473452, 2506939, 1156094, 1156140, 3040455, 239059, 1461739, 241340, 398258, 1311505, 40502, 1156122, 2108418, 260524, 317493, 281679, 75028, 2108417, 1156092, 241329, 173329, 281677, 480297, 8249, 109733, 75014, 175435, 109694, 997974, 39042, 192870, 342444, 391202, 229087, 2108419, 175444, 238050, 303704, 146141, 75013, 1828454, 239040, 586812, 229076, 586818, 997975, 12913, 281676, 997966, 109706, 109914, 1003687, 219412, 876628, 109708, 473458, 466130, 529471, 2768254, 2589289, 109689, 47711, 586789, 1156119, 241281, 241295, 443693, 998006, 1156133, 173312, 119488, 47706, 473461, 334379, 1003760, 109909, 473455, 490257, 109905, 941984, 47969, 323802, 758860, 63415, 8173, 8078, 1302775, 367194, 366939, 195642, 435138, 7936;94232, 172269, 7936;7937, 7938, 143350, 54920	FALSE
ASV_35572	1274662, 144291;1274662	FALSE
ASV_35783	1010543, 1010474;1010503;1010513;1010526	FALSE
ASV_35809	156133, 284976;284978;284979;284980;284981;284982	FALSE
ASV_3584	9685, 61156, 5059, 9739, 10117, 76717, 9515, 1280, 9657, 9555, 10090, 61853, 9711, 9728;9731;9733;9767;27606;27610;27615;48708;90247;575201;2746895, 30522, 9915;30522;30532, 9483, 9544, 9598, 9593, 9565, 72004, 132908, 10141, 9606, 9940, 9544;9565;9986, 9597;9598;9606;9986, 51338, 9906, 27606, 30532, 9925, 10047, 9731, 9365, 2746895, 98922, 29065, 61862, 42410, 39082, 9666, 27615, 9978, 77932, 9361, 575201, 143292, 9915, 59451, 62283, 9737, 9767, 346063, 9595, 68408, 9590, 9597, 83538, 9988, 42254, 29078, 1884717, 9430, 9691, 9470, 37181, 9986, 9913, 109678, 60746, 257877, 99487, 9733, 1705790, 109475, 540482, 10092, 61388, 89248, 9662, 9423, 9447, 46844, 9541, 51337, 9669, 9793, 452646, 9860, 37029, 1574408, 546, 9689, 5763, 9823;9986, 9615, 130825, 9978;130825, 143291, 39432, 10116, 60711, 27675, 9657;9662;9666;9678;9689;9694;9720;29088;32536;34884;34886;36723;61383;61384;61388;61452;452646, 9823, 27622, 9407, 59474, 10029, 89462, 99174, 94643, 9874, 136201, 9606;9986, 9749, 415978, 89673, 1965090, 9606;9796;10118, 72407, 36723	FALSE
ASV_36023	92950, 891392, 70808, 2116640, 887098, 2116636, 887095, 1052096, 1970646, 29917, 887100, 1707700, 887106, 1052092, 887083, 92950;1052096, 1758412, 1758465, 1758464, 1338630, 2116638, 470174, 887093, 887103, 394564, 29917;887086;1747448, 470175;1338630, 1508382, 887089, 102000, 241845, 166633, 237180	FALSE
ASV_3604	236787;1411684	TRUE
ASV_36078	97485, 2903, 1856765, 280463, 2812485, 35144, 44453, 2903;38817;1663125, 284783, 38817;284784;284790, 97484	FALSE
ASV_3659	169112, 398472, 759303, 759333, 120503, 188458, 188450, 759334, 318805, 188452, 188455, 188456, 1629594, 169114, 1577753, 1577752, 1577740, 1577750, 1577739, 318773, 1577763, 759335, 759339, 381129, 759342, 759327;759344, 759337, 759307, 759313, 759311, 759330, 759299, 759338, 759319, 759321, 759315, 394762, 759295, 1817535, 759340, 1817537, 1817536, 1526606, 2908197	FALSE
ASV_371	236787, 1905833, 236787;1411684, 3075301, 464225, 1606602, 1606603	FALSE
ASV_3779	2856;1655539, 463621, 33645, 210448, 216799, 33649, 186022, 232514	FALSE
ASV_3822	1730091;1730092	TRUE
ASV_3990	1622187, 378370, 1209997, 2589650, 1675620, 2866817, 2841288;2870510, 2866818	FALSE
ASV_3992	1312089;1312103;1312105, 627966	FALSE
ASV_400	316189, 316178;316206;2721093	FALSE
ASV_405	316200;2015892	TRUE
ASV_407	39449, 71860, 2968077, 1290334, 257771, 1232099, 333350, 173654, 637540, 637542, 410623, 637541, 637544, 637543, 470170, 470169, 405674, 405673, 405672, 257771;260685	FALSE
ASV_4165	1000990, 119497, 119497;119529, 284699	FALSE
ASV_4202	1730091;1730092	TRUE
ASV_4280	242159, 1930181, 181122, 1171684, 1171683, 1171682, 1171680, 1171679, 1171677, 1171669;1171676, 1171675, 1171672;1171673, 1171671, 1171670, 1171674, 70448, 436017, 252315, 98217, 95749	FALSE
ASV_4283	331079, 105881, 72723, 105881;462866;462868	FALSE
ASV_4359	2984361, 2984353, 2984356, 2984355;2984366, 2984355, 2984365, 2984350, 2984357, 699227, 2984346, 699235, 2984345, 210735	FALSE
ASV_437	1274662, 144291;1274662	FALSE
ASV_4372	2052636, 2052611, 1898700;2052616, 479700	FALSE
ASV_4384	2961, 160604;261828;261829	FALSE
ASV_44	338244, 2015897, 645386, 557398, 338254, 168779, 168745, 168785, 316230, 316224, 316173, 316218, 316216, 316184;316205, 645392, 316183, 2751894, 2721091, 316165, 2767590	FALSE
ASV_4424	39449, 71860, 2968077, 1290334, 257771, 257771;260685	FALSE
ASV_456	181122;2315894	TRUE
ASV_4618	1818083, 1131446, 2052644, 194193, 2052611, 1898700;2052616, 1898701, 2599673, 2599669, 2599671	FALSE
ASV_4671	8262;8267, 244450, 255560, 106175, 8262, 8260, 446415, 172659, 195623, 195615, 56726, 143345	FALSE
ASV_4702	880221, 880237;2908907;2908908;2908909;2908910	FALSE
ASV_4751	39449, 71860, 2968077, 1290334, 257771, 257771;260685, 298604	FALSE
ASV_4772	2984361, 2984356, 2984355;2984366, 2984355, 2984365, 2984350, 2984357, 699227, 2984346, 699235, 2984345	FALSE
ASV_4816	696348;1758910, 1795459	FALSE
ASV_4867	35677, 35677;44463	FALSE
ASV_4889	242159, 1930181, 181122, 1171684, 1171683, 1171682, 1171680, 1171679, 1171677, 1171669;1171676, 1171675, 1171672;1171673, 1171671, 1171670, 1171674, 70448, 436017, 252315	FALSE
ASV_4978	186038, 1969918, 186040, 186038;186040, 210449	FALSE
ASV_5136	2984361, 2984353, 2984356, 2984355;2984366, 2984355, 2984365, 2984350, 2984357, 699227, 2984346, 699235, 2984345, 459342, 210735	FALSE
ASV_5151	39449, 71860, 2968077, 1290334, 257771, 257771;260685	FALSE
ASV_5168	2984361, 2984353, 2984356, 2984355;2984366, 2984355, 2984365, 2984350, 2984357, 699227, 2984346, 699235, 2984345, 210735	FALSE
ASV_5174	1191119;1285930	TRUE
ASV_5209	1198971, 143670, 1695222, 1691974, 1691973, 2790054, 71861, 1652117, 1655535, 631048, 160611, 858356, 289378, 284798;284799;284802, 284797, 310565	FALSE
ASV_5212	86043, 880215, 2909184, 2909183, 2909180, 2910003, 2909179, 2909178, 2909177, 2909176, 2909174, 2910002, 2910001, 2910000, 2908906, 86043;645345	FALSE
ASV_5221	231603;1468208	TRUE
ASV_5305	88552, 447208;497816	FALSE
ASV_5357	35677, 35677;44463	FALSE
ASV_538	39449, 71860, 2968077, 1290334, 257771, 257771;260685	FALSE
ASV_5432	2733780, 2733778, 2733777, 2733775, 2733759, 2666510, 2733774, 2733773, 2733772, 2733758, 2733770, 2733769, 2733767, 2733782, 2733765, 2733764, 2733763, 2733762, 2733761, 2035444, 2035443, 639596, 1350354, 1350339, 1350345, 1352007, 1350341, 639600, 715289, 1351990, 639598;1350356;1351977, 639602, 639593, 578584, 579175, 578582, 318095, 86253, 44171, 639595, 639614, 2042081, 2042083, 359504, 2042085, 2042080, 1255094, 795033, 2826156, 639615, 3018299, 2826152, 2826150, 2826155, 2826154, 2035445, 1350348, 1350356, 2972548, 2972547, 2972544, 2972545	FALSE
ASV_5469	71516, 6526, 158987, 112527, 112525, 1511519, 981056, 112526, 1922199, 271030, 1469671, 1536767, 1080724, 1529684, 1042464, 1536738, 1536741, 1536740, 1536743, 1529682, 1470013, 1470012, 1470010, 1470008, 1249887, 2823525, 112528, 106804, 52793, 483039, 31228, 55699, 161078, 2529398, 129831, 142891, 6500, 6523;55699, 6523, 980444, 980443, 271031, 240818, 1042462, 884218, 884220, 283763, 142894, 142893, 159021, 153466, 159020, 159266, 159265, 159264, 159019, 112524, 159018, 142889, 142890, 158988, 50959, 158986, 158985, 259548, 157134, 52931, 76188, 71498, 520981, 1470009, 649607, 643550, 637518, 2547651, 637517, 643551;2547651, 500109, 431600, 356481, 6503, 259647, 259646;500109, 6504, 1470011, 999252, 999255;999281, 999253;999254, 999246, 999245, 999236, 999244, 191791, 999243, 1492912, 981063, 356479, 999250, 1301079, 191807, 191805, 419059, 419058, 419017, 419057, 2723822	FALSE
ASV_5500	39449, 71860, 2968077, 1290334, 257771, 257771;260685	FALSE
ASV_5532	1000986, 119481, 284730, 284693;284726;284727;284729, 1000984, 948923, 3075302	FALSE
ASV_5562	2066645, 2066664;2066665, 2066608, 2066653, 2066652, 2066686, 862916, 1940680	FALSE
ASV_5570	114067, 507447, 2779383, 544705, 114071, 503039, 670708, 201685, 114067;134763, 134763	FALSE
ASV_5571	27292, 4932, 114524, 1987369, 1080349, 55601, 230603, 1911677, 1969575, 580240, 27291, 559292, 226230, 1165456, 226126, 1294332, 1294330, 1294329, 1294328, 1294327, 1294326, 1294325, 1294324, 1294323, 1294322, 1294321, 1294320, 1294319, 1294318, 1294317, 1294316, 1294315, 1294314, 1294313, 1294312, 1294311, 502869, 1294310, 947044, 468558, 947042, 1294309, 1294307, 1294306, 1294305, 1294304, 1294303, 1294388, 1294387, 1294385, 1294384, 1294383, 1294382, 1294381, 1294380, 1294379, 1294378, 1294376, 1294375, 1294374, 1294373, 1294372, 1294371, 1294370, 1294369, 1294368, 1294367, 1294366, 1294365, 1294364, 1294363, 1294362, 1294361, 1294360, 1294359, 1294358, 1294357, 1294356, 1294355, 1294354, 1294353, 1294352, 1294351, 1294350, 1294349, 1294348, 1294347, 1294346, 1294345, 1294344, 1294343, 1294342, 1294341, 1294340, 1294339, 1294338, 1294337, 1294336, 1294335, 1294334, 1294333, 1293430, 1292971, 1296266, 1294331, 4931, 5541, 4932;559292, 4932;559292;1247190, 4932;580240, 1220494, 643680, 226125, 32630, 367816, 117530, 261971, 200335, 114526, 114524;114525, 4932;209285;559292, 4931;27291, 202946, 4931;230603, 676026, 676024, 4950, 676023	FALSE
ASV_5590	39449, 71860, 2968077, 1290334, 257771, 1286874, 492573, 257771;260685	FALSE
ASV_5613	39449, 71860, 2968077, 1290334, 257771, 257771;260685	FALSE
ASV_5665	2903, 1856765, 1486463, 280463, 2611280, 2748608, 2903;38817;1663125, 38817;284784;284790	FALSE
ASV_5696	39449, 71860, 2968077, 1290334, 257771, 257771;260685	FALSE
ASV_5717	1744892, 143672, 262969;262970, 459616, 384329	FALSE
ASV_5732	97485, 2903, 1856765, 280463, 2812485, 35144, 44453, 2903;38817;1663125, 284783, 38817;284784;284790, 97484	FALSE
ASV_5766	1390100, 316194;1390099, 316192;316193, 316170	FALSE
ASV_5792	1229643;1229644;1229645	TRUE
ASV_5842	2745724, 535988, 1934168, 1934167, 1934177, 1934176, 1934128, 1934125, 1934124, 2011669, 1933429, 61460, 431000, 980155, 980148, 980133, 980132, 701992, 701990, 329707, 61461, 1934172, 1934170, 1934117, 980156, 1073329, 980135, 633453, 2033587, 1758294, 1758293, 2587882, 2587881, 1715222, 1541146, 2029765, 206542, 1002370, 589642, 470460;470461;470462, 634187, 634183, 634182, 1758291	FALSE
ASV_5909	566470, 566471, 584795, 2739030;2739031	FALSE
ASV_5931	13268, 114422, 13268;1345011	FALSE
ASV_5966	265024, 265027, 265026, 265025, 2567786, 265025;2567786, 74095	FALSE
ASV_5983	519246, 200279, 887148, 887147, 145852, 2056071, 199745, 2715088, 2056069, 145850, 2715087, 4608, 464070, 145848, 2056062, 98750, 650149, 37724, 445137, 116551, 2715086, 2056052, 2056050, 211957, 145842, 145840, 464041, 145838, 2715081, 2715085, 1227977, 4556, 906889, 464034, 2358306, 112509, 4565, 345914, 345912, 1940274, 366488, 366476, 3917, 52152, 6689, 2038770, 2038769, 1747705, 399722, 665525, 665499, 39947, 159298, 416025, 1892228, 640618, 1443526, 3105834, 2030759, 2030756, 2030755, 2030754, 2030752, 2030751, 1892227, 87477, 2030750, 470288, 376137, 2030749, 391975, 1440556, 2030748, 388721, 2030747, 366486, 1159240, 2030746, 345913, 2030744, 446913, 222563, 28479, 640591, 1793980, 100810, 366483, 366482, 1793977, 366481, 1211477, 376127, 29679, 1440522, 366478, 2030743, 2030742, 2030740, 2030741, 1440529, 1440528, 2030730, 1735965, 1440527, 1440526, 2030725, 1642856, 2030721, 2030718, 2030717, 2030716, 2896444, 2030714, 2030712, 2030710, 2030708, 2030706, 2030705, 2030704, 2030703;2030713, 2030703, 2030699, 549216, 2030697, 2030695, 2030694, 2528740, 2030692, 2030691, 2030690, 1440524, 2030684, 2030683, 37723, 511983, 391962, 2030682, 258806, 1000416, 2030681, 395286, 497293, 2030680, 2030732, 2030679, 640614, 376118, 570168, 2030678, 535810, 640613, 2030677, 570167, 640610, 1853057, 2030673, 395285, 2030672, 1898930, 2030671, 1853056, 446143, 2030669, 29668, 640619, 446142, 2030667, 669640, 2030666, 1891462, 2030665, 1155255, 2030663, 640602, 2030661, 389630, 640600, 640601, 2030660, 1617934, 4498, 389629, 52139, 286619, 391980, 2030656, 286491, 96047, 1159253, 63632, 345920, 345918, 2030652, 345916, 2030651, 2030650, 345915, 204232, 2030649, 39946, 1771142, 146640, 4530, 318049, 4568, 4491, 40148, 29695, 1478600, 1243769, 1478599, 4529, 65489, 4538, 4537, 4528, 40149, 4538;65489, 2998809, 4530;39946, 4522, 2969168, 2705378, 145847, 2969167, 145844, 464045, 2969166, 254158, 2056037, 464037, 211946, 2939664, 89674, 89676, 89678, 944502, 52153, 2056060, 2939658, 29677, 2939657, 89679, 4606, 2907183, 1343465, 2907173, 55777, 55762, 55763, 52137, 55767, 2907180, 2907179, 468976, 55769, 1708984, 55771, 2907175, 52147, 1560087, 2907174, 254125, 2550840, 2550839, 55770, 55773, 52150, 37721, 55764, 4572, 200361, 85692, 218142, 4577, 38689, 4550, 568980, 49769, 4521	FALSE
ASV_60	2601838, 656076, 2570378, 1326985, 478423, 4491, 1326984, 6116, 1499594, 1499606, 1499612, 1350352, 2763134, 2760912, 2777157, 2760912;2777157, 396345, 1147133, 1143169, 856769, 856790, 856780, 656079, 656064, 656065, 656063, 656070, 396333, 396344, 51821, 491812, 2652724, 171246, 87731, 86610, 2861277, 656068, 478420, 1720311, 478392	FALSE
ASV_6028	1198971, 143670, 2676190, 1695222, 1691974, 1691973, 71861, 1652117, 1655535, 631048, 160611, 858356, 289378, 284798;284799;284802, 284797	FALSE
ASV_6061	1169003;1967941, 1169003	FALSE
ASV_6144	338244, 2015897, 645386, 557398, 338254, 168779, 168745, 168785, 316230, 316224, 316173, 316218, 316216, 316184;316205, 645392, 316183, 2751894, 2721091, 316165	FALSE
ASV_6163	1010543, 1010474;1010503;1010513;1010526	FALSE
ASV_6169	1346583, 1069096, 1069096;1346590, 1345021	FALSE
ASV_6181	231603;1468208	TRUE
ASV_6192	2053533, 1212512, 1212511, 1683872, 1684137, 3033743, 2913344, 2913351, 2913348, 2913350, 231370, 2836769, 1212513, 2836751, 2836752;2913349	FALSE
ASV_6248	2015895, 2015894, 1366059, 316203, 500023, 316177, 499908, 499907, 2837385, 316211, 168756, 2747905, 316226, 316191, 316177;316209;316211	FALSE
ASV_6322	39449, 71860, 2968077, 1290334, 257771, 257771;260685	FALSE
ASV_6351	1441599, 232941, 46514, 7598, 46519, 133435, 194558, 133434, 46516, 105863, 60567, 60557, 7594, 60563;194557, 331098, 2038754	FALSE
ASV_6454	2026442, 2026424, 178342, 178341, 41300, 226320, 225408, 221626;265276;265277, 133490, 178343	FALSE
ASV_6493	39449, 71860, 2968077, 1290334, 257771, 257771;260685	FALSE
ASV_651	2590921, 1907792, 2590921;2590922	FALSE
ASV_6627	2202658, 2202691, 503028;503045;507454;749001;862113;874271;1729693;1730090, 672031, 1707830, 503029, 1007037, 503044, 862113, 136186, 503042, 588334, 261847, 588325, 588350, 1169133, 1169131, 2056980, 1169132, 201684, 2056991, 409298, 749001	FALSE
ASV_663	88552, 2984361, 2984353, 2984356, 2984355;2984366, 2984355, 2984365, 2984350, 2984357, 699227, 2984346, 699235, 2984345	FALSE
ASV_6635	39449, 71860, 2055248, 2968077, 1290334, 257771, 89957, 257771;260685	FALSE
ASV_6687	186038, 186040, 186038;186040, 210449	FALSE
ASV_6688	2015895, 2015894, 1366059, 316203, 500023, 316177, 499908, 499907, 2837385, 316211, 168756, 2747905, 316226, 316191, 316177;316209;316211	FALSE
ASV_6740	676789, 156133, 284976;284978;284979;284980;284981;284982	FALSE
ASV_675	1390100, 316194;1390099, 316192;316193, 316170	FALSE
ASV_6774	2749386, 2749387, 2749385, 2749384, 376077, 376076, 376074;376075, 376072;376073, 376071, 376070, 376069, 376068, 376066, 376064;376065, 175359, 376056, 376054, 376053, 376052, 376051, 376045, 376044, 376043, 376041, 376002, 62855, 376028, 376027, 376030, 376026, 376025, 376018, 175357, 175358, 376006, 175382, 62847, 175354	FALSE
ASV_6898	1573495, 160607, 160607;1573495	FALSE
ASV_6920	39449, 71860, 2968077, 1290334, 257771, 257771;260685	FALSE
ASV_6929	2598553, 2598552, 1684123, 2913306;2913309	FALSE
ASV_6939	1010633, 1052096, 1707700, 70808, 887106, 29919, 887089, 887071;887074;887084;887090;887094;887098, 29917;887083;887086;887092;887100;887101, 1933429, 1970646, 1970641, 891392, 470178, 470177, 92950, 470174, 2116638, 887100, 887098, 2116637, 2116636, 2116646, 887100;2116635, 1758467, 394564;2116646, 394564, 887095, 887073;887095, 241845, 1970649, 1052092, 2116633, 2116632, 29917;887100, 29917, 887085, 241845;887084;887095;887100, 1970645, 1338630, 1338630;2116637, 29918, 643907, 2036922, 2016220, 553858, 2888283, 3096637, 3068972, 2965083, 2965082, 2965081, 3068973, 3058887, 887103, 470175, 1758474, 1758473, 1758471, 1758461, 1707700;1747447, 161657, 2950976, 887083, 2917120, 2917119, 450181, 1290348, 1290352, 1268280, 990654, 890382, 879688, 29917;92950;237183, 672500, 487641, 396515;487634, 480351, 480345, 411511, 411510, 422712, 422710, 422702, 422701, 422700, 422714, 422711, 422709, 422708, 422707;1933429, 422706, 422705;1933429, 422704, 422703, 181049, 2745721, 879689, 1225209, 447242, 1052091, 1052096;2116636, 1758464, 2116631, 887075;887100, 1756098, 2116643, 887100;2116634, 1049285, 1758469, 2116642, 2116639, 1758420, 1758476, 470174;1758475, 887075, 1747449, 1116207, 166634;1116206;1116209;1116210, 887104, 887107, 70808;887107, 29919;70808;887107, 887100;887106, 887071, 887072, 887091, 93488;166633;470175;1338630, 29917;166633;887073;887075;887086;887095;887100;1338630;2116634;2116642;2116643, 887074;887085;887088;887094;887098;887102;887104, 706564, 93488, 1338630;2116631, 887100;887106;2116634, 887075;887095;2116634, 29917;887075;887095;887100;1758471;2116643, 643908, 643906, 634219, 29917;887103, 1758475, 1508237, 887098;1970641, 330883, 166633, 887093, 29917;887086;1747448, 470175;1338630, 1758412, 102000, 1758465, 237180, 2116640, 92950;1052096, 798209	FALSE
ASV_6981	1204331, 1204330, 1204305, 1204304, 1204326;1204327, 95549, 638949, 116183, 316610, 261894, 261892, 261891, 95551, 95550	FALSE
ASV_6989	39449, 71860, 2968077, 1290334, 257771, 257771;260685	FALSE
ASV_7165	88552, 39449, 71860, 2968077, 1290334, 257771, 2661874, 425813, 257771;260685	FALSE
ASV_7257	1198971, 143670, 1695222, 1691974, 1691973, 71861, 1652117, 1655535, 631048, 160611, 926437, 858356, 289378, 284798;284799;284802, 284797	FALSE
ASV_7341	284968, 156122;284971, 1905848, 1522444, 1764237;1764239, 464278, 1764240	FALSE
ASV_7510	338244, 2015897, 645386, 557398, 338254, 168779, 168745, 168785, 316230, 316224, 316173, 316218, 316216, 316184;316205, 645392, 316183, 2751894, 2721091, 316165	FALSE
ASV_758	181122;2315894	TRUE
ASV_7587	39449, 71860, 2968077, 1290334, 257771, 257771;260685	FALSE
ASV_7729	156133, 284976;284978;284979;284980;284981;284982	FALSE
ASV_774	181122;2315894	TRUE
ASV_7775	447208;497816	TRUE
ASV_786	2060209, 290150, 159567;2060206, 159566, 3092289, 3092284, 429153, 169010, 149066, 48144, 290144, 102976, 150493, 290141;2060205, 209422, 290137, 159567, 149074, 209423, 290139, 290143	FALSE
ASV_7907	1390100, 316194;1390099, 316192;316193, 316170	FALSE
ASV_7922	1198971, 143670, 1695222, 1691974, 1691973, 71861, 1652117, 1655535, 631048, 160611, 858356, 289378, 284798;284799;284802, 284797	FALSE
ASV_7948	1000990, 119497, 119497;119529, 284699	FALSE
ASV_8058	39449, 71860, 2968077, 1290334, 257771, 257771;260685	FALSE
ASV_8141	2202674, 2202672, 2202673, 2202683;2202684, 2202666;2202667, 2202686;2202687, 2202678, 2202676, 2202689, 2202681, 2202655, 2202706, 2202670, 2202665, 450126, 1267142, 588350, 2056991, 1169131, 883838, 2202663, 2682720, 2202702	FALSE
ASV_8146	447208;497816	TRUE
ASV_8207	2856;1655539	TRUE
ASV_8249	416832;1973158, 416832	FALSE
ASV_8323	2015895, 2015894, 1366059, 316203, 500023, 316177, 499908, 499907, 2837385, 316211, 168756, 2747905, 316226, 316191, 316177;316209;316211	FALSE
ASV_8392	1582117;1582120;1582138;1582139, 1582122, 1299289;1299290, 457647, 1548726	FALSE
ASV_8404	308623, 401954;661984;661985, 401953	FALSE
ASV_8418	2066691, 2066605, 2066677;2082969, 2066676;2066678, 2066648, 2066683, 2066603;2066604, 2138295, 1561082, 2138296, 1052044, 195226, 2138294	FALSE
ASV_842	1010533, 1010473;1010490;1010542, 1010556	FALSE
ASV_8428	1595861, 1593366;1593369	FALSE
ASV_8576	1312089;1312103;1312105	TRUE
ASV_8606	1274662, 144291;1274662	FALSE
ASV_863	73431, 1320671, 1320681, 707724;1081868;1320672	FALSE
ASV_8663	86556;639591, 86556, 639591, 1460409;1460412, 1460410, 270263, 1460408, 44243, 86518, 1499518, 125323	FALSE
ASV_8724	2984361, 2984356, 2984355;2984366, 2984355, 2984365, 2984350, 2984357, 699227, 2984346, 699235, 2984345, 936276, 210735	FALSE
ASV_8754	2116589, 2116587;2116588;2116589;2116590;2116591, 2116587, 2812566, 2126355, 34154	FALSE
ASV_88	148996, 149009, 149008, 149007, 184760, 149001;184759, 149001	FALSE
ASV_8823	676789, 156133, 284976;284978;284979;284980;284981;284982	FALSE
ASV_8888	1390100, 316194;1390099, 316192;316193, 316170	FALSE
ASV_8894	91925, 89940, 364773, 1367421, 1124240, 2082541, 1367422, 254056, 470107, 293227, 348802, 1718875, 212818, 863577, 91920, 856652, 856654, 569365, 1934175, 1934163, 1934162, 1934136, 1934127, 1934126, 1934122, 1766914, 2817109, 1715224, 1592555, 91922, 1755424, 43214, 86051, 1008253, 43229, 980159, 980151, 980150, 980134, 980130, 619307, 576865, 411505, 411503, 386627, 422616, 422615, 422611, 422610, 422619, 5970;254056, 241713, 52866, 82111, 82112, 82110, 40355, 82107, 39412, 43222, 43230, 45095, 86340, 66226, 43214;43226;43227;43229;85185, 1934166, 980154, 1541177, 979981, 422618, 1016849, 510255, 510257, 1933427, 348802;1933427, 43226, 1709941, 91927, 626126, 293231, 1715222, 1970915, 2486360, 293230, 293229, 2479500, 856651, 673160, 856653, 134355, 1541146, 651694, 1033840, 1180673, 446025, 470084, 2161709, 468072, 85185	FALSE
ASV_8913	266818;266820	TRUE
ASV_893	220392, 2703548, 857502, 857301, 857498, 857305, 310904, 294375, 150808, 3043961, 2943207, 1418992, 1419476, 1418000;1419477, 1419478, 1418983, 1418985, 273759, 2665993, 150808;240807;1418985, 1418987, 268466, 2056159	FALSE
ASV_8992	2903, 1856765, 280463, 2903;38817;1663125, 38817;284784;284790	FALSE
ASV_9	2015895, 2015894, 1366059, 316203, 500023, 316177, 499908, 499907, 2837385, 316211, 168756, 2747905, 316226, 316191, 316177;316209;316211, 645351	FALSE
ASV_9007	39449, 71860, 2968077, 1290334, 257771, 257771;260685, 260685	FALSE
ASV_9017	2152760, 355634, 431563, 1923966, 2014769, 1752179, 265549;265559	FALSE
ASV_9041	1204331, 1204330, 1204305, 1204304, 1204326;1204327, 95549, 638949, 116183, 316610, 261891, 502784, 261894, 261892, 95551, 95550	FALSE
ASV_9123	2547642, 569439, 2547607, 2547616;2547617, 2547611	FALSE
ASV_9124	2877763, 100951, 480361, 422603, 422602, 422600, 422599, 387916, 5211, 89929, 89916, 92953;92956;100951, 271369, 312471, 104416, 104414, 1231661, 2046349, 92953	FALSE
ASV_914	1010543, 1010474;1010503;1010513;1010526	FALSE
ASV_9144	2015895, 2015894, 1366059, 316203, 500023, 316177, 499908, 499907, 2837385, 316211, 168756, 2747905, 316226, 316191, 316177;316209;316211	FALSE
ASV_9162	1010543, 1010474;1010503;1010513;1010526	FALSE
ASV_918	2015895, 2015894, 1366059, 316203, 500023, 316177, 499908, 499907, 2837385, 316211, 168756, 2747905, 316226, 316191, 316177;316209;316211	FALSE
ASV_9231	2015895, 2015894, 1366059, 316203, 500023, 316177, 499908, 499907, 2837385, 316211, 168756, 2747905, 316226, 316191, 316177;316209;316211	FALSE
ASV_9248	1198971, 143670, 1695222, 1691974, 1691973, 71861, 1652117, 1655535, 631048, 160611, 858356, 289378, 284798;284799;284802, 284797, 1333877	FALSE
ASV_9289	39449, 71860, 2968077, 2963725, 1290334, 257771, 1162085, 1162089;1193138, 66471, 257771;260685	FALSE
ASV_9310	156182, 284789, 156181;284787;284792, 284759;424548, 284805, 284756, 284755, 97492, 127547, 1615609	FALSE
ASV_9399	39449, 71860, 2968077, 1290334, 257771, 257771;260685	FALSE
ASV_9580	186038, 1936265, 2775602, 37318, 37319, 186040, 186038;186040, 210449	FALSE
ASV_9586	3041374, 3041381, 211836, 211841, 203152, 203151, 120452, 120369;120386	FALSE
ASV_965	2591690, 143670, 88552, 2219862, 1685954, 2984361, 2984353, 699233, 2861142, 699226, 2984356, 2984355;2984366, 2984355, 2984365, 2984350, 2984357, 699227, 2984346, 699235, 2984345, 2820086, 1341611, 268821, 686318, 268820, 427755, 237452, 237449, 210735	FALSE
ASV_9760	1312089;1312103;1312105	TRUE
ASV_9767	2984361, 2984353, 2984356, 2984355;2984366, 2984355, 2984365, 2984350, 2984357, 699227, 2984346, 699235, 2984345, 2820086, 210735	FALSE
ASV_9790	8245, 83875, 270537, 435999, 1218182, 173311, 232276, 8187, 58220, 173327, 293821, 57837, 195604, 63155, 375764, 586833, 441366, 1609334, 215406, 195640, 8128, 106582, 586787, 272797, 367072, 109912, 109732, 109923, 109725, 109727, 1445868, 1474814, 1474813, 586788, 1474818, 466111, 110272, 80972, 75562, 1156109, 1680712, 1489734, 75024, 586790, 109741, 1366890, 272788, 1701550, 272785, 109711, 109715, 1633020, 1003686, 1366891, 135765, 135760, 82655, 420107, 76340, 13765, 1474870, 310571, 166261, 1357722, 548163, 215367, 241359, 1582965, 1680832, 1680618, 548160, 303720, 1680619, 271941, 1230797, 603445, 1357720, 886300, 392919, 271942, 1680617, 392539;1503330;1680611;1680833, 36212;189388, 1367090, 428446, 1411154, 1333648, 80966, 1412989, 160726, 1311488, 1109169, 367073, 700633, 1070782, 103820, 173331, 1223608, 320331, 349669, 1920301, 179371, 1266879, 466120, 2250092, 175273, 237618, 1897801, 329431, 13029, 269057, 80640, 159713, 152543, 482919, 334415, 332418, 1843804, 451889, 482915, 700793, 308847, 160721, 329433, 40494, 59837, 241291, 75016, 236585, 1183148, 587067, 722566, 59666, 51758, 490245, 161916, 555488, 531324, 13764, 1182250, 303728, 555490, 119718, 334385, 59665, 195086, 435274, 236586, 435273, 1182200, 241299, 40504, 586798, 2968237, 90412, 587053, 371672, 144197, 586841, 161915, 76338, 59663, 51766, 2750679, 1182262, 13766, 303713, 37949, 51765, 722512, 588211, 184441, 40499, 1182252, 94921, 2968239, 2320819, 2968242, 391211, 700680, 303685, 2968231, 2968238, 107766, 555487, 59661, 1206948, 1182849, 316389, 1231074, 882823, 490251, 1109164, 217850, 2686473, 160742, 1110611, 2968240, 1232747, 1867366, 242958, 55117, 391192, 13604, 68504, 876649, 492021, 556252, 81870, 480301, 740694, 206108, 1003736, 314234, 179370, 473453, 1743396, 1156091, 2835818, 119682, 638296, 91608, 239043, 882772, 2589340, 473457, 586859, 1156145, 1146971, 1156149, 175432, 342441, 396781, 1604524, 157584, 157585, 721873, 2488698, 1240562, 586820, 342439, 188112, 1916742, 94928, 367075, 241273, 753638, 182438, 459920, 229058, 1609601, 1812886, 81869, 153621, 241289, 876641, 241335, 173309, 173334, 1431478, 175442, 722560, 586832, 443712, 443676, 173346, 1508078, 151022, 241500, 990596, 326724, 303691, 153620, 238051, 109713, 274714, 349646, 109686, 2919613, 109693, 396786, 238053, 391184, 239049, 1156455, 241820, 316349, 1188019, 238055, 396779, 417945, 175431, 100206, 88698, 879476, 700632, 876624, 1459839, 390315, 490258, 1147087, 2163919, 182420, 586857, 1147085, 1156473, 219413, 876642, 997976, 753651, 2923461, 753649, 753643, 175434, 173344, 2589299, 876643, 473452, 2506939, 1156094, 1156140, 3040455, 239059, 1461739, 241340, 398258, 1311505, 40502, 1156122, 2108418, 260524, 317493, 281679, 75028, 2108417, 1156092, 241329, 173329, 281677, 480297, 8249, 109733, 75014, 175435, 109694, 997974, 39042, 192870, 342444, 391202, 229087, 2108419, 175444, 238050, 303704, 146141, 75013, 1828454, 239040, 586812, 229076, 586818, 997975, 12913, 281676, 997966, 109706, 109914, 1003687, 219412, 876628, 109708, 473458, 466130, 529471, 2768254, 2589289, 109689, 47711, 586789, 1156119, 241281, 241295, 443693, 998006, 1156133, 173312, 119488, 47706, 473461, 334379, 1003760, 109909, 473455, 490257, 109905, 941984, 47969, 323802, 758860, 63415, 8173, 8078, 1302775, 367194, 366939, 195642, 435138, 7936;94232, 172269, 7936;7937, 7938, 143350, 54920, 366907, 300306, 446457, 1250792, 120843, 238049, 242801, 1680563	FALSE
ASV_9809	181122;2315894	TRUE
ASV_9813	2984361, 2984353, 2984356, 2984355;2984366, 2984355, 2984365, 2984350, 2984357, 699227, 2984346, 699235, 2984345	FALSE
ASV_9853	1730088;1730089	TRUE
