ASV	Multi_taxID_entry	USED
ASV_10002	1905723, 1905723;2315413, 89963, 2968077, 1918384, 262427, 107757	FALSE
ASV_10021	39450, 1806893, 1695222, 71861, 1652117, 1886619, 447210, 1655529, 2820087, 143670, 2591690, 1918384, 1691973, 1239451, 631048, 160611, 262427, 858356, 107757, 237470, 284798;284799;284802	FALSE
ASV_1003	1311521, 516040;1131439	FALSE
ASV_10113	447208, 447208;497816	FALSE
ASV_10195	1864535, 500023, 316177, 499908, 499907, 2837385, 316211, 338256, 168785, 316213, 316177;316209;316211, 316184;316205, 645392	FALSE
ASV_10217	1169001, 1050084, 1169003;1967941, 1169003, 1169000	FALSE
ASV_1044	2812598, 1764240, 464278, 156122;284971, 2302894, 2302891, 2302889, 2302888, 2302887, 1907930;2302880, 1764223, 464277, 464279, 2302898, 2302895;2302896, 2302882, 2302881, 2661830, 2302890, 2302897, 2661826, 2302893, 2661831, 2302879, 2661827	FALSE
ASV_1055	2737752, 2152835, 265543, 1155433, 2316504, 2811639, 1400981, 2590921, 216823, 420264, 2592178, 2592175;2592176, 2592173, 1764895, 2737750, 1764892, 2737749, 265543;420264	FALSE
ASV_10673	1905723, 1905723;2315413, 89963, 2968077, 1918384, 262427, 107757	FALSE
ASV_10688	1905723, 1905723;2315413, 89963, 2968077, 1918384, 262427, 107757	FALSE
ASV_10692	1905723, 1905723;2315413, 89963, 3019568, 2968077, 2902008, 1519424, 1918384, 262427, 107757	FALSE
ASV_10719	1905723, 1905723;2315413, 633638, 1034652, 89963, 2968077, 1918384, 262427, 107757	FALSE
ASV_10723	2066654;2066655, 2066647	FALSE
ASV_10751	1905723, 1905723;2315413, 89963, 2968077, 1918384, 262427, 107757	FALSE
ASV_10786	1905723, 1905723;2315413, 89963, 2968077, 1918384, 262427, 107757	FALSE
ASV_10789	1905723, 1905723;2315413, 89963, 2968077, 1918384, 262427, 107757	FALSE
ASV_1080	1010556, 1010533, 1010473;1010490;1010542	FALSE
ASV_10853	1010556, 1010533, 1010473;1010490;1010542	FALSE
ASV_10864	1766654;1884248	TRUE
ASV_1087	5002, 5002;198839, 1075435	FALSE
ASV_10897	2039256, 1641631, 2666230, 137994, 1784808, 31252, 1784805, 1888177, 1888178, 983673, 2993662;2993663, 2772589, 82852	FALSE
ASV_11044	1905723, 1905723;2315413, 89963, 2968077, 142110, 1918384, 2699462, 262427, 1003175, 107757	FALSE
ASV_11114	2926, 2932, 2925, 1126604, 1126602, 1126601, 1041877, 1041877;1126601;1126602;1126603;1126604, 1126608, 1126610, 1126608;1126610, 1126605;1126607;1126608;1126609;1126610	FALSE
ASV_11218	1905723, 1905723;2315413, 89963, 2968077, 1918384, 262427, 107757	FALSE
ASV_1124	1905723, 1905723;2315413, 89963, 2968077, 1918384, 262427, 107757	FALSE
ASV_11337	1979133, 2058389, 2053927, 2053926, 2072350, 933798, 1622187, 1675616, 1675619, 1236749, 2934619, 2934453, 2934438, 1522371, 2814109, 2871756, 2841288, 2871758, 2871757, 2841290, 2841878, 2811312, 2811311, 2870511, 2841288;2870510, 2866818, 1675621, 1675622, 1131995, 1131993, 1137987, 378370, 378366, 378374, 1210002, 1209999, 382717, 1209997, 1209996, 378375, 2589650, 715985, 717731, 115846, 378381, 378372, 378357, 378364	FALSE
ASV_11392	1715253, 1491472, 2032995, 51453, 1491466, 337941, 5544, 2034170, 5547, 63585, 588779, 5548, 431241, 97093, 317029, 1853274, 78397, 1709941, 1779631, 858349, 1676166, 1676165, 101201, 1627885, 1627884, 1627882, 1627881, 1627880, 1629048, 29875, 173216, 2963699, 1565524, 1513586, 1331945, 63577, 1488207, 1479617, 398679, 1491479, 40695, 860960, 1164574, 1164579, 760190, 97093;337941, 1490982, 29861, 63577;78397, 1491022, 1124870, 1117368, 1117367, 1117366, 1117365, 264951, 698796, 658241, 622347, 520540, 520539, 453569, 422284, 378184, 348368, 235376, 5547;317029, 284294, 284290, 284288, 1491480, 214562, 214571, 214567, 214565, 214559, 214555, 5011, 1862912, 1398677	FALSE
ASV_11411	2580215, 1906474, 1906473, 1906471, 1906470, 183498, 399305, 183498;399286, 244496	FALSE
ASV_11415	48142, 290144, 673885, 102976, 150493, 290141;2060205, 290140, 209422, 290137, 6819, 290143, 290139	FALSE
ASV_11465	2594217, 2558024, 2558023, 2558022, 643629, 2491349, 2506143, 1132301, 1104407, 2040519, 2040458, 1431835, 2040457, 2040456, 1431828, 2772652, 2962111, 2859677, 670428, 1431828;2729988;2729990;2729991;2729992;2729993, 706576;1805947, 44432;1132301;1431824, 1132302, 1339087, 1238239, 1431824, 44432, 2729989, 2729993, 2040456;2040457, 2758938, 44430	FALSE
ASV_11498	1695222, 71861, 1652117, 1655529, 143670, 1691973, 1239451, 439559, 631048, 160611, 858356, 284798;284799;284802	FALSE
ASV_11518	39450, 1905723, 1905723;2315413, 2968077, 2820087, 1918384, 237470	FALSE
ASV_11577	1905723, 1905723;2315413, 2968077	FALSE
ASV_11581	1191119;1285930	TRUE
ASV_11594	1010556, 1010533, 1010473;1010490;1010542	FALSE
ASV_11631	1905723, 1905723;2315413, 89963, 2968077, 1918384, 262427, 107757	FALSE
ASV_11647	1766654;1884248	TRUE
ASV_11650	1905723, 1905723;2315413, 633638, 225107, 1034652, 89963, 1286876, 2968077, 1874130, 1918384, 262427, 156230, 107757	FALSE
ASV_11678	1905723, 1905723;2315413, 407301, 89963, 1886619, 2968077, 298604, 1918384, 387435, 200894, 60595	FALSE
ASV_1168	2735543, 2735541;2735546;2735549;2735714;2735715;2735716, 1918590, 1817548, 869566, 869566;1576524, 270263, 639604, 328237, 86521, 89609, 89608, 2934524, 2934523, 1562872;1576528;1576529, 1150263, 1460411, 859418;1576522, 859418, 1460410, 1460408	FALSE
ASV_11748	2984355;2984366, 1918384, 106539, 427755, 160603	FALSE
ASV_11803	1905723, 1905723;2315413, 2968077, 60595	FALSE
ASV_11931	1335122, 555720, 265616, 216777, 216777;1244697, 1244698	FALSE
ASV_11979	1764241, 1764237;1764239, 2812598	FALSE
ASV_12135	1695222, 71861, 1652117, 1655529, 143670, 1691973, 1239451, 439559, 631048, 160611, 858356, 284798;284799;284802	FALSE
ASV_12171	1521551, 1922289, 1922288, 1922287, 1922287;1922290, 1390100, 2841609, 2841618, 2841610, 557396, 557399, 557398, 338254, 168779, 316229, 316192;316193, 645353	FALSE
ASV_12181	2528238, 2528237, 2528234;2528236, 2528233, 2528232;2528235, 2528231, 2528230, 2302167, 2302166, 2302164, 2302163, 2302162, 2302158, 2302157, 2302154, 37318, 44445, 44447	FALSE
ASV_12197	260685, 2364126, 2303287, 1290334, 257771, 257771;260685	FALSE
ASV_12205	1695222, 71861, 1652117, 1655529, 143670, 1918384, 1691973, 1239451, 631048, 160611, 858356, 284798;284799;284802, 284797	FALSE
ASV_12230	1905723, 1905723;2315413, 89963, 2219862, 447210, 2968077, 1918384, 262427, 107757	FALSE
ASV_12295	559844, 614669, 89963, 1679438, 1695222, 71861, 1652117, 699226, 699233, 699229, 699227, 1678892, 1918384, 2984886, 60595, 1655529, 143670, 2959, 2864110, 1691973, 1239451, 1186237, 631048, 160611, 904677, 858356, 284798;284799;284802, 244960, 244961	FALSE
ASV_12303	1905723, 1905723;2315413, 89963, 2968077, 1918384, 262427, 107757, 2945	FALSE
ASV_12322	2926, 2932, 2925, 1126604, 1126602, 1126601, 1041877, 1041877;1126601;1126602;1126603;1126604, 1126608, 1126610, 1126608;1126610, 1126605;1126607;1126608;1126609;1126610	FALSE
ASV_12390	1905723, 1905723;2315413, 2968077	FALSE
ASV_1270	1498201, 1498201;1498202, 5537, 2012262, 1449715	FALSE
ASV_12870	1864535, 500023, 316177, 499908, 499907, 2837385, 316211, 338256, 168785, 316213, 316177;316209;316211, 316184;316205, 645392	FALSE
ASV_12896	2661866, 2528240, 89963, 1806893, 1695222, 71861, 1652117, 1764948, 1764946, 1764947, 1764957, 60595, 1655529, 143670, 2591690, 1691973, 1239451, 631048, 160611, 858356, 427755, 284798;284799;284802, 244961	FALSE
ASV_13035	1162089;1193138, 1162089	FALSE
ASV_13090	407301, 89963, 1695222, 71861, 1652117, 1886619, 268827, 1655529, 298604, 143670, 1918384, 1691973, 1239451, 2684371, 2684370, 2684369, 631048, 160611, 387435, 858356, 200894, 160612, 284798;284799;284802, 66473, 60595	FALSE
ASV_13110	1606541, 1411661, 722754;1714387	FALSE
ASV_13122	1905723, 1905723;2315413, 89963, 2968077, 1918384, 262427, 107757	FALSE
ASV_13134	2598532, 3016982, 3020457, 1683870, 2927305, 2927306, 1519773, 2836782, 2836781, 2836778, 2836777, 2836776, 2836774;2836775, 2836773, 2836769, 2836768, 2836762, 2836761, 2836760, 2836758, 2836757, 1196008, 2836748, 1196007, 2778049, 2183544, 2836747, 324891, 1809752, 1809752;2836770, 307678	FALSE
ASV_13195	2302266, 1766654;1884248, 1181720	FALSE
ASV_13213	1905723, 1905723;2315413, 89963, 2968077, 1918384, 262427, 107757	FALSE
ASV_13217	1010554, 1010507, 1010474;1010503;1010513;1010526	FALSE
ASV_13237	1311521, 516040;1131439	FALSE
ASV_1324	1905723, 1905723;2315413, 2968077, 60595	FALSE
ASV_13255	407301, 89963, 1695222, 71861, 1652117, 1886619, 1655529, 298604, 143670, 1918384, 1691973, 1239451, 2684371, 2684370, 2684369, 631048, 160611, 387435, 858356, 200894, 160612, 284798;284799;284802, 66473, 60595	FALSE
ASV_13278	1905723, 1905723;2315413, 2968077	FALSE
ASV_13296	260685, 2364126, 2303287, 1290334, 257771, 1124241, 257771;260685	FALSE
ASV_13384	90936, 299905, 415975, 90936;859642;859643, 162275, 859643, 859642;859643, 859642	FALSE
ASV_13428	1937694;2962706, 1937694, 2962706	FALSE
ASV_13495	1979133, 2058389, 2053927, 2053926, 2072350, 933798, 1622187, 1675616, 1675619, 1236749, 2934619, 2934453, 2934438, 1522371, 2814109, 2871756, 2866817, 2841288, 2871758, 2871757, 2841290, 2841878, 2811312, 2811311, 2870511, 2841288;2870510, 2866818, 1675621, 1675622, 1131995, 1131993, 1137987, 378370, 378366, 378374, 1210002, 1209999, 382717, 1209997, 1209996, 378375, 2589650, 715985, 717731, 115846, 378381, 378372, 378357, 378364	FALSE
ASV_136	1169001, 1050084, 1169003;1967941, 1169003, 1169000	FALSE
ASV_13610	2038134, 2038133, 2038136, 140457, 2040502, 1532215, 2934625;2934626;2934627, 34499, 86010	FALSE
ASV_13647	1606541, 172717, 1411662, 1411661, 91992, 722754;1714387	FALSE
ASV_13697	1905752;2053574	TRUE
ASV_13793	1524186, 1304840, 549348, 549345;1516112, 549349, 549347, 549346	FALSE
ASV_13938	1905723, 1905723;2315413, 89963, 2968077, 1918384, 262427, 107757, 237448	FALSE
ASV_13979	1905723, 1905723;2315413, 89963, 2968077, 1918384, 262427, 107757	FALSE
ASV_14043	2737750, 2737749, 2592178, 2592175;2592176, 2592173, 1764895, 1764892, 464227	FALSE
ASV_142	407301, 89963, 1695222, 71861, 1652117, 1886619, 1655529, 298604, 143670, 1918384, 1691973, 1239451, 2684371, 2684370, 2684369, 631048, 160611, 387435, 858356, 200894, 160612, 284798;284799;284802, 66473, 60595	FALSE
ASV_14241	2926, 2932, 2925, 1126604, 1126602, 1126601, 1041877, 1041877;1126601;1126602;1126603;1126604, 1126608, 1126610, 1126608;1126610, 1126605;1126607;1126608;1126609;1126610	FALSE
ASV_14259	1905723, 1905723;2315413, 89963, 407301, 2968077, 237448	FALSE
ASV_14329	1905723, 1905723;2315413, 2968077	FALSE
ASV_14400	2926, 2932, 2925, 1126604, 1126602, 1126601, 1041877, 1041877;1126601;1126602;1126603;1126604, 1126608, 1126610, 1126608;1126610, 1126605;1126607;1126608;1126609;1126610	FALSE
ASV_14412	2661866, 2528240, 1695222, 71861, 1652117, 1764948, 1764946, 1764947, 1764957, 1655529, 143670, 1918384, 1691973, 1239451, 631048, 160611, 858356, 2137954, 284798;284799;284802, 284797	FALSE
ASV_14491	2066674, 2066691, 2066605, 2066687, 2066685, 2066676;2066678, 2066673, 2066683, 2138295, 1441599, 1940680, 1561082, 188236, 188220, 195226, 273040	FALSE
ASV_14496	1905723, 1905723;2315413, 2292165, 633638, 1034652, 89963, 2968077, 1918384, 262427, 926437, 107757	FALSE
ASV_14508	2836759, 324889, 2598532, 3016982, 3020457, 1683870, 2927305, 2927306, 1519773, 2836782, 2836781, 2836778, 2836777, 2836776, 2836774;2836775, 2836773, 2836769, 2836768, 2836762, 2836761, 2836760, 2836758, 2836757, 1196008, 2836748, 1196007, 2778049, 2183544, 2836747, 324891, 1809752, 1809752;2836770, 307678	FALSE
ASV_14557	1937694;2962706, 1937694, 2962706	FALSE
ASV_14559	1010556, 1010533, 1010473;1010490;1010542	FALSE
ASV_1458	1521551, 1922289, 1922288, 1922287, 1922287;1922290, 1390100, 2841609, 2841618, 2841610, 557396, 557399, 557398, 338254, 168779, 316229, 316192;316193, 645353	FALSE
ASV_14684	2812598, 1764240, 464278, 156122;284971	FALSE
ASV_14712	2812485, 412153;424481	FALSE
ASV_14714	1126604, 1126602, 1126603, 1126601, 1041877, 1041877;1126602;1126604, 1041877;1126604, 1041877;1126601;1126602;1126604	FALSE
ASV_14723	2259046, 2496431, 2714763, 1903955, 73499, 89141, 2487154, 1346817, 2231603, 132115, 1756136, 1906752, 2060968, 797268, 132111, 1756136;2714763, 1652033;1652035;2487154, 1652023;2231603;2259046, 1628936, 2204300, 2945926, 2945925, 2945924, 2945928, 2945927, 2945924;2945926;2945928, 2591472, 2756282, 2775450, 2775442, 2775449, 2775443, 2775445, 2775447, 235384, 1297144, 1297140, 1297139, 89141;176275;1297135;1297143, 2775448, 2775446, 2775444, 1652023, 571577, 571583, 205930, 228242, 152787	FALSE
ASV_14748	1905723, 1905723;2315413, 89963, 2968077, 1918384, 262427, 107757	FALSE
ASV_14749	1905723, 1905723;2315413, 89963, 3019568, 2968077, 2902008, 1519424, 1918384, 262427, 107757	FALSE
ASV_14887	260685, 2364126, 2303287, 1641413, 1641414, 3019568, 1290334, 2812033, 257771, 35672, 257771;260685	FALSE
ASV_1490	1937694;2962706, 1937694, 2962706	FALSE
ASV_14918	2737750, 2737749, 2592178, 2592175;2592176, 2592173, 1764895, 1764892, 464227	FALSE
ASV_14921	2294129, 2302269, 2302267, 2302266, 1766654;1884248, 1764648, 1181720	FALSE
ASV_14957	180941, 1295634, 416578, 1050084, 1050079, 1050077, 1967940, 1168997;1967940, 1168999, 1168997, 1892383, 641209, 641207	FALSE
ASV_15035	2046349, 92952, 100951, 1973320, 104412, 104408, 610337, 92951, 92952;92956;104415, 764475, 89929, 273029, 89922, 92954, 92953;92956;100951, 271369	FALSE
ASV_15066	1010556, 1010533, 1010473;1010490;1010542	FALSE
ASV_15081	1905723, 1905723;2315413, 89963, 3019568, 2968077, 2902008	FALSE
ASV_15088	1905723, 1905723;2315413, 2968077, 192219	FALSE
ASV_15103	1806893, 1695222, 71861, 1652117, 1886619, 1655529, 143670, 2591690, 1691973, 1239451, 439559, 631048, 160611, 858356, 284798;284799;284802	FALSE
ASV_15160	1905723, 1905723;2315413, 89963, 2968077, 1918384, 262427, 107757	FALSE
ASV_15201	39450, 260685, 1905723, 1905723;2315413, 2364126, 2303287, 1655534, 2968077, 2820087, 1290334, 1918384, 257771, 1614641, 257771;260685, 237470	FALSE
ASV_1524	2066664;2066665, 2066660, 2066653, 868044	FALSE
ASV_15360	156133, 284976;284978;284979;284980;284981;284982, 1764142, 464276, 41886	FALSE
ASV_15476	1910764;2518964	TRUE
ASV_1554	1806893, 1695222, 71861, 1652117, 2984365, 1886619, 1655529, 143670, 2591690, 1691973, 1239451, 631048, 160611, 858356, 284798;284799;284802	FALSE
ASV_15559	1311521, 516040;1131439	FALSE
ASV_15582	1311521, 516040;1131439	FALSE
ASV_15594	1905723, 1905723;2315413, 633638, 1034652, 89963, 407301, 2968077, 1918384, 262427, 107757	FALSE
ASV_15623	1905723, 1905723;2315413, 89963, 407301, 2968077, 1918384, 262427, 107757	FALSE
ASV_15712	1606541, 1411661, 722754;1714387	FALSE
ASV_15758	39450, 260685, 1905723, 1905723;2315413, 2364126, 2303287, 1655534, 2968077, 2820087, 1290334, 257771, 1614641, 257771;260685, 237470	FALSE
ASV_15764	1905723, 1905723;2315413, 633638, 1034652, 89963, 407301, 2968077, 1918384, 262427, 107757	FALSE
ASV_15788	1905723, 1905723;2315413, 89963, 2968077, 1918384, 262427, 107757	FALSE
ASV_15796	153648, 1311521, 516040;1131439	FALSE
ASV_16038	1050091, 1050089, 1050096, 1050095, 1050094, 2739031, 2739030;2739031, 566470, 584795, 566471, 566467	FALSE
ASV_16202	39450, 260685, 1905723, 1905723;2315413, 2364126, 2303287, 2968077, 2820087, 1290334, 257771, 1614641, 257771;260685, 237470	FALSE
ASV_1627	1905723, 1905723;2315413, 2968077	FALSE
ASV_16280	156133, 284976;284978;284979;284980;284981;284982	FALSE
ASV_16407	2592063, 237449, 268820;1400434;1400435, 268821, 268820, 268820;463290, 268820;268821	FALSE
ASV_1647	1905723, 1905723;2315413, 89963, 2968077, 1918384, 262427, 107757	FALSE
ASV_16545	2737750, 2737749, 2592178, 2592175;2592176, 2592173, 1764895, 1764892, 464227	FALSE
ASV_16716	2926, 2932, 2925, 1126604, 1126602, 1126601, 1041877, 1041877;1126601;1126602;1126603;1126604, 1126608, 1126610, 1126608;1126610, 1126605;1126607;1126608;1126609;1126610	FALSE
ASV_1679	1905723, 1905723;2315413, 89963, 2968077, 1918384, 262427, 107757	FALSE
ASV_16794	1905723, 1905723;2315413, 89963, 407301, 2968077, 142110, 1918384, 2699462, 262427, 1003175, 107757	FALSE
ASV_168	49265, 420259, 49265;420259, 2302239, 2302221, 1960174, 1960172, 1960171, 1960173, 1960170, 2302224	FALSE
ASV_16843	1155433, 49258;1003085	FALSE
ASV_16848	1606541, 172717, 1411662, 1411661, 91992, 722754;1714387	FALSE
ASV_1692	1905723, 1905723;2315413, 1519425, 632150, 1034652, 89963, 1428570, 3029278, 2968077, 1918384, 2746694, 1239446, 262427, 107757	FALSE
ASV_16951	2099346, 2099345, 2099340, 497498, 497498;2099340	FALSE
ASV_16960	1905723, 1905723;2315413, 89963, 2968077, 1918384, 262427, 107757	FALSE
ASV_16963	143670, 106543, 1691974, 1695222, 71861, 1652117, 1655535, 1655529, 1691973, 1239451, 631048, 160611, 858356, 284798;284799;284802	FALSE
ASV_17	1302792, 220648, 2934475;2934481;2934482, 220647	FALSE
ASV_17031	1010556, 1010533, 1010473;1010490;1010542	FALSE
ASV_17100	1905723, 1905723;2315413, 633638, 1034652, 89963, 2968077, 1918384, 262427, 107757	FALSE
ASV_1713	291032, 83372;291032, 376140	FALSE
ASV_17304	89963, 1806893, 1695222, 71861, 1652117, 1886619, 447210, 1655529, 143670, 2591690, 142110, 1918384, 1691973, 1239451, 631048, 160611, 262427, 858356, 107757, 284798;284799;284802	FALSE
ASV_17365	163663;238910	TRUE
ASV_17385	1169001, 1050084, 1169003;1967941, 1169003, 1169000	FALSE
ASV_174	1905723, 1905723;2315413, 89963, 2968077, 142110, 1918384, 2699462, 262427, 1003175, 107757	FALSE
ASV_17558	1905723, 1905723;2315413, 3019568, 2968077, 2902008	FALSE
ASV_17742	1169001, 1050084, 1169003;1967941, 1169003, 1169000	FALSE
ASV_1784	2598532, 3016982, 3020457, 1683870, 2927305, 2927306, 1519773, 2836782, 2836781, 2836778, 2836777, 2836776, 2836774;2836775, 2836773, 2836769, 2836768, 2836762, 2836761, 2836760, 2836758, 2836757, 1196008, 2836748, 1196007, 2778049, 2183544, 2836747, 324891, 1809752, 1809752;2836770, 307678	FALSE
ASV_18399	260685, 2364126, 2303287, 3003917, 1290334, 257771, 35672, 257771;260685	FALSE
ASV_18410	2919510;2919511, 2919509	FALSE
ASV_18426	48142, 290144, 673885, 102976, 150493, 290141;2060205, 290140, 209422, 290137, 6819, 290143, 290139	FALSE
ASV_18441	1905723, 1905723;2315413, 2968077	FALSE
ASV_18596	39450, 260685, 1905723, 1905723;2315413, 2364126, 2303287, 1655534, 2968077, 2820087, 1290334, 257771, 1614641, 257771;260685, 237470	FALSE
ASV_18631	1010556, 1010533, 1010473;1010490;1010542	FALSE
ASV_18757	39450, 260685, 1905723, 1905723;2315413, 2364126, 2303287, 1655534, 2968077, 2820087, 1290334, 1918384, 257771, 1614641, 257771;260685, 237470	FALSE
ASV_18795	1486434, 1486432;1486433, 1486436, 47934, 2575364	FALSE
ASV_18805	478120;478126	TRUE
ASV_18853	1402127, 1402125, 1402134, 1402123, 585689, 1402128, 402429, 320992, 1432306, 1432276, 1432301, 1432298, 1432297;1432300, 1432296, 1432292, 1432275, 1432286, 1432285, 1432284, 1432280, 1291055, 1291060, 1291059, 408830, 1388856, 1388854, 402427, 1388861, 1388899, 1388900, 1388860, 1388826, 1388823, 1388820, 1388815, 1388808, 1388807, 1388852, 1388851, 1388849, 1388848, 1388845, 1291058, 1388838, 1388835, 1388832, 188921	FALSE
ASV_19176	2919510;2919511, 2919509	FALSE
ASV_19278	1695222, 71861, 1652117, 1655529, 143670, 1691973, 1239451, 631048, 160611, 858356, 284798;284799;284802	FALSE
ASV_1933	576748, 264121, 256004;264121, 662079, 662078, 2934432	FALSE
ASV_19418	1884465, 477178, 328621, 60131, 13789, 174041, 483524, 174039;174040;483525;483528, 483529, 483526, 483527	FALSE
ASV_19513	1169001, 1050072, 1169006, 1050084, 1169003;1967941, 1169003, 1169000	FALSE
ASV_19579	1606541, 1411661, 722754;1714387	FALSE
ASV_19721	1631190, 1239450, 33658;2611280	FALSE
ASV_1999	2737750, 2737749, 2592178, 2592175;2592176, 2592173, 1764895, 1764892, 464227	FALSE
ASV_2	1905723, 1905723;2315413, 89963, 2968077, 1918384, 262427, 107757	FALSE
ASV_20068	1162085, 1162089;1193138, 1162089	FALSE
ASV_20229	1695222, 71861, 1652117, 1655529, 143670, 1918384, 1691973, 1239451, 631048, 160611, 858356, 284798;284799;284802, 284797	FALSE
ASV_2028	1162089;1193138, 1162089	FALSE
ASV_20396	2926, 2932, 2925, 1126604, 1126602, 1126601, 1041877, 1041877;1126601;1126602;1126603;1126604, 1126608, 1126610, 1126608;1126610, 1126605;1126607;1126608;1126609;1126610	FALSE
ASV_20408	2448082, 310910, 1778415, 1820278, 1709941, 1715235, 1355910, 1164825, 64524, 979699, 101098, 101097, 64567, 604196;979765, 101098;979716, 604197, 979717;1112701, 979707, 64522;64524;310910;979759;979760;1897643, 979701;979711, 979699;979702, 979689, 979620, 979716, 979759, 979711, 979701, 517304, 214546	FALSE
ASV_20429	1169001, 1050084, 1169003;1967941, 1169003, 1169000	FALSE
ASV_20486	2294129, 2302271, 2302269, 2302267, 2302266, 303400, 1766654;1884248, 1606595, 1764602, 1764649, 1884248, 2906512, 270628, 1181720	FALSE
ASV_2051	246752, 1582126, 1582128, 1582124;1582125;1582130, 244502, 98291, 1421103, 1582110;1582145, 462886, 462885, 98291;1582111	FALSE
ASV_20541	447208, 447208;497816	FALSE
ASV_20603	143670, 2661866, 2528240, 89963, 1806893, 1695222, 71861, 1652117, 1764948, 1764946, 1764947, 1764957, 60595, 1655529, 1641596, 2963725, 2591690, 1918384, 1691973, 1239451, 631048, 160611, 858356, 427755, 284798;284799;284802, 244960, 244961	FALSE
ASV_20650	1905723, 1905723;2315413, 89963, 2968077, 1918384, 262427, 107757	FALSE
ASV_20663	2926, 2932, 2925, 1126604, 1126602, 1126601, 1041877, 1041877;1126601;1126602;1126603;1126604, 1126608, 1126610, 1126608;1126610, 1126605;1126607;1126608;1126609;1126610	FALSE
ASV_20695	2066654;2066655, 2066647	FALSE
ASV_20708	1010554, 1010507, 1010474;1010503;1010513;1010526	FALSE
ASV_20744	1169001, 1050084, 1169003;1967941, 1169003, 1169000	FALSE
ASV_20765	163663;238910	TRUE
ASV_20766	89963, 2984355, 2984355;2984366, 1886619, 1918384, 142110, 1239448, 319230, 160603	FALSE
ASV_20839	1010554, 1010507, 1010474;1010503;1010513;1010526	FALSE
ASV_20875	1169001, 1050084, 1169003;1967941, 1169003, 1169000	FALSE
ASV_20879	180941, 1295634, 416578, 1050084, 1050079, 1050077, 1967940, 1168997;1967940, 1168999, 1168997, 1892383, 641209, 641207	FALSE
ASV_210	2053927, 2053926, 1675616, 1675619, 2934438, 2871756, 2841288, 2871758, 2871757, 2841290, 2811312, 2841288;2870510, 1675621, 1675622, 1131995, 1131993, 1137987, 378370, 378366, 378374, 1210002, 1209999, 382717, 1209997, 1209996, 378375, 2589650, 715985, 717731, 378372, 115846, 378357, 2934619, 2934453	FALSE
ASV_21043	1169001, 1050084, 1169003;1967941, 1169003, 1169000	FALSE
ASV_21072	1446920, 670440;1446917;2606889, 1446909	FALSE
ASV_21085	1905723, 1905723;2315413, 89963, 2968077, 1918384, 262427, 107757	FALSE
ASV_21103	1905723, 1905723;2315413, 89963, 2968077, 1918384, 2945, 262427, 107757	FALSE
ASV_2117	1695222, 71861, 1652117, 1655529, 143670, 1691973, 1239451, 439559, 631048, 160611, 858356, 284798;284799;284802	FALSE
ASV_21192	35677, 35677;44463	FALSE
ASV_21254	1905723, 1905723;2315413, 89963, 2968077, 1918384, 262427, 107757	FALSE
ASV_21367	1905833, 236787, 1606603, 1606602, 236787;1411684, 2811676	FALSE
ASV_2139	260685, 2364126, 2303287, 89963, 1290334, 257771, 257771;260685, 237448	FALSE
ASV_21459	58804, 1742617, 1742618, 58804;160221;478396;1742615;1742617;1742618, 478396	FALSE
ASV_21469	1905723, 1905723;2315413, 89963, 2968077, 142110, 1918384, 2699462, 262427, 1003175, 107757	FALSE
ASV_21686	2302266, 1766654;1884248, 1181720	FALSE
ASV_21813	2934572;2934573	TRUE
ASV_21992	194676, 698401, 467951, 154757, 194676;2492675, 48140	FALSE
ASV_22132	2609216;2609430;2609431, 2609224;2609429, 2609215;2609226;2609228;2609427;2609428, 2609215, 2609426, 2609228	FALSE
ASV_2218	39450, 260685, 1905723, 1905723;2315413, 2364126, 2303287, 1655534, 2968077, 2820087, 1290334, 1918384, 257771, 1614641, 257771;260685, 237470	FALSE
ASV_22350	39450, 260685, 1905723, 1905723;2315413, 2364126, 2303287, 1655534, 2968077, 2820087, 1290334, 257771, 1614641, 257771;260685, 237470	FALSE
ASV_2243	1864535, 500023, 316177, 499908, 499907, 2837385, 316211, 338256, 168785, 316213, 316177;316209;316211, 316184;316205, 645392	FALSE
ASV_22430	39450, 260685, 1905723, 1905723;2315413, 2364126, 2303287, 1655534, 2968077, 2820087, 1290334, 1918384, 257771, 1614641, 257771;260685, 237470	FALSE
ASV_22578	143670, 106543, 1691974, 1695222, 71861, 1652117, 1655535, 1655529, 1918384, 1691973, 1239451, 631048, 160611, 858356, 284798;284799;284802, 284797	FALSE
ASV_22582	2053927, 2053926, 1675616, 1675619, 2934438, 2871756, 2841288, 2871758, 2871757, 2841290, 2811312, 2841288;2870510, 1675621, 1675622, 1131995, 1131993, 1137987, 378370, 378366, 378374, 1210002, 1209999, 382717, 1209997, 1209996, 378375, 2589650, 715985, 717731, 378372, 115846, 378357	FALSE
ASV_2274	2598532, 3016982, 3020457, 1683870, 2927305, 2927306, 1519773, 2836782, 2836781, 2836778, 2836777, 2836776, 2836774;2836775, 2836773, 2836769, 2836768, 2836762, 2836761, 2836760, 2836758, 2836757, 1196008, 2836748, 1196007, 2778049, 2183544, 2836747, 324891, 1809752, 1809752;2836770, 307678	FALSE
ASV_2297	2053927, 2053926, 1675616, 1675619, 2934438, 2871756, 2841288, 2871758, 2871757, 2841290, 2811312, 2841288;2870510, 1675621, 1675622, 1131995, 1131993, 1137987, 378370, 378366, 378374, 1210002, 1209999, 382717, 1209997, 1209996, 378375, 2589650, 715985, 717731, 378372, 115846, 378357	FALSE
ASV_23044	1545969, 2849467;2849468;2849469;2849470, 2849466, 1336876, 1336809, 1190602	FALSE
ASV_23326	2528238, 2528237, 2528234;2528236, 2528233, 2528232;2528235, 2528231, 2528230, 2302167, 2302166, 2302164, 2302163, 2302162, 2302158, 2302157, 2302154, 44445, 44447	FALSE
ASV_23397	1010556, 1010533, 1010473;1010490;1010542	FALSE
ASV_2340	1905723, 1905723;2315413, 89963, 2968077, 1918384, 262427, 107757	FALSE
ASV_23536	39450, 1519425, 632150, 1428570, 1034652, 89963, 1806893, 1695222, 71861, 1652117, 1886619, 3029278, 447210, 1655529, 2820087, 143670, 1519423, 2591690, 1918384, 1691973, 2746694, 1129410, 1239451, 1239446, 1196158, 1196157, 631048, 160611, 262427, 858356, 501609, 501608, 107757, 289378, 237470, 284798;284799;284802, 310565	FALSE
ASV_23746	1905723, 1905723;2315413, 89963, 3019568, 2968077, 2902008, 1519424, 1918384, 262427, 107757	FALSE
ASV_23838	48142, 290144, 673885, 102976, 150493, 290141;2060205, 290140, 209422, 290137, 6819, 290143, 290139	FALSE
ASV_23843	48142, 290144, 673885, 102976, 150493, 290141;2060205, 290140, 209422, 290137, 6819, 290143, 290139	FALSE
ASV_23862	48142, 290144, 673885, 102976, 150493, 290141;2060205, 290140, 209422, 290137, 6819, 290143, 290139	FALSE
ASV_239	44446, 3030646, 1804765;3030646, 1073398, 237457, 476440, 658118, 1155431, 1764935, 1606687, 655801, 2302160, 2302159	FALSE
ASV_23932	1905833, 236787, 1606603, 1606602, 236787;1411684, 2811676	FALSE
ASV_23980	1010554, 1010507, 1010474;1010503;1010513;1010526	FALSE
ASV_24060	400838, 400838;2053101, 1604653, 400838;1604653;2053101	FALSE
ASV_24065	143670, 2661866, 2528240, 89963, 1806893, 1695222, 71861, 1652117, 1764948, 1764946, 1764947, 1764957, 60595, 1655529, 1641596, 2591690, 1691973, 1239451, 631048, 160611, 858356, 427755, 284798;284799;284802, 244961, 2963725, 1918384, 244960	FALSE
ASV_24080	1524186, 1304840, 549348, 549345;1516112, 549349, 549347, 549346	FALSE
ASV_2411	2859470, 2859464, 2859601, 2859615, 2758163, 507532, 2609230;2609422;2609423;2609424;2609425, 2609221;2609223;2609226;2609227;2609420;2609421, 2609225	FALSE
ASV_24114	1010554, 1010507, 1010474;1010503;1010513;1010526	FALSE
ASV_24118	2302894, 2302891, 2302889, 2302888, 2302887, 1907930;2302880, 1764223, 464277, 464279, 464278, 2302898, 2302895;2302896, 2302882, 2302881, 2661830, 2302890, 2302897, 2661826, 2302893, 2661831, 2302879, 2661827	FALSE
ASV_24284	1905723, 1905723;2315413, 89963, 447210, 2968077, 1918384, 262427, 107757, 407301	FALSE
ASV_24310	2302267, 2302266, 1766654;1884248, 1181720	FALSE
ASV_244	1695222, 71861, 1652117, 1655529, 143670, 1918384, 1691973, 1239451, 631048, 160611, 858356, 284798;284799;284802, 284797	FALSE
ASV_24489	1606541, 1411661, 722754;1714387	FALSE
ASV_24512	1905833, 236787, 1606603, 1606602, 236787;1411684, 2811676	FALSE
ASV_24612	1055100, 463596, 193513;206143;316145	FALSE
ASV_2471	1905723, 1905723;2315413, 3019568, 2968077, 2902008	FALSE
ASV_24803	1764662, 1764660, 1400982, 303405, 576716, 582758, 284684, 284676;284681	FALSE
ASV_24804	1937694;2962706, 1937694, 2962706	FALSE
ASV_24845	1010556, 1010533, 1010473;1010490;1010542	FALSE
ASV_24892	447208, 447208;497816	FALSE
ASV_24931	1905723, 1905723;2315413, 89963, 2968077, 192219, 1918384, 262427, 107757	FALSE
ASV_24976	260685, 2364126, 2303287, 1290334, 257771, 257771;260685	FALSE
ASV_25222	1905833, 236787, 1606603, 1606602, 236787;1411684, 2811676	FALSE
ASV_25463	1905723, 1905723;2315413, 633638, 1034652, 89963, 2968077, 1918384, 262427, 107757	FALSE
ASV_25465	1905723, 1905723;2315413, 89963, 2968077, 1918384, 262427, 107757, 407301	FALSE
ASV_2559	39450, 260685, 1905723, 1905723;2315413, 2364126, 2303287, 1655534, 2968077, 2820087, 1290334, 257771, 1614641, 257771;260685, 237470	FALSE
ASV_25592	1606541, 1411661, 722754;1714387	FALSE
ASV_2563	2812485, 412153;424481	FALSE
ASV_25675	1486434, 1486432;1486433, 47934, 2575364	FALSE
ASV_25694	2528238, 2528237, 2528234;2528236, 2528233, 2528232;2528235, 2528231, 2528230, 2302167, 2302166, 2302164, 2302163, 2302162, 2302158, 2302157, 2302154, 44445, 44447, 2302160, 2302159	FALSE
ASV_25824	39450, 89963, 1806893, 1695222, 71861, 1652117, 1886619, 447210, 1655529, 2820087, 143670, 2591690, 1918384, 1691973, 1239451, 631048, 160611, 262427, 858356, 107757, 237470, 284798;284799;284802	FALSE
ASV_25882	1010554, 1010507, 1010474;1010503;1010513;1010526	FALSE
ASV_25907	2919510;2919511, 2919509	FALSE
ASV_26012	39450, 260685, 1905723, 1905723;2315413, 2364126, 2303287, 1655534, 2968077, 2820087, 1290334, 257771, 1614641, 257771;260685, 237470	FALSE
ASV_26045	1606541, 1411661, 722754;1714387	FALSE
ASV_26209	52970, 1326778, 254933, 1326780, 356655, 77929, 3043436, 2867507, 2867503, 1326774, 1326773, 1326769, 1326768, 1326767, 1326765, 1326762, 1326761, 195069, 1326782, 1326783, 1010715, 437768, 141884;254933;356655, 356656, 46950	FALSE
ASV_26225	1010556, 1010533, 1010473;1010490;1010542	FALSE
ASV_263	1695222, 71861, 1652117, 1655529, 143670, 1691973, 1239451, 631048, 160611, 858356, 284798;284799;284802	FALSE
ASV_26519	1446920, 670440;1446917;2606889, 1446909	FALSE
ASV_26544	2066654;2066655, 2066647	FALSE
ASV_26546	1905723, 1905723;2315413, 89963, 2968077, 1918384, 262427, 107757	FALSE
ASV_26570	1010554, 1010507, 1010474;1010503;1010513;1010526	FALSE
ASV_26659	1010554, 1010507, 1010474;1010503;1010513;1010526	FALSE
ASV_26675	1169001, 1050072, 1169006, 1050084, 1169003;1967941, 1169003, 1169000	FALSE
ASV_26711	1145092, 408858;1145092	FALSE
ASV_26876	89963, 1806893, 1695222, 71861, 1652117, 1886619, 1655529, 143670, 2591690, 1691973, 1239451, 631048, 160611, 858356, 284798;284799;284802	FALSE
ASV_2691	1905723, 1905723;2315413, 89963, 2968077, 1918384, 262427, 107757	FALSE
ASV_27142	1169001, 1050084, 1169003;1967941, 1169003, 1169000	FALSE
ASV_27149	39450, 260685, 1905723, 1905723;2315413, 2364126, 2303287, 1655534, 2968077, 2820087, 1290334, 257771, 1614641, 257771;260685, 237470	FALSE
ASV_27269	2066664;2066665, 2066660, 2066653, 868044	FALSE
ASV_27319	89963, 1806893, 1695222, 71861, 1652117, 1886619, 447210, 1655529, 143670, 2591690, 1918384, 1691973, 1239451, 631048, 160611, 858356, 284798;284799;284802	FALSE
ASV_2740	48142, 290144, 673885, 102976, 150493, 290141;2060205, 290140, 209422, 290137, 6819, 290143, 290139	FALSE
ASV_27491	1537700;1537744, 1537699	FALSE
ASV_27536	1010554, 1010507, 1010474;1010503;1010513;1010526	FALSE
ASV_27706	1606541, 1411661, 722754;1714387	FALSE
ASV_27773	758755;980194, 758755, 983661	FALSE
ASV_27789	1403701, 2744121, 2744119, 2744116, 2744112;2744113;2744114, 2744111, 1303913	FALSE
ASV_27857	1905833, 236787, 1606603, 1606602, 236787;1411684, 2811676	FALSE
ASV_28082	2606882;2606883	TRUE
ASV_28083	1905723, 1905723;2315413, 89963, 2968077, 1918384, 262427, 107757	FALSE
ASV_28142	33658;2611280	TRUE
ASV_28201	2606882;2606883, 1446920, 670440;1446917;2606889, 1446909	FALSE
ASV_28340	2592178, 2592175;2592176, 2592173, 1764895, 2737750, 1764892, 2737749, 265543;420264	FALSE
ASV_28456	2919510;2919511, 2919509	FALSE
ASV_2861	109897, 1983341, 109897;1983341, 693117, 252700	FALSE
ASV_2867	136462;200886	TRUE
ASV_28692	39450, 1905723, 1905723;2315413, 2968077, 2820087, 237470	FALSE
ASV_28726	1979133, 2058389, 2053927, 2053926, 2072350, 933798, 1622187, 1675616, 1675619, 1236749, 2934619, 2934453, 2934438, 1522371, 2814109, 2871756, 2841288, 2871758, 2871757, 2841290, 2841878, 2811312, 2811311, 2870511, 2841288;2870510, 2866818, 1675621, 1675622, 1131995, 1131993, 1137987, 378370, 378366, 378374, 1210002, 1209999, 382717, 1209997, 1209996, 378375, 2589650, 715985, 717731, 115846, 378381, 378372, 378357, 378364	FALSE
ASV_28750	1905723, 1905723;2315413, 89963, 2968077, 1918384, 262427, 107757	FALSE
ASV_28867	1486434, 1486432;1486433, 47934, 2575364	FALSE
ASV_28874	156133, 284976;284978;284979;284980;284981;284982	FALSE
ASV_28965	2849467;2849468;2849469;2849470, 2849466, 1336876, 1336809, 1336921, 1342586, 1190602	FALSE
ASV_29005	1606541, 1411661, 722754;1714387	FALSE
ASV_29093	181122;2315894	TRUE
ASV_29147	2598532, 3016982, 3020457, 1683870, 2927305, 2927306, 1519773, 2836782, 2836781, 2836778, 2836777, 2836776, 2836774;2836775, 2836773, 2836769, 2836768, 2836762, 2836761, 2836760, 2836758, 2836757, 1196008, 2836748, 1196007, 2778049, 2183544, 2836747, 324891, 1809752, 1809752;2836770, 307678	FALSE
ASV_2917	1311521, 516040;1131439	FALSE
ASV_2924	48142, 290144, 673885, 102976, 150493, 290141;2060205, 290140, 209422, 290137, 6819, 290143, 290139	FALSE
ASV_29248	181122;2315894	TRUE
ASV_29371	1606541, 172717, 1411662, 1411661, 91992, 722754;1714387	FALSE
ASV_29380	1446920, 670440;1446917;2606889, 1446909	FALSE
ASV_29416	1010554, 1010507, 1010474;1010503;1010513;1010526, 1010487;1010569, 1010567;1010568, 1010543	FALSE
ASV_29441	2812598, 1764240, 464278, 156122;284971, 2302894, 2302891, 2302889, 2302888, 2302887, 1907930;2302880, 1764223, 464277, 464279, 2302898, 2302895;2302896, 2302882, 2302881, 2661830, 2302890, 2302897, 2661826, 2302893, 2661831, 2302879, 2661827	FALSE
ASV_29594	1010556, 1010533, 1010473;1010490;1010542	FALSE
ASV_29599	1010556, 1010533, 1010473;1010490;1010542	FALSE
ASV_29670	1486434, 1486432;1486433, 1486436, 47934, 2575364	FALSE
ASV_29691	1776863;1776864, 1776860	FALSE
ASV_29723	2053487;2053532	TRUE
ASV_29743	39450, 260685, 1905723, 1905723;2315413, 2364126, 2303287, 1655534, 2968077, 2820087, 1290334, 257771, 1614641, 257771;260685, 237470	FALSE
ASV_29769	1764241, 1764237;1764239, 2812598	FALSE
ASV_29781	1169001, 1050084, 1169003;1967941, 1169003, 1169000	FALSE
ASV_29827	1169001, 1050072, 1169006, 1050084, 1169003;1967941, 1169003, 1169000	FALSE
ASV_2986	1905723, 1905723;2315413, 2968077	FALSE
ASV_29934	2301945, 2301967, 2301975, 2301983, 2301981, 2301969, 2301976, 2301970, 2301965, 2301979, 2301968, 1762025, 2301947;2301973, 2301962, 2301946, 2301980, 2301949, 2301954, 2301978, 2301961, 2301943, 2301950, 2301985	FALSE
ASV_29995	2843, 267567, 1764970, 1537841, 267567;1514174, 1503408, 1198651, 1198650, 1030545, 1030544, 1030542, 1030541, 1030540, 866888, 866887, 866886, 866884, 866883, 866882, 866881, 866880, 866879, 866878, 866877, 866876, 866874;866875, 866873, 866872, 866871, 619278, 619277, 619276, 619275, 2843;267567;439494, 216762;267567;1030547;1030548;1030549, 41457	FALSE
ASV_30095	2919510;2919511, 2919509	FALSE
ASV_30110	2448673;2448674;2448675	TRUE
ASV_30249	478120;478126	TRUE
ASV_30341	48142, 290144, 673885, 102976, 150493, 290141;2060205, 290140, 209422, 290137, 6819, 290143, 290139	FALSE
ASV_30376	2302043, 2302042, 2302041, 2302040, 2302039, 2302038, 2302037, 2302036, 2302035, 2302034, 2302030, 2302027, 2302026, 2302025, 2302024, 2302023, 2302022, 2302021, 2302020, 2302019, 2302017, 2302015, 2302014, 2302013, 2302010, 2302009, 2302008, 2302005, 2302004, 2302003, 2302001, 2302000, 2301998, 2301997, 2301996, 2301995, 1048532, 240364, 240364;1497510	FALSE
ASV_3044	2801507, 1171686, 1171678;1171685, 1171684, 1171683, 1171682, 1171681, 1171680, 1171679, 1171677, 1171669;1171676, 1171675, 1171672;1171673, 1171671, 1171670, 1171674, 252315, 1764214, 1606470	FALSE
ASV_30441	156133, 284976;284978;284979;284980;284981;284982	FALSE
ASV_30506	1335122, 555720, 265616, 216777, 216777;1244697, 1244698	FALSE
ASV_30764	2843, 267567, 1764970, 1537841, 267567;1514174, 1503408, 1198651, 1198650, 1030545, 1030544, 1030542, 1030541, 1030540, 866888, 866887, 866886, 866884, 866883, 866882, 866881, 866880, 866879, 866878, 866877, 866876, 866874;866875, 866873, 866872, 866871, 619278, 619277, 619276, 619275, 2843;267567;439494, 216762;267567;1030547;1030548;1030549, 41457	FALSE
ASV_30898	360683, 2013859, 525907, 525906, 2739608, 2739584, 2739561, 2739568;2739576, 2576784, 1492280, 360693, 360661	FALSE
ASV_30960	52066, 37862;52066	FALSE
ASV_31159	1311521, 516040;1131439	FALSE
ASV_31230	1606541, 1411661, 722754;1714387	FALSE
ASV_31286	156133, 284976;284978;284979;284980;284981;284982	FALSE
ASV_3129	1311521, 516040;1131439	FALSE
ASV_31461	447208, 447208;497816	FALSE
ASV_31604	48142, 290144, 673885, 102976, 150493, 290141;2060205, 290140, 209422, 290137, 6819, 290143, 290139	FALSE
ASV_3183	1010556, 1010533, 1010473;1010490;1010542	FALSE
ASV_31848	1606541, 1411661, 722754;1714387	FALSE
ASV_31922	3117, 932731, 63409, 585852, 3117;63409, 2891240, 546229, 83794, 244875, 135247, 2835745	FALSE
ASV_31951	1676641, 1592525, 1592521, 104417, 104409;104417;104670, 5210, 798208, 2046349	FALSE
ASV_3199	156133, 284976;284978;284979;284980;284981;284982	FALSE
ASV_32071	1631190, 33658, 1239450, 33658;2611280	FALSE
ASV_32185	1010556, 1010533, 1010473;1010490;1010542	FALSE
ASV_32216	2547416, 77547, 3081736, 2861178, 3019040, 1475466, 1475461, 1379409, 2857750, 2780441, 2777532;2777534, 1147235, 2034154, 3073, 1147237, 1136290	FALSE
ASV_32247	2302043, 2302042, 2302041, 2302040, 2302039, 2302038, 2302037, 2302036, 2302035, 2302034, 2302030, 2302027, 2302026, 2302025, 2302024, 2302023, 2302022, 2302021, 2302020, 2302019, 2302017, 2302015, 2302014, 2302013, 2302010, 2302009, 2302008, 2302005, 2302004, 2302003, 2302001, 2302000, 2301998, 2301997, 2301996, 2301995, 1048532, 240364, 240364;1497510	FALSE
ASV_32453	1169001, 1050072, 1169006, 1050084, 1169003;1967941, 1169003, 1169000	FALSE
ASV_32497	75884, 302453, 83851, 394684, 289074, 75884;83851, 6052	FALSE
ASV_328	163663;238910	TRUE
ASV_32895	1905833, 236787, 1606603, 1606602, 236787;1411684, 2811676	FALSE
ASV_32972	639591, 639605, 86556, 71471, 2934522, 2934521, 86556;639591;1460409, 1460409;1460412, 86556;639591	FALSE
ASV_32974	291032, 1891026, 83372;291032, 385413, 376140	FALSE
ASV_33	2038134, 2038133, 2038136, 140457, 2040502, 1532215, 34499, 86010, 2934625;2934626;2934627	FALSE
ASV_3323	1606541, 1411661, 722754;1714387	FALSE
ASV_3325	1905723, 1905723;2315413, 447210, 2968077, 1918384, 2699462, 35672, 160603	FALSE
ASV_33307	2302043, 2302042, 2302041, 2302040, 2302039, 2302038, 2302037, 2302036, 2302035, 2302034, 2302030, 2302027, 2302026, 2302025, 2302024, 2302023, 2302022, 2302021, 2302020, 2302019, 2302017, 2302015, 2302014, 2302013, 2302010, 2302009, 2302008, 2302005, 2302004, 2302003, 2302001, 2302000, 2301998, 2301997, 2301996, 2301995, 1048532, 240364, 240364;1497510	FALSE
ASV_33314	39450, 1905723, 1905723;2315413, 407301, 89963, 2968077, 2820087, 298604, 1918384, 387435, 237470, 200894, 60595	FALSE
ASV_33487	2984361, 2984353, 2984350, 2984355;2984366, 2984346, 2984362, 2984345, 60595	FALSE
ASV_33521	2919510;2919511, 2919509	FALSE
ASV_33564	2302267, 1766654;1884248, 1181720	FALSE
ASV_33622	260685, 2364126, 2303287, 1290334, 257771, 257771;260685	FALSE
ASV_33765	181122;2315894	TRUE
ASV_33813	1905833, 236787, 1606603, 1606602, 236787;1411684, 2811676	FALSE
ASV_3384	39450, 260685, 1905723, 1905723;2315413, 2364126, 2303287, 1655534, 2968077, 2820087, 1290334, 257771, 1614641, 257771;260685, 237470	FALSE
ASV_3386	39450, 260685, 1905723, 1905723;2315413, 2364126, 2303287, 1655534, 2968077, 2820087, 1290334, 257771, 1614641, 257771;260685, 237470	FALSE
ASV_33926	2903, 38817, 1856765, 1856766, 2483873, 280463, 2903;38817;1663125, 38817;284784;284790, 2903;38817, 44459	FALSE
ASV_33935	181122;2315894	TRUE
ASV_34275	260685, 2364126, 2303287, 1641413, 1641414, 3019568, 1290334, 1918384, 2812033, 257771, 1124241, 257771;260685	FALSE
ASV_3443	1311521, 516040;1131439	FALSE
ASV_34597	1162089;1193138, 1162089	FALSE
ASV_34696	1010556, 1010533, 1010473;1010490;1010542	FALSE
ASV_3471	1191119;1285930	TRUE
ASV_34805	181122;2315894	TRUE
ASV_34832	1486434, 1486432;1486433, 47934, 2575364	FALSE
ASV_34874	48142, 290144, 673885, 102976, 150493, 290141;2060205, 290140, 209422, 290137, 6819, 290143, 290139	FALSE
ASV_34910	1905723, 1905723;2315413, 407301, 89963, 2968077, 298604, 1918384, 387435, 237448, 200894, 60595	FALSE
ASV_34994	1010554, 1010507, 1010474;1010503;1010513;1010526	FALSE
ASV_3515	1695222, 71861, 1652117, 1655529, 143670, 1918384, 1691973, 1239451, 631048, 160611, 858356, 284798;284799;284802	FALSE
ASV_35290	1169001, 1050072, 1169006, 1050084, 1169003;1967941, 1169003, 1169000	FALSE
ASV_3533	1311521, 516040;1131439	FALSE
ASV_35330	1169001, 1050084, 1169003;1967941, 1169003, 1169000	FALSE
ASV_35548	1606541, 1411661, 722754;1714387	FALSE
ASV_35647	1010554, 1010507, 1010474;1010503;1010513;1010526	FALSE
ASV_35682	260685, 2364126, 2303287, 3019568, 1290334, 257771, 257771;260685	FALSE
ASV_35757	1169001, 1050084, 1169003;1967941, 1169003, 1169000	FALSE
ASV_35848	2570296, 1169001, 1343137, 1050084, 1169003;1967941, 1169003, 1169000, 626737	FALSE
ASV_35971	1905833, 236787, 1606603, 1606602, 236787;1411684, 2811676	FALSE
ASV_3599	1804765, 364747, 697910, 1035526, 265592, 365524, 2528237, 2528230, 2528234;2528236, 2528233, 2528232;2528235, 2528231, 2528238, 2302167, 2302166, 2302164, 2302158, 2302163, 2302162, 2302154, 2302157, 2302160, 2302159	FALSE
ASV_36020	1905723, 1905723;2315413, 3019568, 2968077, 2902008, 35672	FALSE
ASV_36045	2571044, 2571043, 2268861, 1574031, 1038875;1038877, 1038895, 1038874, 1107883, 863949, 702935, 702936, 702919, 702904, 702900, 702897, 702880, 702877, 702850, 702861, 397044;702859;702894;702901;702905, 397050, 397051, 397033, 383927;1038873;1038876;2267473;2268859;2268860, 408759, 297726, 337026	FALSE
ASV_36091	1606541, 1411661, 722754;1714387	FALSE
ASV_36171	2302894, 2302891, 2302889, 2302888, 2302887, 1907930;2302880, 1764223, 464277, 464279, 464278	FALSE
ASV_36260	1606541, 1411661, 722754;1714387	FALSE
ASV_36277	1729940, 326035, 84963, 1316033, 2518964, 1910764, 1910765, 1910766, 1910767, 1316033;1910766, 1910764;2518964, 1398243, 1302383, 1302424, 1302419, 1302184, 1302415	FALSE
ASV_36559	265524;281058, 265524	FALSE
ASV_3659	1905723, 1905723;2315413, 2968077	FALSE
ASV_36591	2066664;2066665, 2066660, 2066609, 2066653, 2066686, 2066676;2066678, 862916, 2138295, 195226, 868044	FALSE
ASV_36635	1606541, 1411661, 722754;1714387	FALSE
ASV_3674	316200;2015892	TRUE
ASV_3703	156133, 284976;284978;284979;284980;284981;284982	FALSE
ASV_37040	426657, 1560730, 2057900, 1530226, 3049691, 2963884;3049691	FALSE
ASV_37346	143672, 262969;262970	FALSE
ASV_37456	1010554, 1010507, 1010474;1010503;1010513;1010526, 1010487;1010569, 1010567;1010568, 1010543	FALSE
ASV_37473	1606541, 1411661, 722754;1714387	FALSE
ASV_37653	1156992, 437713;437714;1156992	FALSE
ASV_37733	1606541, 1411661, 722754;1714387	FALSE
ASV_37836	245788, 1937407, 27996;1937407, 258482, 1770612, 1770600, 1770599, 1770609, 1770603, 1770604, 1770602, 2807735, 2807736, 2807737, 545382, 428575, 428574, 428573, 204872	FALSE
ASV_37949	1905723, 1905723;2315413, 89963, 2968077, 1918384, 262427, 107757	FALSE
ASV_37974	156133, 284976;284978;284979;284980;284981;284982	FALSE
ASV_38024	156133, 284976;284978;284979;284980;284981;284982	FALSE
ASV_38037	1937407, 27996;1937407, 258482, 1770600, 2807735	FALSE
ASV_3806	1311521, 516040;1131439	FALSE
ASV_38066	1010556, 1010533, 1010473;1010490;1010542	FALSE
ASV_38165	1311521, 516040;1131439	FALSE
ASV_38170	48142, 290144, 673885, 102976, 150493, 290141;2060205, 290140, 209422, 290137, 6819, 290143, 290139	FALSE
ASV_38199	181122;2315894	TRUE
ASV_3825	1311521, 516040;1131439	FALSE
ASV_38294	33658;2611280	TRUE
ASV_38315	181122;2315894	TRUE
ASV_38343	1905833, 236787, 1606603, 1606602, 236787;1411684, 2811676	FALSE
ASV_38363	1905833, 236787, 1606603, 1606602, 236787;1411684, 2811676	FALSE
ASV_38396	1607965, 1607973, 1607966;1607967;1607968;1607971;1607974	FALSE
ASV_3866	1162085, 1162089;1193138, 1162089	FALSE
ASV_38673	868033, 868033;2746560, 153627, 2746562, 2746561, 2716590, 41793, 46605	FALSE
ASV_38809	9685, 9739, 76717, 9515, 9657, 9555, 9838, 61853, 9728;9731;9733;9767;27606;27610;27615;48708;90247;575201;2746895, 9643;9644, 9995;93162, 30522, 9915;30522;30532, 9544, 9483, 9593, 39410, 9565, 72004, 10141, 9606, 9940, 9544;9565;9986, 9597;9598;9606;9986, 9906, 27606, 9731, 9365, 2746895, 98922, 29065, 61862, 39082, 9666, 27615, 9978, 77932, 575201, 9644, 9915, 59451, 62283, 9737, 9767, 346063, 9595, 68408, 34880, 9590, 9597, 9988, 42254, 29078, 9598, 9691, 9470, 257877, 99487, 9733, 109475, 286419, 9986, 83538, 540482, 61388, 30640, 89248, 9662, 9447, 46844, 9541, 9913, 9669, 9793, 452646, 9860, 37029, 1574408, 546, 72407, 9689, 494514, 5763, 130825, 9978;130825, 29073, 415978, 9612, 39432, 9615, 27675, 9657;9662;9666;9678;9689;9694;9720;29088;32536;34884;34886;36723;61383;61384;61388;61452;452646, 9823, 27622, 9711, 9615;286419, 59474, 89462, 9874, 9796, 9606;9986, 9615;9796	FALSE
ASV_38835	88167, 1560717, 3079, 98051, 2170319, 1884648, 2949694, 1955567, 303405, 2885476, 1445891, 1298684, 859638;859639, 541001, 519425, 420558, 420552, 420566, 291306	FALSE
ASV_38920	1010556, 1010533, 1010473;1010490;1010542	FALSE
ASV_38938	1606541, 172717, 1411662, 1411661, 91992, 722754;1714387	FALSE
ASV_38939	1010556, 1010533, 1010473;1010490;1010542	FALSE
ASV_38961	8019, 8032, 8023, 8017;8018;8023, 8020, 201498, 62067, 446415, 8038, 74940, 8018, 2970949, 700680, 882823, 68504, 473336, 81870, 81868, 81869, 8017, 8030, 59861, 8022, 241492, 36180	FALSE
ASV_390	2903, 38817, 1856765, 2483873, 280463, 2903;38817;1663125, 38817;284784;284790, 2903;38817, 2611280	FALSE
ASV_39002	1695222, 71861, 1652117, 1655529, 143670, 1918384, 1691973, 1239451, 631048, 160611, 858356, 284798;284799;284802, 284797	FALSE
ASV_39005	1695222, 71861, 1652117, 1655529, 143670, 1691973, 1239451, 631048, 160611, 858356, 284798;284799;284802	FALSE
ASV_39103	181122;2315894	TRUE
ASV_39115	35139, 424530, 424550, 284759;424548, 284805	FALSE
ASV_39244	2302043, 2302042, 2302041, 2302040, 2302039, 2302038, 2302037, 2302036, 2302035, 2302034, 2302030, 2302027, 2302026, 2302025, 2302024, 2302023, 2302022, 2302021, 2302020, 2302019, 2302017, 2302015, 2302014, 2302013, 2302010, 2302009, 2302008, 2302005, 2302004, 2302003, 2302001, 2302000, 2301998, 2301997, 2301996, 2301995, 1048532, 240364, 240364;1497510	FALSE
ASV_39286	2294130, 2305251, 309721, 1604857, 1604856, 1604855, 1604852;1604853, 1629868, 2316510, 420283, 33649, 1415789, 2697542, 1169543, 303400;2014767, 658558, 582752, 186022, 426664, 420258, 284796	FALSE
ASV_3940	2812485, 412153;424481	FALSE
ASV_39417	1169001, 1050084, 1169003;1967941, 1169003, 1169000	FALSE
ASV_3943	1905723, 1905723;2315413, 89963, 2968077, 1918384, 262427, 107757	FALSE
ASV_3947	39450, 260685, 1905723, 1905723;2315413, 2364126, 2303287, 89963, 3019568, 1655534, 2968077, 2820087, 1290334, 257771, 1614641, 257771;260685, 237470	FALSE
ASV_3953	2301945, 2301967, 2301975, 2301983, 2301981, 2301969, 2301976, 2301970, 2301965, 2301979, 2301968, 1762025, 2301947;2301973, 2301962, 2301946, 2301980, 2301949, 2301954, 2301978, 2301961, 2301943, 2301950, 2301985	FALSE
ASV_39535	1606541, 1411661, 722754;1714387	FALSE
ASV_39539	2302269, 2302266, 1766654;1884248, 1764649, 1181720	FALSE
ASV_39600	1905723, 1905723;2315413, 3019568, 2968077, 2902008	FALSE
ASV_397	2039256, 1641631, 2666230, 137994, 1784808, 31252, 1784805, 1888177, 1888178, 983673, 2993662;2993663, 2772589, 82852	FALSE
ASV_39737	1606541, 1411661, 722754;1714387	FALSE
ASV_39745	1169001, 1050084, 1169003;1967941, 1169003, 1169000	FALSE
ASV_3980	1607965, 1607973, 1607966;1607967;1607968;1607971;1607974	FALSE
ASV_39894	1010554, 1010507, 1010474;1010503;1010513;1010526	FALSE
ASV_39999	39450, 1806893, 1695222, 71861, 1652117, 1886619, 447210, 1655529, 2820087, 143670, 2591690, 1918384, 1691973, 1239451, 631048, 160611, 262427, 858356, 107757, 237470, 284798;284799;284802	FALSE
ASV_40009	296656;420561	TRUE
ASV_40115	1678892, 1050096, 1050095, 1050094, 2739031, 2739030;2739031, 566470, 584795, 566471, 566467, 547557	FALSE
ASV_40139	1695222, 71861, 1652117, 1886619, 1655529, 143670, 1691973, 1239451, 2684371, 2684370, 2684369, 631048, 160611, 858356, 160612, 284798;284799;284802, 66473	FALSE
ASV_40210	1766654;1884248, 1181720	FALSE
ASV_40334	659878, 2592187, 2592186, 2303167, 2302198, 2302239, 2302197, 2302227, 2302226, 2302221, 2302196, 2303295, 2041801, 2041800, 2041828, 2041803, 1960175, 1960174, 1960173, 1960172, 1960171, 1960170, 1850959, 1850967, 1850958, 1850957, 1850956, 1813151, 420259, 1762037, 1762038, 49265, 2302224, 1048533, 340022, 49265;420259, 265540;1234815, 160265, 349456	FALSE
ASV_40457	1764965, 1573495, 89957, 160607, 160607;1573495	FALSE
ASV_40470	1764241, 1764237;1764239, 2812598	FALSE
ASV_40641	1606541, 1411661, 722754;1714387	FALSE
ASV_40731	2528238, 2528237, 2528234;2528236, 2528233, 2528232;2528235, 2528231, 2528230, 2302167, 2302166, 2302164, 2302163, 2302162, 2302158, 2302157, 2302154, 183589, 1001702, 44447, 697910, 44445, 178779	FALSE
ASV_40757	1764241, 1764237;1764239, 2812598	FALSE
ASV_40767	181122;2315894	TRUE
ASV_40801	2250243, 3082, 3079, 2815372, 63676, 2704676, 2704674, 1078409, 3077, 433748, 284944, 3082;156112;284943, 3082;284942, 63685, 2071888;2382144	FALSE
ASV_41032	2302266, 1766654;1884248, 1181720	FALSE
ASV_41041	35128, 35128;49265;265564;340023;1268954, 83371	FALSE
ASV_41054	1524186, 1304840, 549348, 549345;1516112, 549349, 549347, 549346	FALSE
ASV_41055	259829;259833	TRUE
ASV_41112	1695222, 71861, 1652117, 1655529, 143670, 1691973, 1239451, 439559, 631048, 160611, 858356, 284798;284799;284802	FALSE
ASV_41119	1606541, 1411661, 722754;1714387	FALSE
ASV_41239	39450, 1905723, 1905723;2315413, 3019568, 2968077, 2820087, 2902008, 237470	FALSE
ASV_41271	1607965, 1607973, 1607966;1607967;1607968;1607971;1607974	FALSE
ASV_41400	6550, 61855, 6549, 2840390;2840391;2840392;2840393;2840394, 2840387;2840389, 2840388, 6551, 51987, 29158	FALSE
ASV_41448	1606541, 1411661, 722754;1714387	FALSE
ASV_4147	1695222, 71861, 1652117, 1655529, 143670, 1918384, 1691973, 1239451, 631048, 160611, 858356, 284798;284799;284802	FALSE
ASV_41507	2302160, 2302159, 183588, 44446, 3030646, 1804765;3030646, 1073398, 237457, 1388883, 655801, 1764935, 1606687, 476440, 658118, 1155431	FALSE
ASV_41586	181122;2315894	TRUE
ASV_41590	181122;2315894	TRUE
ASV_41629	1606541, 1411661, 722754;1714387	FALSE
ASV_41743	2302269, 2302266, 1766654;1884248, 1764649, 1181720	FALSE
ASV_41768	181122;2315894	TRUE
ASV_4182	1258638, 1258628, 1258645, 941124, 105881, 545807, 941140, 941136;941158;941159, 941131	FALSE
ASV_41914	1804765, 2528238, 2528237, 2528234;2528236, 2528233, 2528232;2528235, 2528231, 2528230, 2302167, 2302166, 2302164, 2302163, 2302162, 2302160, 2302159, 2302158, 2302157, 2302154, 364747, 183589, 44445, 697910, 365524, 2938944, 44447, 37319, 1001702, 1035526, 178779, 265592	FALSE
ASV_42043	2737750, 2737749, 2592178, 2592175;2592176, 2592173, 1764895, 1764892, 464227	FALSE
ASV_42077	1606541, 1411661, 722754;1714387	FALSE
ASV_42081	304200, 1764662, 1764660, 1400982, 303405, 1003042, 576716, 582758, 284684, 284676;284681	FALSE
ASV_42112	163516;1514140, 163516	FALSE
ASV_42119	2856, 2302077, 2302083, 2302080, 2302267, 2302266, 2302204, 1813146, 1766654;1884248, 137466, 1242269, 1181720, 1034817	FALSE
ASV_42123	510453;510454	TRUE
ASV_42157	49265;420259	TRUE
ASV_4224	48142, 290144, 673885, 102976, 150493, 290141;2060205, 290140, 209422, 290137, 6819, 290143, 290139	FALSE
ASV_42355	1010556, 1010533, 1010473;1010490;1010542	FALSE
ASV_42375	2528238, 2528237, 2528234;2528236, 2528233, 2528232;2528235, 2528231, 2528230, 2302167, 2302166, 2302164, 2302163, 2302162, 2302158, 2302157, 2302154, 1764662, 1764660, 37318, 44445, 44447	FALSE
ASV_42385	2302077, 2302083, 2302080, 2302267, 2302266, 2302204, 1766654;1884248, 137466, 1242269, 1181720, 1034817	FALSE
ASV_42416	1695222, 71861, 1652117, 1655529, 143670, 1691973, 1239451, 439559, 631048, 160611, 858356, 284798;284799;284802	FALSE
ASV_42423	181122;2315894	TRUE
ASV_42501	2496624, 1514140, 40357, 1335017;1514140, 1335017	FALSE
ASV_42619	1606541, 1411661, 722754;1714387	FALSE
ASV_42717	181122;2315894	TRUE
ASV_42752	181122;2315894	TRUE
ASV_42820	181122;2315894	TRUE
ASV_42852	1905833, 236787, 1606603, 1606602, 236787;1411684, 2811676	FALSE
ASV_43030	37469, 529209, 1763832, 529148, 1446102, 529288, 1763831, 529124, 2841286, 529148;529209, 221998, 529245	FALSE
ASV_43114	2926, 2932, 2925, 1126604, 1126602, 1126601, 1041877, 1041877;1126601;1126602;1126603;1126604, 1126608, 1126610, 1126608;1126610, 1126605;1126607;1126608;1126609;1126610	FALSE
ASV_43216	1905723, 1905723;2315413, 89963, 2968077, 1918384, 262427, 107757	FALSE
ASV_4331	447208, 447208;497816	FALSE
ASV_43434	1162089;1193138, 1162089	FALSE
ASV_43463	1905723, 1905723;2315413, 2968077	FALSE
ASV_43480	39450, 1806893, 1695222, 71861, 1652117, 2984365, 1886619, 447210, 1655529, 2820087, 143670, 2591690, 1918384, 1691973, 1239451, 631048, 160611, 262427, 858356, 107757, 237470, 284798;284799;284802	FALSE
ASV_43600	1010554, 1010507, 1010474;1010503;1010513;1010526	FALSE
ASV_43632	181122;2315894	TRUE
ASV_437	2066664;2066665, 2066660, 2066653, 868044	FALSE
ASV_43766	1606541, 1411661, 722754;1714387	FALSE
ASV_4382	1606541, 1411661, 722754;1714387	FALSE
ASV_44003	2301983, 2301982, 2301981, 2301980, 2301979, 2301978, 2301976, 2301975, 2301974, 2301971, 2301970, 2301969, 2301968, 2301967, 2301966, 2301965, 2301964, 2301963, 2301962, 2301961, 2301960, 2301959, 2301957, 2301956, 2301955, 2301954, 2301953, 2301951, 2301950, 2301949, 2301948, 2301947;2301973, 2301946, 2301945, 2301944, 2301943, 2301942, 2301941, 2301940, 2301939, 2301938, 2301936, 2301935, 2294183, 1762025	FALSE
ASV_44036	109897, 1983341, 109897;1983341, 693117, 252700	FALSE
ASV_44042	1606541, 1411661, 722754;1714387	FALSE
ASV_44158	1905723, 1905723;2315413, 2968077	FALSE
ASV_44189	1606541, 1411661, 722754;1714387	FALSE
ASV_4420	260685, 2364126, 2303287, 1290334, 1918384, 257771, 262427, 107757, 257771;260685	FALSE
ASV_44272	1606541, 1411661, 722754;1714387	FALSE
ASV_44316	1169001, 1050084, 1169003;1967941, 1169003, 1169000	FALSE
ASV_44329	1905723, 1905723;2315413, 3019568, 2968077, 2902008, 35672	FALSE
ASV_44372	1606541, 1411661, 722754;1714387	FALSE
ASV_44511	2586259;2586260	TRUE
ASV_44512	89963, 1806893, 1695222, 71861, 1652117, 1886619, 447210, 1655529, 143670, 2591690, 142110, 1918384, 1691973, 1239451, 631048, 160611, 262427, 858356, 107757, 284798;284799;284802	FALSE
ASV_44542	1606541, 1411661, 722754;1714387	FALSE
ASV_44648	1606541, 172717, 1411662, 1411661, 91992, 722754;1714387	FALSE
ASV_44657	2812598, 1764240, 464278, 156122;284971	FALSE
ASV_44768	1010487;1010569, 1010567;1010568, 1010554, 1010543, 1010507, 1010474;1010503;1010513;1010526	FALSE
ASV_44800	39450, 1905723, 1905723;2315413, 2968077, 2820087, 237470	FALSE
ASV_44805	1695222, 71861, 1652117, 1886619, 1655529, 143670, 1691973, 1239451, 2684371, 2684370, 2684369, 631048, 160611, 858356, 160612, 284798;284799;284802, 66473	FALSE
ASV_44870	291032, 83372;291032, 376140	FALSE
ASV_4491	2592063, 237449, 268820;1400434;1400435, 268821, 268820, 268820;463290, 268820;268821	FALSE
ASV_44954	39450, 260685, 1905723, 1905723;2315413, 2364126, 2303287, 1655534, 2968077, 2820087, 1290334, 257771, 1614641, 257771;260685, 237470	FALSE
ASV_45043	1905723, 1905723;2315413, 89963, 2968077, 1918384, 262427, 107757	FALSE
ASV_45222	1010556, 1010533, 1010473;1010490;1010542	FALSE
ASV_45248	210448, 2979736, 1604857, 1604856, 1604855, 1604852;1604853	FALSE
ASV_45340	1010556, 1010533, 1010473;1010490;1010542	FALSE
ASV_45344	1937694;2962706, 1937694, 2962706	FALSE
ASV_454	1905723, 1905723;2315413, 89963, 2968077, 1918384, 262427, 107757	FALSE
ASV_45528	156133, 284976;284978;284979;284980;284981;284982	FALSE
ASV_45567	2528238, 2528237, 2528234;2528236, 2528233, 2528232;2528235, 2528231, 2528230, 2302167, 2302166, 2302164, 2302163, 2302162, 2302158, 2302157, 2302154, 44445, 44447	FALSE
ASV_45596	1606541, 1411661, 722754;1714387	FALSE
ASV_45622	1010556, 1010533, 1010473;1010490;1010542	FALSE
ASV_457	1486434, 1486432;1486433, 47934, 2575364	FALSE
ASV_45848	260685, 2292165, 2364126, 2303287, 1290334, 60595, 1918384, 257771, 262427, 926437, 107757, 257771;260685	FALSE
ASV_45859	2737751, 2737750, 2737749, 2592178, 2592177, 2592175;2592176, 2592174, 2592173, 2301934, 2301933, 2301932, 2301931, 2041805, 1764901, 1764895, 1764875, 1764892, 1764861, 1764860, 464227	FALSE
ASV_45894	1606541, 1411661, 722754;1714387	FALSE
ASV_4605	39450, 260685, 1905723, 1905723;2315413, 2364126, 2303287, 1655534, 2968077, 2820087, 1290334, 257771, 1614641, 257771;260685, 237470	FALSE
ASV_46074	1010556, 1010533, 1010473;1010490;1010542	FALSE
ASV_46126	2737750, 2737749, 2592178, 2592177, 2592175;2592176, 2592174, 2592173, 2301934, 2301933, 2301932, 2301931, 2041805, 1764901, 1764895, 1764875, 1764892, 1764861, 1764860, 464227	FALSE
ASV_46199	39450, 1905723, 1905723;2315413, 2968077, 2820087, 237470	FALSE
ASV_46302	1937694;2962706, 1937694, 2962706	FALSE
ASV_46328	2152833;2152838, 2152834, 1003027	FALSE
ASV_46334	2302043, 2302042, 2302041, 2302040, 2302039, 2302038, 2302037, 2302036, 2302035, 2302034, 2302030, 2302027, 2302026, 2302025, 2302024, 2302023, 2302022, 2302021, 2302020, 2302019, 2302017, 2302015, 2302014, 2302013, 2302010, 2302009, 2302008, 2302005, 2302004, 2302003, 2302001, 2302000, 2301998, 2301997, 2301996, 2301995, 1048532, 240364, 240364;1497510	FALSE
ASV_46455	1606541, 172717, 1411662, 1411661, 91992, 722754;1714387	FALSE
ASV_46500	2302041, 2302040, 2302038, 2302026, 2301997, 2301995, 1048532, 240364;1497510	FALSE
ASV_46537	89963, 1806893, 1695222, 71861, 1652117, 1886619, 447210, 1655529, 143670, 2591690, 142110, 1918384, 1691973, 1239451, 631048, 160611, 262427, 858356, 107757, 284798;284799;284802	FALSE
ASV_46543	1905723, 1905723;2315413, 633638, 1034652, 89963, 2968077, 1918384, 262427, 107757	FALSE
ASV_466	2926, 2932, 2925, 1126604, 1126602, 1126601, 1041877, 1041877;1126601;1126602;1126603;1126604, 1126608, 1126610, 1126608;1126610, 1126605;1126607;1126608;1126609;1126610	FALSE
ASV_46668	2737750, 2737749, 2592178, 2592175;2592176, 2592173, 1764895, 1764892, 1003021	FALSE
ASV_46670	2152833;2152838, 2152834, 1003027	FALSE
ASV_46727	260685, 2364126, 2303287, 1290334, 257771, 1124241, 257771;260685	FALSE
ASV_46747	1403701, 2744121, 2744119, 2744116, 2744112;2744113;2744114, 2744111, 1303913	FALSE
ASV_46844	2594217, 2558024, 2558023, 2558022, 643629, 2491349, 2506143, 1132301, 1104407, 2040519, 2040457, 2040456, 1431828, 2772652, 2962111, 670428, 1431835, 1431828;2729988;2729990;2729991;2729992;2729993, 706576;1805947, 44432;1132301;1431824, 1132302, 1339087, 1238239, 1431824, 44432, 2729989, 2729993, 2040456;2040457, 2758938, 44430, 265616	FALSE
ASV_46856	1766654;1884248	TRUE
ASV_46860	1764827, 1764826, 1764825, 1764824, 72520;301231	FALSE
ASV_4691	1635219;3021845	TRUE
ASV_46910	2152833;2152838, 2152834, 1003027	FALSE
ASV_4702	2294129, 2302269, 2302267, 2302266, 1766654;1884248, 1764649, 270628, 303402, 1181720	FALSE
ASV_47143	1335122, 555720, 265616, 216777, 216777;1244697, 1244698	FALSE
ASV_47172	156133, 284976;284978;284979;284980;284981;284982	FALSE
ASV_47217	2812598, 1764240, 464278, 156122;284971	FALSE
ASV_47218	35128, 35128;49265;265564;340023;1268954, 83371	FALSE
ASV_47219	259829;259833	TRUE
ASV_47239	1695222, 71861, 1652117, 1886619, 1655529, 143670, 1691973, 1239451, 2684371, 2684370, 2684369, 631048, 160611, 858356, 160612, 284798;284799;284802, 66473	FALSE
ASV_47298	35128, 35128;49265;265564;340023;1268954, 83371, 1827185	FALSE
ASV_47393	88149, 2010984, 2010977, 2872, 105409, 105407, 2691979, 105404, 88149;88154	FALSE
ASV_4740	2934475;2934481;2934482	TRUE
ASV_47406	260685, 2364126, 2303287, 1290334, 257771, 257771;260685	FALSE
ASV_47439	39450, 1806893, 1695222, 71861, 1652117, 1886619, 1655529, 2820087, 143670, 2591690, 1918384, 1691973, 1239451, 631048, 160611, 262427, 858356, 107757, 237470, 284798;284799;284802	FALSE
ASV_47504	2302269, 2302266, 1766654;1884248, 1764649, 1181720	FALSE
ASV_47549	260685, 2364126, 2303287, 3019568, 1290334, 257771, 257771;260685	FALSE
ASV_47569	1955568, 2849680, 373010;373011	FALSE
ASV_47575	2528238, 2528237, 2528234;2528236, 2528233, 2528232;2528235, 2528231, 2528230, 2302167, 2302166, 2302164, 2302163, 2302162, 2302158, 2302157, 2302154, 44445, 44447	FALSE
ASV_47589	1764662, 1764660, 1400982, 303405, 576716, 582758, 284684, 284676;284681	FALSE
ASV_47663	180941, 1295634, 416578, 1050084, 1050079, 1050077, 1967940, 1168997;1967940, 1168999, 1168997, 1892383, 641209, 641207	FALSE
ASV_47678	181122;2315894	TRUE
ASV_47757	181122;2315894	TRUE
ASV_47822	1955568, 2849680, 373010;373011	FALSE
ASV_4800	1905723, 1905723;2315413, 89963, 2968077, 1918384, 262427, 107757	FALSE
ASV_48020	304200, 1764662, 1764660, 1400982, 303405, 1003042, 576716, 582758, 284684, 284676;284681	FALSE
ASV_48064	291032, 83372;291032, 376140	FALSE
ASV_48081	1155433, 1870746, 49246, 420286, 49258;1003085, 265543;420264	FALSE
ASV_48141	1937694;2962706, 1937694, 2962706	FALSE
ASV_48202	1937694;2962706, 1937694, 2962706	FALSE
ASV_4821	72677, 1764082, 237470, 2945, 1905723, 1905723;2315413, 1226012, 39449, 2496629, 2364126, 71860, 1764932, 2968077, 237471, 1290334	FALSE
ASV_48322	2302267, 2302266, 1766654;1884248, 1181720	FALSE
ASV_48333	2528238, 2528237, 2528234;2528236, 2528233, 2528232;2528235, 2528231, 2528230, 2302167, 2302166, 2302164, 2302163, 2302162, 2302158, 2302157, 2302154, 44445, 44447	FALSE
ASV_48532	1560730, 2057900, 1530226, 3049691, 2963884;3049691	FALSE
ASV_48549	143670, 1806893, 1695222, 71861, 1652117, 1886619, 1655529, 2591690, 1691973, 1239451, 631048, 160611, 858356, 284798;284799;284802	FALSE
ASV_48565	1606541, 1411661, 722754;1714387	FALSE
ASV_48596	291032, 83372;291032, 376140	FALSE
ASV_48616	1606541, 1411661, 722754;1714387	FALSE
ASV_48701	1905723, 1905723;2315413, 2968077, 1764082	FALSE
ASV_48746	1905723, 1905723;2315413, 89963, 2968077, 1918384, 262427, 107757	FALSE
ASV_48826	1606541, 1411661, 722754;1714387	FALSE
ASV_48828	1905833, 236787, 1606603, 1606602, 236787;1411684, 2811676	FALSE
ASV_48865	2302266, 1766654;1884248, 1181720	FALSE
ASV_48878	2302043, 2302042, 2302041, 2302040, 2302039, 2302038, 2302037, 2302036, 2302035, 2302034, 2302030, 2302027, 2302026, 2302025, 2302024, 2302023, 2302021, 2302020, 2302019, 2302017, 2302014, 2302013, 2302010, 2302009, 2302005, 2302004, 2302003, 2302001, 2302000, 2301998, 2301997, 2301995, 1048532, 240364, 240364;1497510	FALSE
ASV_48910	1565494, 2926, 2925, 1471211, 1133413;1133414;1133417;1133418;1133422, 284800	FALSE
ASV_48916	1010556, 1010533, 1010473;1010490;1010542	FALSE
ASV_48967	2302077, 2302083, 2302080, 2302267, 2302266, 2302204, 1766654;1884248, 137466, 1242269, 1181720, 1034817	FALSE
ASV_49069	2528238, 2528237, 2528234;2528236, 2528233, 2528232;2528235, 2528231, 2528230, 2302167, 2302166, 2302164, 2302163, 2302162, 2302158, 2302157, 2302154, 44445, 44447	FALSE
ASV_49081	1401196, 1401190;1401191;1401192, 1401188	FALSE
ASV_49084	291032, 83372;291032, 376140	FALSE
ASV_4968	1905723, 1905723;2315413, 633638, 1034652, 89963, 2968077, 1918384, 262427, 107757	FALSE
ASV_5042	1905723, 1905723;2315413, 89963, 2968077, 1918384, 262427, 107757	FALSE
ASV_5136	447208, 447208;497816	FALSE
ASV_5156	1905723, 1905723;2315413, 89963, 2968077, 1918384, 262427, 107757	FALSE
ASV_5203	6596, 1920008, 55715, 282286, 1177065, 380106, 367565, 462889, 2602924, 367565;368946, 358437, 990945, 2762064, 138984	FALSE
ASV_5207	1010556, 1010533, 1010473;1010490;1010542	FALSE
ASV_5223	1806893, 1695222, 71861, 1652117, 2984365, 1886619, 1655529, 143670, 2591690, 1691973, 1239451, 631048, 160611, 858356, 284798;284799;284802	FALSE
ASV_533	2259046, 2496431, 2714763, 1903955, 73499, 89141, 2487154, 1346817, 2231603, 132115, 1756136, 1906752, 2060968, 797268, 132111, 1756136;2714763, 1652033;1652035;2487154, 1652023;2231603;2259046, 1628936, 2204300, 2945926, 2945925, 2945924, 2945928, 2945927, 2945924;2945926;2945928, 2591472, 2756282, 2775450, 2775442, 2775449, 2775443, 2775445, 2775447, 235384, 1297144, 1297140, 1297139, 89141;176275;1297135;1297143, 2775448, 2775446, 2775444, 1652023, 571577, 571583, 205930, 228242, 152787	FALSE
ASV_5374	1905723, 1905723;2315413, 89963, 2968077, 142110, 1918384, 2699462, 262427, 1003175, 107757	FALSE
ASV_5392	1905723, 1905723;2315413, 89963, 407301, 2968077, 1918384, 262427, 107757	FALSE
ASV_5426	180941, 1295634, 416578, 1050084, 1050079, 1050077, 1967940, 1168997;1967940, 1168999, 1168997, 1892383, 641209, 641207	FALSE
ASV_5428	1905723, 1905723;2315413, 89963, 2968077, 1918384, 262427, 107757	FALSE
ASV_5464	2066654;2066655, 2066647	FALSE
ASV_553	451786, 420275, 2301945, 2301967, 2301975, 2301983, 2301981, 2301969, 2301976, 2301970, 2301965, 2301979, 2301968, 1762025, 2301947;2301973, 2301962, 2301946, 2301980, 2301949, 2301954, 2301978, 2301961, 2301943, 2301950, 2301985	FALSE
ASV_5674	2926, 2932, 2925, 1126604, 1126602, 1126601, 1041877, 1041877;1126601;1126602;1126603;1126604, 1126608, 1126610, 1126608;1126610, 1126605;1126607;1126608;1126609;1126610	FALSE
ASV_5676	1905833, 236787, 464225, 1606603, 1606602, 236787;1411684, 2811676	FALSE
ASV_5690	1905723, 1905723;2315413, 89963, 2968077, 1918384, 262427, 107757	FALSE
ASV_5714	478120;478126	TRUE
ASV_573	37469, 529209, 1763832, 529148, 1446102, 529288, 1763831, 529124, 2841286, 529148;529209, 221998, 529245, 620489, 1746054	FALSE
ASV_5730	1905723, 1905723;2315413, 89963, 2968077, 1918384, 262427, 107757	FALSE
ASV_5734	6550, 2840390;2840391;2840392;2840393;2840394, 2840387;2840389, 2840388, 6551, 61855, 6550;6551;173667, 29158	FALSE
ASV_581	265540, 265540;1234815, 2302224	FALSE
ASV_588	35677, 35677;44463	FALSE
ASV_593	2547360, 187800;2547360, 187800, 2291609, 56195, 2913318, 2827007, 1519747, 947578	FALSE
ASV_5947	1191119;1285930	TRUE
ASV_5962	2812485, 412153;424481	FALSE
ASV_5976	1695222, 71861, 1652117, 1655529, 143670, 1691973, 1239451, 631048, 160611, 858356, 284798;284799;284802	FALSE
ASV_612	180941, 1295634, 416578, 1050084, 1050079, 1050077, 1967940, 1168997;1967940, 1168999, 1168997, 1892383, 641209, 641207	FALSE
ASV_6121	1905723, 1905723;2315413, 89963, 2968077, 1918384, 262427, 107757	FALSE
ASV_6141	143670, 1695222, 71861, 1652117, 1655529, 1691973, 1239451, 631048, 160611, 858356, 284798;284799;284802	FALSE
ASV_6169	39450, 1905723, 1905723;2315413, 2968077, 2820087, 237470	FALSE
ASV_6180	1905723, 1905723;2315413, 89963, 2968077, 1918384, 262427, 107757	FALSE
ASV_6294	1695222, 71861, 1652117, 1655529, 143670, 1691973, 1239451, 631048, 160611, 858356, 284798;284799;284802	FALSE
ASV_6313	1294199, 2653978, 2653824;2653825, 2653823, 88015, 2748857, 2748856, 2748855	FALSE
ASV_6332	1905723, 1905723;2315413, 89963, 2968077, 1918384, 262427, 107757	FALSE
ASV_6408	342426;2860335, 342426	FALSE
ASV_648	2843, 267567, 1764970, 1537841, 267567;1514174, 1503408, 1198651, 1198650, 1030545, 1030544, 1030542, 1030541, 1030540, 866888, 866887, 866886, 866884, 866883, 866882, 866881, 866880, 866879, 866878, 866877, 866876, 866874;866875, 866873, 866872, 866871, 619278, 619277, 619276, 619275, 2843;267567;439494, 216762;267567;1030547;1030548;1030549, 41457, 1764921, 1764920, 1764919, 371681	FALSE
ASV_6520	1010554, 1010507, 1010474;1010503;1010513;1010526	FALSE
ASV_6566	2592178, 2592175;2592176, 2592173, 1764895, 2737750, 1764892, 2737749, 265543;420264	FALSE
ASV_6657	1335122, 555720, 265616, 216777, 216777;1244697, 1244698	FALSE
ASV_6705	2259046, 2496431, 2714763, 1903955, 73499, 89141, 2487154, 1346817, 2231603, 132115, 1756136, 1906752, 2060968, 797268, 132111, 1756136;2714763, 1652033;1652035;2487154, 1652023;2231603;2259046, 1628936, 2204300, 2945926, 2945925, 2945924, 2945928, 2945927, 2945924;2945926;2945928, 2591472, 2756282, 2775450, 2775442, 2775449, 2775443, 2775445, 2775447, 235384, 1297144, 1297140, 1297139, 89141;176275;1297135;1297143, 2775448, 2775446, 2775444, 1652023, 571577, 571583, 205930, 228242, 152787	FALSE
ASV_6753	1169001, 1050084, 1169003;1967941, 1169003, 1169000	FALSE
ASV_6766	1524186, 1304840, 549348, 549345;1516112, 549349, 549347, 549346	FALSE
ASV_677	1905723, 1905723;2315413, 407301, 89963, 1886619, 2968077, 298604, 1918384, 387435, 200894, 60595	FALSE
ASV_6782	1606541, 172717, 1411662, 1411661, 91992, 722754;1714387	FALSE
ASV_6820	6063, 2849410;2849411, 2849408, 145470, 1336887	FALSE
ASV_7038	1905723, 1905723;2315413, 89963, 2968077, 1918384, 262427, 107757, 237448	FALSE
ASV_708	1764907, 1764906, 33658, 1907791, 1239450, 113104, 1764910, 1764909, 1764905, 464231, 464230, 464229, 464241, 464240, 464239, 464235, 464234, 464232, 1764911, 1631190, 1850963, 1908229, 33658;2611280, 1908230, 1908228	FALSE
ASV_7122	2066654;2066655, 2066647	FALSE
ASV_7129	2589021, 178342, 178341, 41300, 2579142, 619271, 619270, 225408, 221626;265276;265277, 1032426, 1032435, 614189, 1032428, 1032433, 1032441, 1032429;1032438, 1032427;1032437;1032439, 1032432;1032440, 1032430, 1032436, 1032431, 1032434	FALSE
ASV_7132	1905723, 1905723;2315413, 89963, 2968077, 1918384, 262427, 107757	FALSE
ASV_7168	9685, 9739, 76717, 9515, 9657, 9555, 9838, 61853, 9728;9731;9733;9767;27606;27610;27615;48708;90247;575201;2746895, 9643;9644, 9995;93162, 30522, 9915;30522;30532, 9544, 9483, 9593, 39410, 9565, 72004, 10141, 9606, 9940, 9544;9565;9986, 9597;9598;9606;9986, 9906, 27606, 9731, 9365, 2746895, 98922, 29065, 61862, 39082, 9666, 27615, 9978, 77932, 575201, 9644, 9915, 59451, 62283, 9737, 9767, 346063, 9595, 68408, 34880, 9590, 9597, 9988, 42254, 29078, 9598, 9691, 9470, 257877, 99487, 9733, 109475, 286419, 9986, 83538, 540482, 61388, 30640, 89248, 9662, 9447, 46844, 9541, 9913, 9669, 9793, 452646, 9860, 37029, 1574408, 546, 72407, 9689, 494514, 5763, 130825, 9978;130825, 29073, 415978, 9612, 39432, 9615, 27675, 9657;9662;9666;9678;9689;9694;9720;29088;32536;34884;34886;36723;61383;61384;61388;61452;452646, 9823, 27622, 9711, 9615;286419, 59474, 89462, 9874, 9796, 9606;9986, 9615;9796	FALSE
ASV_7205	181122;2315894	TRUE
ASV_7206	1010554, 1010507, 1010474;1010503;1010513;1010526	FALSE
ASV_7219	1905723, 1905723;2315413, 407301, 89963, 1886619, 2968077, 298604, 1918384, 387435, 200894, 60595	FALSE
ASV_7274	39450, 260685, 1905723, 1905723;2315413, 2364126, 2303287, 1655534, 2968077, 2820087, 1290334, 257771, 1614641, 257771;260685, 237470	FALSE
ASV_735	1905723, 1905723;2315413, 89963, 2968077, 1918384, 262427, 107757	FALSE
ASV_7351	1905723, 1905723;2315413, 89963, 3019568, 2968077, 2902008, 1519424, 1918384, 262427, 107757	FALSE
ASV_7359	1905723, 1905723;2315413, 2968077	FALSE
ASV_7402	270537, 8262;8267, 56723, 195632, 195643, 244455, 94984, 27771, 508554, 8255, 1161360, 274803, 8262, 171736, 1367090, 428446, 1411154, 1333648, 202602, 237618, 141887, 146811, 482919, 334415, 236585, 555488, 531324, 555490, 1154654, 119718, 236586, 1182846, 555487, 13604, 459920, 1609601, 172659, 195623, 195612, 428034, 641108, 274714, 1156143, 163143, 242929, 242928, 1099869, 941984, 28829, 34816, 455156, 143345, 244454, 141886, 8260, 235072	FALSE
ASV_7501	1695222, 71861, 1652117, 1655529, 143670, 1691973, 1239451, 631048, 160611, 858356, 284798;284799;284802	FALSE
ASV_7566	1403701, 2744121, 2744119, 2744116, 2744112;2744113;2744114, 2744111, 1303913	FALSE
ASV_7618	92955, 92955;104405	FALSE
ASV_7723	1191119;1285930, 1127213, 1128107	FALSE
ASV_7887	5588, 13202, 2024365, 1934183, 980140, 980142, 348802, 1709941, 1333750, 1702017, 1629050, 1592555, 1563391, 1563390, 2944907, 91928, 1295158, 634197, 52866, 571575;571576;571579;571582;571584, 479720, 537206, 537204, 451660, 451655, 105696, 142820, 37936, 5584, 1075442	FALSE
ASV_789	181122;2315894	TRUE
ASV_793	48142, 290144, 673885, 102976, 150493, 290141;2060205, 290140, 209422, 290137, 6819, 290143, 290139	FALSE
ASV_795	1606541, 1411661, 722754;1714387	FALSE
ASV_804	2919510;2919511, 2919509	FALSE
ASV_8046	83791, 1813674, 585852, 3120, 111617, 3117;153908, 75689	FALSE
ASV_8120	1905723, 1905723;2315413, 89963, 2968077, 1918384, 262427, 107757	FALSE
ASV_820	1764241, 1764237;1764239, 2812598, 1606473, 1764235, 1764234	FALSE
ASV_821	1905833, 236787, 1606603, 1606602, 236787;1411684, 2811676, 1411684	FALSE
ASV_8225	260685, 2364126, 2303287, 1290334, 257771, 257771;260685	FALSE
ASV_8240	1905723, 1905723;2315413, 89963, 2968077, 1918384, 262427, 107757	FALSE
ASV_8244	1905723, 1905723;2315413, 225107, 89963, 1286876, 2968077, 1874130, 1918384, 262427, 156230, 107757	FALSE
ASV_8281	163663;238910	TRUE
ASV_8385	260685, 2364126, 2303287, 89963, 1679438, 3003917, 1290334, 2864110, 257771, 35672, 257771;260685	FALSE
ASV_8398	1606541, 1411661, 722754;1714387	FALSE
ASV_8426	1606541, 1411661, 722754;1714387	FALSE
ASV_8432	1336820, 942650, 1342608, 1342651, 1336869;1342624, 1336815, 1342607, 1336879;1342652	FALSE
ASV_8500	1764965, 1573495, 89957, 160607, 160607;1573495	FALSE
ASV_861	1010556, 1010533, 1010473;1010490;1010542	FALSE
ASV_8653	1905723, 1905723;2315413, 89963, 2968077, 1918384, 262427, 107757	FALSE
ASV_8731	2926, 2932, 2925, 1126604, 1126602, 1126601, 1041877, 1041877;1126601;1126602;1126603;1126604, 1126608, 1126610, 1126608;1126610, 1126605;1126607;1126608;1126609;1126610	FALSE
ASV_8750	2066664;2066665, 2066660, 2066653, 868044	FALSE
ASV_8751	1905723, 1905723;2315413, 89963, 2968077, 1918384, 262427, 107757	FALSE
ASV_8782	268820;1400434;1400435, 763529, 268821, 268820, 268820;463290, 268820;268821	FALSE
ASV_8881	35128, 35128;49265;265564;340023;1268954, 83371	FALSE
ASV_891	1905723, 1905723;2315413, 89963, 2968077, 1918384, 262427, 107757	FALSE
ASV_8965	1010554, 1010507, 1010474;1010503;1010513;1010526	FALSE
ASV_9055	1162085, 1162089;1193138, 1162089	FALSE
ASV_9207	163663;238910	TRUE
ASV_9224	1606541, 1411661, 722754;1714387	FALSE
ASV_9246	559844, 614669, 143670, 106543, 89963, 1691974, 1655535, 71861, 268820;1400434;1400435, 1918384, 106539, 904677, 268821, 268820, 268820;463290, 268820;268821, 244960	FALSE
ASV_931	1010554, 1010507, 1010474;1010503;1010513;1010526, 1010487;1010569, 1010567;1010568, 1010543	FALSE
ASV_9310	1736631, 633638, 1428570, 1034652, 89963, 1806893, 1695222, 71861, 1652117, 1886619, 1655529, 143670, 1519423, 2591690, 1918384, 1691973, 1129410, 1239451, 1196158, 1196157, 631048, 160611, 858356, 501609, 501608, 289378, 284798;284799;284802, 310565	FALSE
ASV_9591	1905723, 1905723;2315413, 89963, 2968077, 1918384, 262427, 107757	FALSE
ASV_9645	2737750, 2737749, 2592178, 2592175;2592176, 2592173, 1764895, 1764892, 464227	FALSE
ASV_9681	35677, 35677;44463	FALSE
ASV_9774	2609216;2609430;2609431, 2609224;2609429, 2609215;2609226;2609228;2609427;2609428, 2609215, 2609426, 2609228	FALSE
ASV_9782	1607973, 1607966;1607967;1607968;1607971;1607974	FALSE
ASV_979	1905723, 1905723;2315413, 407301, 89963, 1886619, 2968077, 298604, 1918384, 387435, 200894, 60595	FALSE
ASV_9864	89913, 89926, 5411;89926, 5412	FALSE
ASV_9933	1905723, 1905723;2315413, 89963, 2968077, 1918384, 262427, 107757	FALSE
