1000995
1001139
1001648
1001702
1003021
1003027
1003031
1003042
1003048
1003049
1003052
1003062
1003076
1003085
1003108
1003175
1003302
1003307
1003322
1003325
1003329
1003333
1006188
1007615
100861
100914
100951
1010424
1010425
1010426
1010430
1010433
1010434
1010435
1010436
1010437
1010438
1010439
1010442
1010443
1010450
1010452
1010453
1010454
1010455
1010456
1010457
1010459
1010461
1010462
1010463
1010465
1010467
1010468
1010470
1010471
1010473
1010474
1010487
1010490
1010493
1010498
1010500
1010503
1010505
1010506
1010507
1010510
1010513
1010526
1010533
1010535
1010542
1010543
1010544
1010547
1010554
1010556
1010567
1010568
1010569
1010715
101097
101098
101201
10141
101924
101993
101994
101995
10224
102393
102976
1030540
1030541
1030542
1030544
1030545
1030547
1030548
1030549
1030661
1031547
1032259
1032426
1032427
1032428
1032429
1032430
1032431
1032432
1032433
1032434
1032435
1032436
1032437
1032438
1032439
1032440
1032441
1032442
1034616
1034627
1034652
1034811
1034812
1034814
1034816
1034817
1034831
1035133
1035519
1035520
1035522
1035523
1035524
1035525
1035526
1035527
1035528
1035529
1035838
1037239
1038873
1038874
1038875
1038876
1038877
1038895
1041103
1041287
1041512
1041513
1041877
1041936
1042646
1043719
1043720
1043721
1043726
1043734
1043735
1043741
104405
104408
104409
104412
104415
104417
1045425
1045426
1045427
1045428
1046028
104670
104710
104721
104730
1048532
1048533
1049053
1049056
1049057
1049064
1049188
1049280
1049796
1049798
1049800
1050070
1050072
1050077
1050079
1050080
1050084
1050086
1050087
1050088
1050089
1050090
1050091
1050092
1050093
1050094
1050095
1050096
1050102
1051707
1051708
1051727
1051731
1051732
1051736
1051748
1052040
1052851
1053277
1054027
105404
105407
105409
1054385
1054387
1054392
1054399
1054984
1054987
1054991
1055000
1055100
1056814
105696
105876
105881
105949
105986
106004
106010
106013
106020
106023
106224
106276
1064588
1064589
106537
106539
106542
106543
106549
106567
1068600
1069094
1069099
1069103
1069743
107032
1071522
1071554
1071703
1073398
107391
1073941
1075435
1075437
1075442
1075458
1076192
107757
107758
1077691
1077774
1078409
1081906
1082669
1082671
1082687
1082699
108480
1087309
1089239
109058
1090589
109063
109069
109071
109072
1091424
1091465
1091472
1091473
1091474
1091480
1091481
1091486
109157
1093678
1094609
109470
109475
109671
109870
109894
109897
109903
109921
109932
109952
109953
109966
1099869
1100087
110073
110146
110276
1104381
1104407
1104432
1104434
1104438
1104706
1105129
1107883
1108076
110816
1109178
1109194
1109200
1109212
1109213
1112701
111617
1116867
1117028
1117030
1117292
1117293
1117331
1117365
1117366
1117367
1117368
1117715
111862
111863
111872
111878
1118971
1118981
1120154
112138
1122278
1123717
1123960
1124163
1124228
1124229
1124230
1124241
112456
1124870
1125681
1125951
1126580
1126601
1126602
1126603
1126604
1126605
1126607
1126608
1126609
1126610
1127103
1127108
1127109
1127115
1127117
1127127
1127133
1127137
1127141
1127202
1127203
1127211
1127213
1127215
1127218
1127401
1127403
1127410
1127417
1127630
1128105
1128107
1128109
1129275
1129410
1130128
113104
1131436
1131437
1131438
1131439
1131440
1131441
1131448
1131450
1131762
1131925
1131993
1131995
1132301
1132302
1132513
1132520
1132523
1132524
1133372
1133413
1133414
1133417
1133418
1133422
1133656
1134058
1134059
1134062
1134064
1134070
1134073
1134074
1134079
1134511
1136018
1136290
1136322
113644
1137318
1137319
1137987
1139989
1140381
114067
114068
114070
114071
1141711
114254
1143167
1143169
1143211
1143213
1144756
1144879
1145023
1145092
1147133
1147235
1147237
114959
1150263
1151058
1151059
1154654
1155186
1155428
1155429
1155431
1155432
1155433
1155435
1155436
1155437
1155439
1155554
1156143
1156958
1156992
1157692
1157699
1157700
1157701
1157975
1158033
115846
115849
1161360
1162085
1162089
1162810
1163733
1164574
1164579
1164825
1165304
1166918
1167625
1167876
1168856
1168997
1168999
1169000
1169001
1169003
1169004
1169006
1169132
1169543
1169547
1169886
1169946
1170544
1170546
1170553
1170808
1171669
1171670
1171671
1171672
1171673
1171674
1171675
1171676
1171677
1171678
1171679
1171680
1171681
1171682
1171683
1171684
1171685
1171686
1173380
1173419
1174986
1176369
1176370
1176371
1176373
1176376
1176383
1176387
1176391
1176450
1176540
1177065
1177066
1177091
1177109
1177112
118079
1181720
1181996
1182846
118321
1186236
1186237
1186927
1189296
1190596
1190602
119094
1191119
1193135
1193136
1193137
1193138
1193141
119368
119369
119370
119372
1194045
1194294
1194445
119488
1194921
119497
1196007
1196008
1196153
1196156
1196157
1196158
119718
1197881
119830
1198650
1198651
120299
120300
120341
120371
120431
120444
1206345
1207439
120807
1208877
120984
1209994
1209995
1209996
1209997
1209999
1210002
121006
1210431
1210439
121138
1211595
121228
1212670
1213238
1214251
1214253
1214254
1214255
1214256
121462
1215376
1215991
1217138
1217400
1220049
1220052
1222186
122233
122240
1223577
122415
1226012
1229391
1229646
1229648
1229649
1229734
1229974
1230018
1230094
1230123
1230126
1230131
1230320
1232734
1232794
1233128
1233129
1233130
1233131
1233135
1233138
1233139
1233140
1233141
1233142
1233143
1233144
1233151
1233153
1233155
1234419
1234425
1234427
1234815
1234817
1234819
1234821
1234866
1234997
123505
1235896
1236749
1237092
1237932
1238239
1239444
1239446
1239447
1239448
1239449
1239450
1239451
1242177
1242244
1242269
1242270
124337
124338
124339
1244596
1244696
1244697
1244698
1244743
1244777
1244778
1244813
1246328
1246337
1246606
1246791
1246797
1249456
1253870
1254443
1258628
1258638
1258645
1261549
1261641
1262060
1262062
1262066
1262067
1262068
1262069
1262070
1262087
1262089
1262093
1262095
1262161
1262610
1263189
126422
1266866
1267178
1267452
1268954
1269044
127145
127148
1272149
1272193
127229
1272313
1272317
1273161
1273162
1273570
1273571
1274397
1274398
1274486
1274958
127562
127567
1276030
1276033
1276034
1276035
1276039
1276068
1276077
1276079
1276091
1276092
1276093
1276138
1276173
1276540
1276541
128131
1281431
1281435
1281436
1282893
1283839
128490
1285930
1286072
1286073
1286077
1286078
1286872
1286873
1286876
1290334
1290986
1291055
1291058
1291059
1291060
1291152
1291200
129185
129187
129219
1292961
1292964
1292965
1294199
1294205
1294206
1294322
1294345
1294353
1294356
1294370
1295148
1295158
129555
1295631
1295632
1295634
1297135
1297139
1297140
1297143
1297144
1297756
1298681
1298684
1298685
12997
1301315
1302184
1302383
1302415
1302419
1302424
1302792
1302829
1302831
1303139
1303144
1303152
1303153
1303154
1303155
1303156
1303165
1303167
1303913
1303917
1304840
1307430
130825
1308625
1308629
1308635
1308642
1308664
1308665
1308666
13093
131000
13108
131113
1311516
1311521
1311627
131223
1314681
1315715
1316033
131612
13202
132109
132111
132115
1321398
1321399
1321401
1322174
1323718
132407
1325728
132611
1326761
1326762
1326764
1326765
1326767
1326768
1326769
1326773
1326774
1326775
1326776
1326778
1326779
1326780
1326782
1326783
1326985
1326991
1331945
1333648
1333737
1333750
1333877
133427
133489
1334925
1334933
1334934
1334935
1334967
1334968
1334970
1334975
1334977
1335017
1335100
1335108
1335110
1335111
1335114
1335120
1335122
1336729
1336809
1336815
1336820
1336852
1336869
1336876
1336879
1336887
1336921
133708
1339087
1340839
1341611
1341612
1342546
1342586
1342607
1342608
1342613
1342614
1342615
1342623
1342624
1342640
1342651
1342652
1342701
1343130
1343133
1343134
1343137
1343140
1344038
134438
1345006
1345010
1345012
1345014
1345018
134537
1346247
1346497
1346585
1346586
1346817
134763
1348342
1348343
1348390
1348392
1348406
1348417
1349747
134997
13519
135247
1353797
13543
135473
135477
135516
1355910
135764
135765
135766
1357977
13587
13604
13608
136085
136180
136183
136184
136186
136459
136462
136468
13662
1366313
1366867
1366900
1367090
1367441
1367454
1367459
1368309
136950
137008
1370263
137259
137466
137520
13781
13787
13788
13789
1379409
1379476
137994
1381949
1382210
1382317
1382341
1383256
1383263
1384505
138539
1385432
1387482
138849
1388807
1388808
1388815
1388820
1388822
1388823
1388826
1388832
1388835
1388838
1388845
1388848
1388849
1388851
1388852
1388854
1388856
1388860
1388861
1388883
1388885
1388899
1388900
138984
1390100
139025
139069
1390973
1390974
1395173
1395669
1398087
1398096
1398153
1398243
1398677
139907
1399332
139976
139980
139983
1400203
1400426
1400429
1400434
1400435
1400981
1400982
1401179
1401188
1401189
1401190
1401191
1401192
1401196
1401349
1401354
1402123
1402125
1402127
1402128
1402134
1402965
1403701
1403702
140453
140454
140455
140456
140457
140487
140496
140498
1405688
1405707
140638
1407008
1407009
1407743
1408139
140994
140996
1410459
1410606
1411154
1411623
1411642
1411661
1411662
1411679
1411683
1411684
1411924
1411935
1411952
141414
1414759
1414762
1415789
1417239
1418078
141884
141886
141887
1420631
1420636
1420639
1420642
1420817
142110
1421103
1421134
1421139
1421154
1421822
1421827
1423344
1425477
142807
142820
1428570
1429247
1431123
1431824
1431828
1431835
1432275
1432276
1432280
1432284
1432285
1432286
1432292
1432296
1432297
1432298
1432300
1432301
1432306
1432661
143345
143451
1434743
1434936
1434982
1435006
1435210
1435234
1435238
1435243
1435244
1435248
1435455
1436031
1436077
143670
143672
1437065
1437071
1437072
1437073
1437326
1437360
1441599
1441771
1441772
1442597
1443164
1445891
1446102
1446888
1446909
1446910
1446917
1446919
1446920
1449637
1449638
1449639
1449640
1449641
1449642
1449644
1449645
1449646
1449647
1449649
1449680
1449685
1449715
145168
1453980
145470
145522
1460408
1460409
1460410
1460411
1460412
1461541
1461544
1461550
1462466
1462468
1462954
1462973
1464143
146480
146604
146760
146811
1469146
1469147
1469148
1470270
1470272
147110
147114
1471211
1472339
1472423
1472678
1475461
1475466
1477495
147769
1479617
148313
1483203
148325
148329
1484060
1484061
1484633
1485257
1485258
1485259
1485260
1485261
1485262
1485263
1486022
1486432
1486433
1486434
1486436
1486889
1487556
1487561
1487562
1487566
1487567
1487569
1487591
1487597
1487707
1487713
1488207
1488662
1488663
148987
148988
148993
148996
149001
1490161
1490326
1490328
1490982
1491022
1491466
1491472
1491479
1491480
1492280
1492817
1493510
1495442
1495444
1495445
1497398
1497405
1497406
1497510
1497665
1497673
1498201
1498202
1498304
1498349
1498376
1499594
1499600
1499606
1499612
1499620
1499623
1499625
1499627
1501438
1502181
150278
1502917
1503408
1503681
150493
150597
150622
150623
1506438
151026
151027
1510693
1511720
1511721
1513492
1513586
1514137
1514138
1514140
1514162
1514168
1514174
1514897
1516112
1517499
1519423
1519424
1519425
1519565
1519607
1519608
1519614
1519616
1519747
1519758
1519759
1519760
1519773
1520890
1521551
1522259
1522371
1523415
1523459
1524182
1524183
1524186
1524187
1524190
1524191
1524192
1524206
1525074
1527793
1527799
1527829
152787
1529363
1529365
1529375
1529377
1530226
1530227
1530269
1532215
153251
153516
153627
153648
15368
1537144
1537145
1537692
1537693
1537694
1537695
1537697
1537698
1537699
1537700
1537744
1537840
1537841
1537842
1538291
1538619
153908
1539492
1539904
1539906
1542312
1543311
1543324
1544721
154510
1545445
1545446
1545447
1545969
154757
1547851
1548725
1549747
1552968
1560001
1560717
1560730
1561082
156112
156122
156128
156130
156133
156134
156173
156174
156175
156216
156217
156230
1562301
1562322
1562391
1562708
1562717
1562719
1562872
1562995
1563390
1563391
1563420
1563666
1565494
1565524
1566675
156761
1569383
1571434
1571436
1571437
1571438
1571444
1571446
1571447
1571448
1572359
1572360
1573495
1573537
1574031
1574408
1574453
1576522
1576524
1576528
1576529
1577725
1577739
1577740
1577741
1577743
1577744
1577746
1577748
1577750
1579499
1582110
1582111
1582122
1582124
1582125
1582126
1582128
1582130
1582145
1582896
1585996
1586264
1590144
1590146
1592298
1592303
1592521
1592523
1592524
1592525
1592555
159317
1594484
15957
159748
159749
160068
160216
160221
160258
160265
1603045
1604653
1604852
1604853
1604855
1604856
1604857
1604865
160602
160603
160607
160610
160611
160612
160623
1606450
1606470
1606473
1606478
1606541
1606590
1606594
1606595
1606597
1606600
1606602
1606603
1606605
1606606
1606607
1606608
1606611
1606614
1606622
1606645
1606687
1606691
1606693
1606694
1606695
1606697
1606698
1606706
1606711
160677
1606869
1607777
1607841
1607853
1607860
1607870
1607871
1607895
1607965
1607966
1607967
1607968
1607971
1607972
1607973
1607974
1608542
1609601
161056
1610580
1610688
1611287
1611985
1611986
1614639
1614641
1615503
1615849
1615850
1616837
1619874
1622023
1622187
162275
1627880
1627881
1627882
1627884
1627885
1628163
1628164
1628917
1628936
1629048
1629050
1629395
1629645
1629830
1629853
1629860
1629868
1629886
1631189
1631190
163143
1631558
1634048
1634123
1634377
1634379
163482
163503
163516
1635219
163663
1638942
1638945
1641406
1641413
1641414
1641589
1641595
1641596
1641631
1641808
1642025
164321
1643342
1643343
1652023
1652033
1652035
1652112
1652117
1652794
1653401
1654353
1654606
1654860
1655519
1655524
1655525
1655526
1655527
1655529
1655534
1655535
1655541
1655546
1655547
1656269
1657016
1657017
1658283
1658413
1658513
1659216
1659217
1659639
166032
166035
166042
1661152
1661263
1662293
1663125
1663343
1664364
1664366
1664368
166594
1671027
1671028
1671029
1671720
167535
1675616
1675617
1675618
1675619
1675621
1675622
1675686
1676165
1676166
1676641
1676990
1677971
1677976
1677977
1677980
1677981
1677983
1677984
1677990
167828
167879
167884
1678892
1679000
1679438
1679439
167961
1682049
1682365
1682426
1682428
1682429
1682431
1682432
168244
1683196
1683226
1683246
1683248
1683257
1683346
1683383
1683390
1683866
1683867
1683868
1683870
1683872
1684121
1684124
1684125
1684133
1684137
168724
168725
168733
168738
168750
168756
168759
168767
168769
168771
168779
168785
1689149
1689196
1689221
1689237
1690073
169011
1690225
1690661
169112
1691973
1691974
1692217
1695222
1698418
1701531
1701993
1701994
1702017
1705433
1705434
1706300
170727
1709941
1712416
1712805
1714387
1714586
1715235
1715253
1715697
171736
1719758
1720107
1720108
1720305
172659
172669
172717
172822
1729940
1732117
173216
1732511
1732517
173435
173490
173497
173654
1736631
173667
1736673
1736756
174039
174040
174041
1742272
1742427
1742428
1742607
1742615
1742617
1742618
1742621
1744892
1746054
1747707
1747710
1747711
1755686
1756131
1756136
1756192
1756194
1760868
1761466
1762016
1762025
1762027
1762028
1762029
1762031
1762032
1762033
1762034
1762035
1762036
1762037
1762038
1762039
1762040
1762041
1762042
176265
176275
1763776
1763778
1763831
1763832
1764082
1764142
1764143
1764146
1764147
1764148
1764149
1764150
1764151
1764152
1764180
1764182
1764201
1764214
1764223
1764234
1764235
1764237
1764239
1764240
1764241
1764259
1764286
1764602
1764605
1764606
1764607
1764609
1764611
1764612
1764613
1764614
1764620
1764621
1764622
1764623
1764624
1764626
1764630
1764632
1764633
1764634
1764635
1764636
1764637
1764638
1764639
1764640
1764641
1764646
1764648
1764649
1764650
1764651
1764652
1764653
1764656
1764660
1764661
1764662
1764811
1764820
1764824
1764825
1764826
1764827
1764830
1764831
1764832
1764834
1764835
1764838
1764839
1764841
1764842
1764843
1764846
1764847
1764849
1764850
1764852
1764853
1764854
1764855
1764860
1764861
1764866
1764867
1764868
1764869
1764870
1764871
1764872
1764874
1764875
1764876
1764877
1764878
1764879
1764880
1764885
1764886
1764891
1764892
1764893
1764894
1764895
1764898
1764899
1764901
1764902
1764903
1764904
1764905
1764906
1764907
1764908
1764909
1764910
1764911
1764919
1764920
1764921
1764922
1764923
1764925
1764932
1764933
1764935
1764936
1764940
1764941
1764944
1764946
1764947
1764948
1764950
1764951
1764952
1764953
1764954
1764957
1764965
1764966
1764967
1764969
1764970
1764972
1765729
1766654
1768849
1769404
1770264
1770599
1770600
1770601
1770602
1770603
1770604
1770605
1770606
1770608
1770609
1770610
1770612
177453
1775516
1775517
1775955
1776860
1776863
1776864
1778415
1779351
1779407
1779438
1779492
1779510
1779513
1779517
1779547
1779549
1779593
1779631
178341
178342
1783571
178361
178364
178378
178410
1784805
1784808
178491
178514
1785165
178779
1789172
1789750
1792275
1792558
1792616
1794719
1794730
1795141
1795180
1795186
1795221
1795252
1795254
1795256
1796605
179791
179792
1798948
1798950
1803823
1803938
1803955
1804149
180472
1804765
1805947
1806086
1806878
1806893
1806995
180940
180941
1809752
1810342
1810344
181047
1810842
181122
1812833
1813145
1813146
1813151
1813674
1813786
1813787
181621
181622
1816275
1816278
1816281
1816282
181653
1817539
1817540
1817548
1818036
181808
181809
181970
1820126
1820127
1820278
182090
1823675
1825699
1825700
1825702
1825704
1825706
1825708
1825709
1825713
1825716
1825721
1825722
1825724
1825726
1825728
1825957
1826646
1826647
1826648
1827185
1827186
1827188
1827191
1827194
182798
182981
1833789
1833862
183498
183504
183588
183589
183592
1836945
1838034
1838043
1840408
184213
1844088
184486
1844932
184500
184747
184761
1848298
1848757
1848823
1848828
1848830
185001
185004
1850948
1850949
1850950
1850951
1850952
1850954
1850955
1850956
1850957
1850958
1850959
1850961
1850962
1850963
1850964
1850965
1850966
1850967
1850968
1850971
1851153
1851737
1852269
1853274
1853550
1853554
1856113
1856765
1856766
185695
185739
1857752
1860143
186022
186025
186027
186029
186039
186043
1862896
1862912
1864495
1864528
1864535
1864603
1864604
1864606
1864611
1864612
1864614
1864615
1864616
1864621
1868018
1870746
1872691
1873229
1873492
187406
1874130
187592
187593
187594
187719
187798
187800
187807
187809
1880579
1880580
1880595
1880626
1880627
1881117
1881835
188185
1882056
188220
188224
188236
1883388
1884248
1884465
188452
188453
188462
1884648
1885055
188541
1886619
1887617
1888177
1888178
188921
1889230
188957
1890235
1891026
1891230
1891231
1891234
1891235
1891239
1891241
1891244
1892383
1892433
1892629
1892842
189332
189333
189334
1894960
1895942
189632
1896765
1897643
1898701
1898749
1902918
1902919
1902928
1903275
1903714
1903955
190468
1905160
1905564
1905723
1905724
1905752
1905832
1905833
1905834
1905848
1906470
1906471
1906473
1906474
1906752
1907791
1907792
1907928
1907929
1907930
1907931
1908219
1908225
1908226
1908227
1908228
1908229
1908230
1908232
1908244
1908245
1908247
1909704
1909705
1910764
1910765
1910766
1910767
1911535
1911593
1911595
1911944
1912850
1912851
1912954
1913989
1915358
191824
1918381
1918382
1918384
1918583
1918586
1918587
1918589
1918590
1920001
1920004
1920008
1920009
1920010
1920017
1920892
1920939
1921602
1921603
192219
1922284
1922287
1922288
1922289
1922290
1923966
1923967
1923972
1923973
1924736
1925001
1925329
1925337
1925414
1925416
1925417
1925430
1925540
1926331
1927140
1927822
1928008
1928154
1928728
192875
1929015
192927
1929765
1930009
1930275
1930696
1932395
1932427
1932610
1934183
193513
1935345
1936197
1936264
1936265
1936266
1936267
1937407
1937690
1937694
1938616
1938884
1938929
1940680
1940684
194597
194676
1949209
195069
195070
195071
1950760
1950767
1950802
1951155
1951637
1951641
1952199
195226
195259
195275
195502
195504
1955432
1955561
1955562
1955563
1955565
1955566
1955567
1955568
1955569
1955572
195611
195612
195623
195632
195643
195873
1959106
195935
195967
195969
1960159
1960165
1960167
1960168
1960169
1960170
1960171
1960172
1960173
1960174
1960175
1960179
1960180
1960181
1960182
1960183
1960184
1960185
1960186
1960187
1960188
1960189
1960190
1960191
1960192
1960193
1960194
1960195
1960199
1960200
196075
1961191
1961811
196260
1963845
1965466
1966435
1967141
1967940
1967941
1967943
1968775
1969917
1969918
1972712
1973074
1973076
1973086
1973196
1973197
1973198
1973320
1974338
197753
1978334
1978359
197857
197858
1979133
1979790
1979791
1979792
1979793
1979794
1979795
1979797
1979798
1979799
1979800
1979821
1979822
1979823
1979824
1979834
1979835
1979837
1979838
1979851
1979855
1979858
1979860
1979861
1979865
1979870
1979872
1980021
1980027
1980070
1980073
1980407
1981936
1981938
1981941
1981944
1981945
1981946
1981947
1981952
1981955
1982007
1982022
1982023
1982027
1982029
1982030
1982032
1982034
1983151
1983341
1983432
1983433
198479
1985157
198665
1987568
198839
199556
2003113
200361
2004639
2004657
2004886
2004887
2004888
2005494
2005513
2005682
2006390
2006545
2006546
2006547
2006572
2006574
2006575
2006581
2006670
2006705
2008787
2008789
200886
200894
200895
2010977
2010984
201153
2011653
2011712
2011832
2011899
2011916
2011918
2011922
2012134
2012262
2012279
2012318
2012326
2013859
2014756
2014758
2014765
2014767
2014768
2014769
2014770
2014772
2014774
2014775
2014785
201498
2015011
2015012
2015892
2015893
2016126
201616
2016246
2016247
2016248
201645
201685
201687
201702
201731
2018028
2018322
2018323
2018477
2018692
2018708
201963
202128
2021999
2022000
2022001
2022002
2022003
2022334
2022691
2022771
2023685
2023689
2023739
2023888
2023895
2024365
2024625
2024843
2025172
2025174
2025196
2025401
2025403
2025517
2025781
2025864
202602
2026243
2026297
2026354
2026621
2026743
202706
202780
2028448
2028453
2028469
2029593
2029601
2030826
2030947
2031019
2031048
2031091
2031096
203191
2032995
2033693
2034154
2034170
2036684
2036686
2037922
2038126
2038130
2038133
2038134
2038136
2038138
2038148
2038151
2038323
203924
2039256
2039479
2039876
2040456
2040457
2040458
2040496
2040502
2040519
2040628
2040703
2040833
2040901
2041152
2041156
2041159
2041775
2041776
2041783
2041785
2041786
2041788
2041795
2041800
2041801
2041803
2041805
2041811
2041820
2041821
2041828
2041830
2042495
2042500
2043594
2044469
2044941
2046025
2046349
2047667
2048218
204872
2049012
2049902
2051559
2051662
2051666
2052632
2053101
2053487
2053532
2053533
2053574
2053925
2053926
2053927
205524
2055248
2055250
205588
2056252
2056976
2056977
2056978
2056980
2056981
2056984
2056991
2056998
2057146
2057208
2057234
2057900
2058121
2058143
2058389
2058400
2059070
205930
2060205
2060208
2060209
2060968
206143
2065209
206566
2066033
2066531
2066532
2066605
2066609
2066647
2066649
2066653
2066654
2066655
2066660
2066664
2066665
2066673
2066674
2066676
2066678
2066683
2066685
2066686
2066687
2066691
2067834
2068723
2069305
2069421
2070710
2071639
2071888
2072196
2072350
2072415
2072449
2072849
2074862
2079105
2079132
2079140
2079144
207946
207955
2080625
2081639
2082234
2082235
2082236
2082237
2082242
2082243
2082250
2082584
2083000
2083298
2086362
2086363
2086364
208900
2093811
2093987
2094170
209422
209423
2094247
2094254
2099340
2099345
2099346
2099355
2100054
2100055
2100056
2100059
2100070
2100116
2100757
210444
210448
210598
210611
210625
210626
2107305
2107309
2107311
210733
210735
210781
2108191
2108192
210843
2109568
2109569
2109570
2109571
2109572
2109573
2109851
211012
211016
211018
211025
211028
211078
211094
2115823
211852
212454
2126069
2126102
2126166
2126169
2126179
2126236
2126239
2126442
2136297
213639
2137338
2137514
2137954
2138295
214486
214546
214555
214559
214562
214565
214567
214571
214821
214994
215243
2152760
2152833
2152834
2152835
2152837
2152838
2153328
2153330
2153337
215352
215587
2161682
2162842
2162845
2162847
216731
216750
216760
216762
216763
216764
216766
216767
216768
216773
216774
216777
216798
216801
216802
216820
216823
216892
216897
216921
216927
2170319
2171361
2172522
2173162
2173163
2174348
218142
2183544
218683
219168
2200875
2200932
2200933
2200936
2201222
2202655
2202660
2202661
2202693
2202706
2202741
2202742
2202743
2202744
2203226
2203424
2203427
2204102
2204106
2204107
2204109
2204114
2204117
2204120
2204122
2204123
2204126
2204132
2204137
2204300
220647
220648
221442
221624
221625
221626
221629
2217853
2219665
2219684
2219862
2219880
2219883
221995
221998
222004
222013
222015
222018
222067
222095
2231049
2231145
2231603
2231650
2231652
2231659
2231660
2234095
223573
2248425
2248714
2250154
2250241
2250242
2250243
225107
225408
2259046
2259524
2259875
226053
226070
226075
226307
226509
2267473
2267563
2268451
2268653
2268859
2268860
2268861
2268987
227086
228242
2283687
2283688
2283692
2283694
228456
228594
2290940
2291002
2291004
2291356
2291357
2291359
2291363
2291365
2291366
2291368
2291373
2291374
2291389
2291450
2291467
2291600
2291609
2292165
2292662
229290
2294017
2294036
2294129
2294130
2294183
2294188
2294189
2294190
2294191
2301211
2301214
2301931
2301932
2301933
2301934
2301935
2301936
2301938
2301939
2301940
2301941
2301942
2301943
2301944
2301945
2301946
2301947
2301948
2301949
2301950
2301951
2301952
2301953
2301954
2301955
2301956
2301957
2301959
2301960
2301961
2301962
2301963
2301964
2301965
2301966
2301967
2301968
2301969
2301970
2301971
2301972
2301973
2301974
2301975
2301976
2301977
2301978
2301979
2301980
2301981
2301982
2301983
2301985
2301989
2301990
2301991
2301992
2301993
2301994
2301995
2301996
2301997
2301998
2301999
2302000
2302001
2302002
2302003
2302004
2302005
2302007
2302008
2302009
2302010
2302011
2302012
2302013
2302014
2302015
2302017
2302018
2302019
2302020
2302021
2302022
2302023
2302024
2302025
2302026
2302027
2302028
2302029
2302030
2302031
2302032
2302033
2302034
2302035
2302036
2302037
2302038
2302039
2302040
2302041
2302042
2302043
2302044
2302045
2302046
2302047
2302048
2302052
2302053
2302054
2302055
2302056
2302057
2302058
2302059
2302060
2302061
2302063
2302064
2302065
2302066
2302067
2302068
2302069
2302070
2302071
2302072
2302073
2302074
2302076
2302077
2302079
2302080
2302082
2302083
2302084
2302085
2302086
2302087
2302088
2302089
2302090
2302091
2302092
2302093
2302094
2302095
2302096
2302097
2302098
2302099
2302100
2302101
2302102
2302103
2302104
2302105
2302106
2302107
2302111
2302113
2302114
2302115
2302116
2302117
2302118
2302121
2302123
2302128
2302130
2302133
2302134
2302135
2302137
2302138
2302139
2302140
2302141
2302142
2302144
2302145
2302147
2302148
2302149
2302150
2302154
2302157
2302158
2302159
2302160
2302162
2302163
2302164
2302166
2302167
2302169
2302170
2302171
2302172
2302173
2302174
2302175
2302176
2302177
2302178
2302180
2302181
2302183
2302184
2302185
2302186
2302189
2302190
2302191
2302192
2302193
2302194
2302196
2302197
2302198
2302199
2302200
2302201
2302202
2302203
2302204
2302205
2302206
2302207
2302208
2302209
2302210
2302211
2302212
2302213
2302214
2302215
2302216
2302217
2302218
2302219
2302220
2302221
2302222
2302223
2302224
2302225
2302226
2302227
2302228
2302229
2302230
2302231
2302232
2302233
2302234
2302235
2302236
2302237
2302238
2302239
2302240
2302241
2302242
2302243
2302244
2302246
2302247
2302248
2302249
2302250
2302251
2302253
2302254
2302255
2302257
2302258
2302260
2302261
2302262
2302264
2302265
2302266
2302267
2302269
2302270
2302271
2302272
2302397
2302398
2302401
2302879
2302880
2302881
2302882
2302887
2302888
2302889
2302890
2302891
2302893
2302894
2302895
2302896
2302897
2302898
2302942
2303002
2303003
2303162
2303163
2303164
2303167
2303171
2303172
2303177
2303238
2303243
2303244
2303248
2303249
2303250
2303251
2303252
2303254
2303255
2303258
2303262
2303263
2303264
2303265
2303267
2303268
2303271
2303275
2303280
2303283
2303285
2303286
2303287
2303288
2303289
2303290
2303291
2303292
2303293
2303294
2303295
2303674
2303675
230409
230410
230411
230412
230413
230415
230419
230420
230516
2305251
2305490
2305714
2305791
2305881
2305915
231218
231370
2315412
2315413
2315414
2315415
2315894
2315904
2316437
2316501
2316504
2316508
2316509
2316510
2316512
2316522
2316531
2316533
2316537
2316542
2316571
2316574
2316632
2316634
2316637
2316663
2316910
2316917
2320254
2320803
2321133
232287
232288
232897
232941
232952
233144
233145
233185
233186
233271
2340796
234597
235072
235078
235081
235376
235384
2358442
2358444
2364126
236585
236586
236787
237447
237448
237449
237450
237451
237452
237455
237456
237457
237470
237471
237618
2382144
238746
238794
238910
239201
239561
239565
239607
240162
240360
240361
240364
240383
240571
240578
240818
241492
2419807
2419808
2419809
2419810
2420178
2420342
242159
242928
242929
243822
244253
244423
244454
244455
244496
244502
2448082
2448168
244865
2448673
2448674
2448675
244875
2448773
244960
244961
244962
244963
245788
2461490
246728
246752
247438
247647
2480080
2480966
2483873
248469
248471
248474
248476
248477
248481
2485546
2486084
2486766
2487154
248754
2488742
2488751
2491349
2492675
2492743
2493094
2493095
249369
2494550
2494558
2496431
2496432
2496554
2496607
2496624
2496625
2496626
2496627
2496629
2497041
2497411
2497440
2498209
2499404
2505752
2506109
2506143
2506164
2506166
2506169
2506220
2506227
2506230
2506279
2506305
2506310
2506312
2506560
2507876
2508610
2510583
2511378
2511775
2511779
251331
251332
251470
251475
251482
251531
251532
2518964
252312
252315
252666
252669
252671
252687
252700
2527908
2527984
2528054
2528215
2528216
2528217
2528218
2528220
2528221
2528223
2528224
2528225
2528230
2528231
2528232
2528233
2528234
2528235
2528236
2528237
2528238
2528240
2528242
2528351
2528730
2528785
2530480
2530481
253216
253218
253861
254031
2546677
2547360
2547364
2547416
254931
254933
2550858
2555684
2555874
255703
2557542
2558022
2558023
2558024
2559106
256004
2560040
2562141
2562150
2562335
2562336
2562777
2565579
2569856
2570296
2570378
2571043
2571044
2571260
2571262
2572008
2574745
2575364
2575768
2575882
2576346
2576784
2576788
2576789
257771
2578210
257877
2579142
2580214
2580215
258031
2583056
2583061
258482
2586236
2586237
2586238
2586250
2586259
2586260
2586954
2587268
2587269
2587452
2588357
258836
2588868
2588870
2589021
2589121
2589376
2589650
2589717
2589718
2589809
2590415
2590420
2590760
2590762
2590897
2590921
2591472
2591639
2591689
2591690
2592063
2592167
2592168
2592169
2592170
2592171
2592173
2592174
2592175
2592176
2592177
2592178
2592180
2592181
2592182
2592183
2592184
2592185
2592186
2592187
2592188
2592189
2592238
2593073
2593264
2593363
259377
259378
2594217
2595037
259652
2597072
2597375
2597714
2597715
259829
259833
2598530
2598532
2598533
2598535
2598537
2598538
2598539
2598540
2598541
2598559
2598570
2600012
2601260
2601838
2602924
2603666
2604073
2605647
2605655
260576
260577
2606406
2606411
260685
2606879
2606882
2606883
2606889
2608609
2609215
2609216
2609221
2609223
2609224
2609225
2609226
2609227
2609228
2609230
2609420
2609421
2609422
2609423
2609424
2609425
2609426
2609427
2609428
2609429
2609430
2609431
261101
2611280
2611346
261184
2613926
2615114
261843
261844
261845
261850
262295
262427
262778
262969
262970
263736
264050
264053
264055
264121
264138
264369
264483
264716
264720
264951
2651984
2651985
2651988
2651990
2651991
2651992
2651995
2651996
2651997
2651998
2651999
2652000
2652001
2652002
2652011
2652026
2652027
2652028
2652035
2652038
2652159
2652160
2652161
2652167
2652168
2652393
2652724
265276
265277
2652865
2652901
2652905
2653823
2653824
2653825
2653978
2654027
2654653
2654663
2654861
265524
265525
265528
265533
265534
265540
265543
265544
265545
265547
265550
265551
265552
265553
265554
265558
265559
265563
265564
265572
265575
265581
265584
265586
265591
265592
265596
265599
265612
265616
2658586
266149
2661562
2661826
2661827
2661830
2661831
2661850
2661853
2661858
2661860
2661861
2661862
2661863
2661866
2661873
2661874
2662319
2663524
2664135
2664355
2666230
267567
2676190
267820
2678340
2678605
267982
267983
268104
2681712
2681713
2681715
2684182
2684369
2684370
2684371
2684558
268526
268819
268820
268821
268827
2690413
2691101
2691103
2691108
2691109
2691856
2691979
2692273
2697361
2697542
2699462
270263
2703868
2704674
2704675
2704676
270537
2705381
270628
2706491
270676
2706930
2710643
271273
271275
2713251
2713606
271369
2714763
2714881
2715112
2716349
2716527
2716565
2716572
2716576
2716577
2716578
2716585
2716586
2716588
2716590
2716593
2716595
2716597
2716604
271675
271677
271679
271692
271702
2717036
2717709
271774
2719218
2719951
2719952
2720066
2720629
2720634
2721090
2721091
2722724
2723146
2723224
2723676
2723979
2728115
2728120
2728121
2728123
2728130
2728132
2728166
2728207
272998
2729988
2729989
2729990
2729991
2729992
2729993
273000
2730044
273005
273006
273015
273017
273029
273040
273041
2731293
2731298
2731302
2731686
27322
2732265
2732863
27332
273372
2735257
2735413
2735541
2735543
2735546
2735549
2735714
2735715
2735716
2735798
2736679
2737176
2737744
2737745
2737746
2737747
2737748
2737749
2737750
2737751
2737752
2737754
2737756
2737757
2737758
2737759
2737814
2738251
2738257
2738268
2738277
2738283
2739030
2739031
273904
2739050
2739051
273907
2739561
2739568
2739576
2739584
2739608
274049
2740512
2741126
2741451
2742144
2743356
2744111
2744112
2744113
2744114
2744116
2744119
2744121
2744139
2745614
2746560
2746561
2746562
2746694
2746695
2746895
274714
2747868
2747880
2747956
2747973
2748007
2748008
274803
2748054
2748068
2748075
2748081
2748855
2748856
2748857
2748896
2748946
2749349
2750426
2750429
2750448
2751894
2752756
2754530
2756282
27575
2757706
2757713
2758160
2758163
2758171
2758191
2758218
2758304
2758938
2759146
2759249
2759250
2759750
2759753
2759754
2760439
27606
27610
27615
2762064
27622
2764997
27675
2767590
2768415
2768418
2770537
27706
2770853
2772589
2772652
2774420
2775442
2775443
2775444
2775445
2775446
2775447
2775448
2775449
2775450
27771
2777532
2777534
2777711
2778049
2778481
2778590
2778591
2778902
2779649
278002
27804
2780441
27808
2780912
278118
278122
278125
278131
2781880
2781969
2782525
2787750
2787769
278832
27923
2792856
27935
2793746
27940
2794042
2794045
2795197
2795203
2795478
2795484
2795486
2795626
279580
279625
2796353
279640
279643
279644
279651
27988
27991
27992
2799442
27996
28001
28014
2801507
2802086
2802091
2802116
2802996
2803505
2803945
280463
2805055
2805419
2805718
2805719
2805720
2805722
2805723
2805724
2805725
2805726
2805728
2805730
2805731
2805958
280637
2807735
2807736
2807737
2808971
2809013
2809014
281058
2811311
2811312
2811639
2811645
2811675
2811676
2811679
2811680
2811687
2811693
2811699
2811703
2811704
2811705
2811712
2811754
2811764
2812033
2812044
2812050
2812470
2812473
2812476
2812479
2812484
2812485
2812486
2812579
2812584
2812591
2812598
2812611
2812885
2813878
2813890
2813891
2813894
2813895
2813927
2813928
2813929
2813930
2813931
2814109
2815209
2815371
2815372
2815383
2815386
2815845
281608
281609
281610
281612
281614
2816236
2817658
2818052
281835
281838
281842
281844
281913
2820065
2820066
2820068
2820070
2820079
2820081
2820087
2820166
2820187
282286
2823256
2823262
2827007
2827262
2828774
2828848
2828854
2828855
2828858
2828859
2829
2829287
283035
2835129
2835130
2835745
2835757
2836743
2836744
2836747
2836748
2836753
2836757
2836758
2836759
2836760
2836761
2836762
2836768
2836769
2836770
2836771
2836773
2836774
2836775
2836776
2836777
2836778
2836781
2836782
2836985
2837385
2837474
2837575
283781
283783
2839741
2840387
2840388
2840389
2840390
2840391
2840392
2840393
2840394
2840439
2841286
2841288
2841290
2841292
2841296
2841335
2841609
2841610
2841616
2841617
2841618
2841619
2841833
2841878
284288
284290
284294
2843
284676
284681
284684
284695
284757
284759
284784
284790
284793
284796
284797
284798
284799
284800
284802
284805
2849250
2849305
2849333
2849340
2849408
2849410
2849411
284942
284943
284944
2849466
2849467
2849468
2849469
2849470
2849622
284968
2849680
284971
284976
284978
284979
284980
284981
284982
2850
2850691
28526
2853
2853211
2854
2855563
2856
2857116
2857119
2857121
2857750
28580
2859464
2859467
2859468
2859470
2859598
2859601
2859615
2859617
2859618
2859622
2859624
2859625
2859626
2859628
2859639
2859677
285985
2860335
2861129
2861130
2861131
2861132
2861133
2861135
2861137
2861139
2861140
2861142
2861144
2861146
2861149
2861178
2862725
2863858
2864107
2864108
2864110
2864112
2864115
2864116
2864119
2864120
2864121
2864123
2864124
2864128
2864129
2864132
2864184
286419
2864386
2864387
2864388
2866270
2866271
2866817
2866818
2867077
2867276
2867503
2867507
2867549
2870510
2870511
2871461
2871756
2871757
2871758
2872
2876143
2876814
2876884
2877765
2877766
2878688
2879482
2879483
2879603
2879604
2879606
2879607
2880
2880014
2880015
2880619
28829
2884181
2885156
288546
2885476
288549
2885933
2887286
2890241
2890410
289074
2891240
2891356
2891357
2893118
2893593
2893595
289378
2893949
2898038
2898042
2898043
2898045
2898046
2898052
2899797
290070
290073
290074
290075
290076
290077
290137
290139
290140
290141
290143
290144
2902008
2902011
2902113
2902116
2903
2905233
29065
2906505
2906510
2906512
2906513
29073
29078
290828
2908544
2908640
29088
2909459
2909501
2909513
2909524
2909855
2909856
291029
291030
291031
291032
291033
291232
2912879
2912898
2912903
2912904
2912905
2912909
2912911
2912913
2912917
2912918
2912925
2912941
2912989
291306
2913318
2913343
2913344
2913348
2913350
2913351
2913352
2914002
2914903
2914905
29151
29158
2916
2917077
29176
2918438
2919
29190
2919509
2919510
2919511
2919512
2919513
2919514
2919515
2920
29207
29208
2922058
29227
2923
2925
2925154
2925399
2926
2926554
2926555
2927232
2927233
2927234
2927236
2927303
2927305
2927306
2927654
2927796
2927898
292790
2927974
2928
2929149
2929152
2929765
2930471
2930472
2930474
2930479
2930480
2931363
293193
293194
293196
293198
293199
2932
293205
293207
2932382
2932432
2932433
293275
2933777
2934410
2934416
2934420
2934421
2934422
2934426
2934427
2934432
2934434
2934435
2934438
2934440
2934446
2934448
2934453
2934459
2934464
2934468
2934474
2934475
2934481
2934482
2934488
2934493
2934494
2934501
2934502
2934503
2934509
2934511
2934513
2934520
2934521
2934522
2934523
2934524
2934526
2934529
2934541
2934542
2934543
2934557
2934565
2934566
2934567
2934568
2934572
2934573
2934591
2934606
2934613
2934617
2934619
2934623
2934625
2934626
2934627
2935
2936456
2936604
2937393
2937416
2938
293816
2938944
2939511
2940137
2940140
2940162
2944907
2945
2945566
2945924
2945925
2945926
2945927
2945928
2946
294744
2949694
2950
2950225
2950227
2950228
2950442
2951
2952559
2957
295837
2959
2961520
2961882
296199
2962066
2962111
2962497
2962568
2962706
2962869
2962870
2962871
2963699
2963725
2963884
2963888
2964307
29655
2965522
296587
296588
296590
2966
296656
2967348
2968077
2968501
2968506
2969
2969674
2970259
2970910
2970949
2971043
2971362
2971496
2972
2974344
2974346
2974367
297457
297465
2974948
2974952
2974960
2976463
2976538
2976774
2976937
297726
2979736
29805
298137
29818
2982376
2982803
2983578
298366
2984087
2984091
2984093
2984099
2984345
2984346
2984350
2984353
2984355
2984356
2984357
2984361
2984362
2984365
2984366
298439
298479
298485
2984886
298496
2985261
2985275
298604
29861
29875
2987748
29884
29917
299204
299206
2992872
2993662
2993663
2993742
2994320
2994700
2995216
2996
299645
2998111
299883
299886
299889
299890
299905
299907
3003273
3003276
3003318
3003487
3003490
3003917
300410
3005
300846
301224
301225
301226
301229
301231
301235
301236
3014149
3014153
3014154
3014155
3014156
3014158
3014159
3014174
3014175
3014176
3014177
3014178
3014193
3014198
3015967
3015970
3015971
3015982
3015987
3015990
301696
3016982
3018275
3019040
3019278
3019501
3019568
3020028
3020457
3021845
302453
3026050
3026054
3026302
3026303
3026304
3026305
3026306
30282
3028228
30283
3028772
30288
3028841
3028918
3029
3029278
30293
30295
30297
3030646
3030647
3030862
3031
3032086
3032621
303400
303401
303402
303405
303408
3036233
3036234
303872
3038942
3039851
3040036
3041526
304200
3042005
3042008
3042009
304220
304223
3042507
3043345
3043346
3043436
3044245
304864
3049173
3049691
3050524
30522
30532
3053446
3053586
3053587
3053594
3054900
3055487
3058205
3058207
30640
3064434
3064436
3064447
3065374
3065438
3068391
3068899
3068901
3068912
307245
3072931
3073
3075330
3075949
3076626
307678
3077
3078916
3079
3079619
3081669
3081736
3082
308597
308599
308600
308610
308616
308659
308662
3092284
3092287
3095324
309721
310047
3101565
310375
310551
310562
310565
310589
310590
310591
310592
310596
310597
3105985
310679
310759
310762
3108579
310905
310910
311201
311534
311538
311539
311540
311542
3117
311979
3120
31208
31252
31276
31321
31340
314250
314251
314509
314514
314515
314517
315347
315533
315938
316127
316137
316145
316165
316166
316173
316177
316183
316184
316191
316192
316193
316200
316203
316205
316209
316211
316213
316222
316226
316229
316231
316279
317029
3175
318097
318101
318202
318773
318790
318793
319230
319734
320166
320586
320867
32092
32099
320992
32102
32119
321427
321438
32219
32232
32243
322594
323286
323290
323294
323299
323302
323307
323310
323323
323326
323328
323337
323444
323453
324621
324623
324672
324676
324873
324889
324890
324891
32536
32570
32595
32597
326035
326149
32630
326572
327054
327391
327968
328237
328349
328360
328588
328590
328601
328605
328621
3289
329084
329442
329443
329447
329449
329474
329475
329973
330153
331095
331610
3322
333133
333350
333832
3339
333970
334415
334868
3349
33505
33640
33642
33643
33645
33649
33653
33657
33658
33659
337026
337180
337443
337941
338211
338254
338256
338423
339963
340022
340023
340024
340078
340204
340370
340371
342414
342426
342429
342586
344051
344054
34480
34488
34499
345464
345466
346063
346240
346241
346293
34764
34765
347994
34816
34821
348368
34880
348802
34884
348844
34886
349456
350068
35052
35074
350811
35084
350847
35097
35100
35110
35122
35126
35128
35137
35139
35142
35155
3516
3517
35175
3518
352263
352384
352465
353213
354441
354587
354588
355633
355634
356485
356651
356655
356656
35672
35674
35677
35679
35682
35684
35687
356926
356928
357350
358434
358437
35849
35968
360543
36055
360655
360661
360683
360693
360706
36121
36130
361426
361427
36180
362230
36321
363325
363326
363719
363788
364747
365357
365358
365363
365371
365381
365524
365525
365608
36594
36612
366456
366460
366516
366517
366588
366598
366601
366603
366608
366620
367195
36723
367565
36774
367817
367903
367905
367912
367925
368449
36881
36892
368946
36895
37029
37097
3712
3715
371681
371682
372794
372800
373002
373010
373011
373018
373042
37307
373093
37318
37319
373267
373268
373514
374047
374178
37469
37475
3750
37510
3752
37534
375454
375587
375643
376140
37621
376353
376354
376364
37641
37642
376791
378184
378357
378363
378364
378366
378370
378372
378374
378375
378381
37862
379102
37936
379510
37998
380106
380130
380131
380132
382364
382365
382366
382373
382377
382386
382387
382388
382397
382710
382717
383927
385413
385415
385419
386303
386304
387435
38760
387746
38817
388226
388232
38824
38833
38836
3885
388638
38873
388735
3888
388807
388808
388810
389326
389330
389333
39082
390832
393032
393035
393036
393037
39368
393878
39410
39414
39432
39437
39447
39449
39450
39455
394684
394690
394693
394741
394743
394750
394766
394770
394801
395592
395882
396043
396344
396345
396347
396356
396600
397033
397044
397050
397051
39714
39717
397534
397552
397554
397560
397561
397580
397582
39843
398472
398671
398679
399286
399303
399305
400142
400245
400755
400756
400838
401260
402395
402427
402429
402583
40324
40357
40409
40483
40531
405647
406827
40695
407208
407301
4081
408759
408830
408858
409302
409853
40986
410623
410738
4112
41120
412152
412153
412154
412156
412157
412158
412164
412832
41300
413064
413421
413429
413645
413847
413848
413900
413938
413940
413972
414396
41446
41457
41461
414672
414673
415975
415978
41631
416573
416578
416803
416868
417073
41793
418113
418244
418326
41875
41877
41880
41886
418907
418940
418943
418946
418974
42008
420258
420259
420260
420264
420275
420281
420283
420286
420474
420477
420540
420552
420554
420556
420558
420561
420566
420571
420640
420782
4214
422284
42254
423203
423204
423205
423206
423207
423460
424481
424482
424484
424526
424530
424539
424547
424548
424550
425264
425801
425805
425807
425808
426304
426623
426624
426625
426630
426631
426632
426633
426635
426636
426637
426638
426657
426664
426669
427311
42738
42750
427755
428034
428328
428446
428573
428574
428575
42890
429153
429241
429243
429447
429448
429456
429458
429460
429461
430713
43123
431241
431359
431364
431399
431928
432293
432297
433418
433461
433500
433501
433736
433740
433748
434030
434042
435144
435404
436017
436082
43686
437713
437714
437763
437764
437767
437768
43926
439494
439559
44056
442490
443638
443679
444102
44418
44430
44432
44440
44443
44445
44446
44447
44457
44459
444606
444607
44463
446415
447208
447210
447216
447962
4491
449101
449159
450187
4509
45100
45107
45133
451655
451658
451659
451660
451781
451786
452646
45351
453569
453764
454269
454271
454278
454282
4545
455156
455251
45576
45621
4565
45666
457359
457367
457369
457375
457380
457659
457661
457690
457694
457700
457751
457753
457824
457825
457827
45783
457833
457874
45834
458517
459333
459341
459342
459534
459535
45983
459920
461310
462884
462885
462886
462889
463189
463290
463596
463619
463620
463621
463622
463623
463624
464218
464225
464226
464227
464228
464229
464230
464231
464232
464234
464235
464236
464237
464238
464239
464240
464241
464242
464264
464267
464268
464271
464276
464277
464278
464279
46462
464988
464989
464990
465777
465792
465793
465794
46605
46700
467951
468042
46844
46947
469473
46948
46950
47071
471275
471278
471281
471943
471962
472217
472218
472219
472220
472221
472223
47278
473336
473813
473817
475233
4754
4757
476100
476440
476441
477178
47752
478118
478120
478126
478127
478130
478209
478382
478383
478388
478396
478398
47934
479643
479720
47983
481301
48140
48142
48144
48146
481542
4816
482556
482919
483047
483365
483369
483370
483524
483525
483526
483527
483528
483529
483532
4860
48708
4872
488251
488588
4897
4903
491812
49238
49239
49240
49246
49249
492565
492571
49258
49260
49261
49265
492768
4929
4931
4932
49327
493464
494514
494983
4959
497394
497490
497498
497503
497513
497733
497816
497999
498005
498006
498504
498510
498512
4992
4995
49969
49978
499907
499908
500023
500057
5002
500581
5011
501545
501546
501547
50155
501608
501609
50225
50273
502946
502949
502950
502968
503039
50342
504061
50417
5059
506036
507447
507531
507532
507767
508554
509728
509997
510453
510454
510502
510503
510609
510610
51072
51139
511742
511743
511744
512213
512228
512240
51259
513281
513285
513288
513290
51453
515354
515433
515461
515473
515477
515481
515482
515483
515487
515654
515981
516002
516040
516513
51728
517304
519231
519234
519235
519236
519237
519425
51983
51987
520318
520539
520540
52060
52066
5210
521143
521395
52241
52247
523209
524312
524315
524895
524898
524900
524917
52521
52522
52524
52527
52529
52536
525906
525907
526742
527039
527499
5278
52824
5286
52866
5288
529124
529148
529209
529245
529286
529288
529682
52970
529821
531324
53267
533365
5346
5350
536292
537204
537205
537206
540059
540482
541001
5411
5412
541227
5418
54196
54343
543857
54407
544493
544511
544694
544705
544707
545071
545382
545807
546
546229
546774
546785
547557
5480
5482
548872
548875
549204
54921
549345
549346
549347
549348
549349
549452
550474
551521
551522
552662
552671
552871
5535
5537
55403
5544
554453
5547
5548
554911
555487
555488
555490
555717
555720
555837
55585
55715
557396
557398
557399
5584
5588
559844
560165
560601
560611
5617
56195
562
56245
563648
563741
563747
563749
563750
563758
563760
566462
566467
566470
566471
566474
566475
566476
56723
569437
569439
571575
571576
571577
571579
571582
571583
571584
573649
575201
575501
575863
5763
576716
576745
576747
576748
576781
577312
5778
578961
578983
57902
57903
579062
57931
57948
5803
5804
58042
5807
581178
58159
58161
5818
582752
582758
582876
583367
584794
584795
584866
584870
584887
584890
585572
585589
585689
585852
5866
587064
5872
5874
58804
588208
588330
588331
588332
588334
588336
588352
588406
588779
591022
592011
592040
592142
59451
59474
595528
595691
596236
59669
5974
5980
59809
59812
59861
599730
60131
60205
6028
604196
604197
6052
6058
60595
6063
608155
6100
610337
610365
6105
6106
6116
6118
61334
61337
61356
61383
61384
61388
614189
6145
61452
614669
61499
61662
617170
61853
61855
61862
619266
619270
619271
619275
619276
619277
619278
620489
62067
622347
622439
622781
62283
6230
626261
626734
626736
626737
626957
627967
629682
629751
629752
629753
629754
629759
629760
629761
629763
629764
630538
631048
63136
631387
632150
633638
63409
634197
6344
6347
63515
63577
63585
6364
63675
63676
63685
637470
637492
637539
637540
637541
637542
637543
637544
639591
639604
639605
640130
641108
641205
641207
641209
641211
641229
642553
64355
643629
644165
644166
644167
644169
644174
644175
644176
644177
644178
644179
644180
644369
644973
64511
645121
64516
64518
64522
64524
645299
645351
645353
645392
645398
645452
64567
645995
646404
647144
649857
650052
650053
650286
650509
651205
651450
651451
651452
652711
652932
6549
6550
6551
655474
655661
655750
655751
655800
655801
656063
656067
656068
656070
656072
656084
65670
6573
6577
6579
658077
658118
658241
6584
658558
659331
6596
659878
661998
661999
662006
662012
662020
662072
662078
662079
663364
663693
66398
66456
66465
66466
66468
66471
66473
665100
665965
666509
6687
6689
669014
66948
670428
670430
670440
670520
670708
670797
671091
671422
672929
672932
673113
673885
676789
67781
680647
681104
6819
6837
68408
68504
68568
68574
685750
685760
685761
686318
686714
686719
686727
686729
686730
686733
686736
686737
686738
686740
687263
687264
687265
687944
687948
68886
690716
692279
692523
692525
692696
692907
692913
693117
693127
693128
693129
693140
693143
693219
693230
693294
693871
693912
693913
693924
693931
69470
6956
696133
696180
696186
696411
696727
696961
697907
697908
697909
697910
698401
698796
698872
698876
699226
699227
699229
699233
699235
699236
700680
701802
701803
701804
70189
702563
702850
702859
702861
702877
702880
702894
702897
702900
702901
702904
702905
702919
702935
702936
703023
703024
703029
703030
703031
703032
703033
703034
703037
703969
703971
70448
70450
705413
706576
707163
707597
71001
714602
714603
714605
714607
714608
714609
714610
714611
714612
71471
71516
71563
715966
715973
715980
715985
71647
71694
717073
717091
71712
717731
717894
718187
718188
71860
71861
72004
72036
72060
72063
72067
72074
72075
72079
72084
72092
72094
72103
72105
72148
722754
72407
72520
72548
72554
72677
732115
73499
73818
73915
740948
741088
741089
741090
742177
743927
744088
745345
745346
746505
746506
74861
748626
748992
749002
749004
749011
749012
749231
749232
74940
75297
75689
757434
7580
758569
758750
758755
75884
759295
759296
759326
759329
759341
760190
7612
7616
762505
763142
763493
763527
763528
763529
763927
763931
7641
764475
7646
7668
76717
767298
76760
76773
76775
76841
768831
768832
769005
769006
7698
7700
77034
77054
7729
77300
7733
77547
77925
77926
77927
77928
77929
77931
77932
7830
78397
79249
79252
795952
797268
797713
79795
798157
798158
798208
79894
79898
8014
8017
8018
8019
8020
8022
8023
8030
8032
8038
8049
8063
80886
81100
81528
81535
81638
8167
8168
81824
81843
81868
81869
81870
81918
81925
82371
8255
8260
8262
8267
82852
83219
83371
83372
83478
83538
83568
83637
83791
83794
83851
84301
84963
85417
85461
85467
856769
856786
85692
858349
858356
859418
859638
859639
859642
859643
859653
86010
86013
860588
860612
860960
862097
862254
862916
863949
864048
864306
864691
86521
86550
86556
86584
86608
86610
86611
866871
866872
866873
866874
866875
866876
866877
866878
866879
866880
866881
866882
866883
866884
866886
866887
866888
868033
868044
868093
86830
86831
86838
869566
87091
87107
87298
877583
879532
88015
880218
880219
880239
880343
880432
880613
880617
880622
881003
881006
88149
88154
88167
882823
88324
883407
883416
88352
883738
883739
883818
883828
883838
884244
88456
88552
88570
887198
88733
89044
89048
891395
89141
89248
89462
89608
89609
89913
89920
89922
89926
89929
89957
89963
90247
90248
90253
904363
904677
904825
907763
90936
90962
91041
911045
911668
91928
91979
91992
92472
92473
92475
926437
92950
92951
92952
92953
92954
92955
92956
930063
93162
932731
932923
933018
933023
933256
933798
935273
935668
935693
936128
9365
93692
937382
937756
937803
938105
93832
93931
941124
941131
941136
941140
941158
941159
941460
941927
941984
942650
94289
943228
944231
9447
945053
945687
945690
9470
947550
947578
9483
94984
9515
9541
9544
95528
95530
9555
9565
95749
9590
9593
9595
9597
9598
9606
9612
9615
9643
9644
9657
9662
96639
9666
9669
9678
96788
9685
9689
9691
9694
97021
97023
97093
9711
9720
97227
9728
9731
9733
9737
9739
97487
97488
97489
97492
9767
977818
9793
9796
979620
979659
979671
979689
979699
979701
979702
979707
979711
979712
979714
979716
979717
979759
979760
979761
979765
980140
980142
980194
98050
98051
981202
981319
98217
9823
98291
983145
983297
983301
98361
983661
983673
9838
985825
985831
985835
9860
986107
986735
9874
98922
989232
989472
990189
990294
9906
990945
990950
9913
9915
99176
992931
993582
993586
993589
993599
993604
993605
993646
9940
994334
994335
99487
9978
9986
9988
99899
999463
9995
999882
