ASV	Multi_taxID_entry	USED
ASV_10010	1695222, 71861, 1652117, 1655529, 143670, 1918384, 1691973, 1239451, 631048, 160611, 858356, 284798;284799;284802, 284797	FALSE
ASV_10151	2812485, 412153;424481	FALSE
ASV_10189	2859470, 2859464, 2859601, 2859615, 2758163, 507532, 2609230;2609422;2609423;2609424;2609425, 2609221;2609223;2609226;2609227;2609420;2609421, 2609225	FALSE
ASV_10257	1390100, 2841609, 316192;316193	FALSE
ASV_10331	2015894, 2015897, 1521551, 1922289, 1922288, 1922287, 1922287;1922290, 316203, 645386, 168745, 2841618, 2841610, 338254, 168756, 168779, 2747905, 168763, 316230, 316229, 316226, 316224, 316191, 316218, 316216, 316215, 645353, 316178;316206;2721093	FALSE
ASV_10395	1906467, 1906466, 1906494, 1825719, 642806, 1825717, 13268;1345011, 395966, 395968, 395967, 13268, 114422	FALSE
ASV_1046	1521551, 1922289, 1922288, 1922287, 1922287;1922290, 2841618, 2841610, 338254, 168779, 316229, 645353	FALSE
ASV_10470	143672, 262969;262970	FALSE
ASV_10515	2984355;2984366, 427755	FALSE
ASV_10593	1905723, 1905723;2315413, 3019568, 2968077, 2902008	FALSE
ASV_1070	1905723, 1905723;2315413, 89963, 2968077, 1918384, 262427, 107757	FALSE
ASV_10768	39450, 260685, 1905723, 1905723;2315413, 2364126, 2303287, 1655534, 2968077, 2820087, 1290334, 257771, 1614641, 257771;260685, 237470	FALSE
ASV_10817	1905723, 1905723;2315413, 89963, 2968077, 1918384, 262427, 107757	FALSE
ASV_10839	39450, 260685, 1905723, 1905723;2315413, 2364126, 2303287, 1655534, 2968077, 2820087, 1290334, 257771, 1614641, 257771;260685, 237470	FALSE
ASV_10912	1486434, 1486432;1486433, 1486436, 47934, 2575364	FALSE
ASV_10963	39450, 260685, 1905723, 1905723;2315413, 2364126, 2303287, 1655534, 2968077, 2820087, 1290334, 1918384, 257771, 1614641, 257771;260685, 237470	FALSE
ASV_1102	265540, 265540;1234815, 2302224	FALSE
ASV_11050	1766654;1884248	TRUE
ASV_11184	1169001, 1050084, 1169003;1967941, 1169003, 1169000	FALSE
ASV_11300	1010556, 1010533, 1010473;1010490;1010542	FALSE
ASV_11304	1905723, 1905723;2315413, 89963, 2968077, 1918384, 262427, 107757	FALSE
ASV_11317	301232;1606642	TRUE
ASV_11359	1191119;1285930, 1127213, 1128107	FALSE
ASV_1136	1905723, 1905723;2315413, 407301, 89963, 1886619, 2968077, 298604, 1918384, 387435, 200894, 60595	FALSE
ASV_11555	1390100, 2841609, 316192;316193	FALSE
ASV_11625	260685, 1905723, 1905723;2315413, 2364126, 2303287, 2968077, 1290334, 257771, 257771;260685	FALSE
ASV_1167	1010556, 1010533, 1010473;1010490;1010542	FALSE
ASV_11689	1695222, 71861, 1652117, 1655529, 143670, 1918384, 1691973, 1239451, 631048, 160611, 858356, 284798;284799;284802, 284797	FALSE
ASV_11691	2812485, 412153;424481	FALSE
ASV_1172	1794712, 1320744, 1320742, 1332104, 1320734, 1320732, 707737, 1320720, 1320671, 1332097, 1320670, 1320669, 1320703;1332095, 1320701, 1320699, 1320681, 1320667, 1320665, 1332091, 1320666;1320689;1320695;1320736, 707724;1081868;1320672, 545789, 1332182;1332183, 303480, 1317690;1320728;1332178, 398667;1081871, 329963, 707699, 707700, 706644, 398667, 706658, 1529414, 329963;1529421, 1529435, 1529415, 706643, 228679, 1320712, 73431, 1332093	FALSE
ASV_11744	1905833, 3075301, 236787, 1606603, 1606602, 236787;1411684, 2811676	FALSE
ASV_11747	1905723, 1905723;2315413, 2968077, 60595	FALSE
ASV_11778	156133, 284976;284978;284979;284980;284981;284982	FALSE
ASV_11857	154979, 428606, 306437, 306440, 306440;306441, 1495082	FALSE
ASV_11911	1606541, 1411661, 722754;1714387	FALSE
ASV_1194	48142, 290144, 673885, 102976, 150493, 290141;2060205, 290140, 209422, 290137, 6819, 290143, 290139	FALSE
ASV_11977	1010556, 1010533, 1010473;1010490;1010542	FALSE
ASV_1213	1606541, 1411661, 722754;1714387	FALSE
ASV_12296	51729, 225538;225539	FALSE
ASV_12507	48142, 290144, 673885, 102976, 150493, 290141;2060205, 290140, 209422, 290137, 6819, 290143, 290139	FALSE
ASV_12608	1390100, 2841609, 316192;316193	FALSE
ASV_12630	2015894, 2015897, 1521551, 1922289, 1922288, 1922287, 1922287;1922290, 316203, 645386, 168745, 2841618, 2841610, 338254, 168756, 168779, 2747905, 168763, 316230, 316229, 316226, 316224, 316191, 316218, 316216, 316215, 645353, 316178;316206;2721093	FALSE
ASV_12667	2099346, 2099345, 2099340, 497498, 497498;2099340	FALSE
ASV_12736	1905723, 1905723;2315413, 89963, 2968077, 1918384, 262427, 107757	FALSE
ASV_1277	1937694;2962706, 1937694, 2962706	FALSE
ASV_12833	260685, 2364126, 2303287, 1290334, 257771, 257771;260685	FALSE
ASV_12884	47934, 2575364, 584866, 146760, 150622, 1050096, 1050095, 1050094, 2739031, 2739030;2739031, 566470, 584795, 566471, 566467, 481301, 120300, 150597, 150623	FALSE
ASV_12903	260685, 2364126, 2303287, 1641413, 1641414, 3019568, 1290334, 1918384, 2812033, 257771, 1124241, 257771;260685	FALSE
ASV_12912	39450, 260685, 1905723, 1905723;2315413, 2364126, 2303287, 1655534, 2968077, 2820087, 1290334, 1918384, 257771, 1614641, 257771;260685, 237470	FALSE
ASV_130	1695222, 71861, 1652117, 1655529, 143670, 1691973, 1239451, 631048, 160611, 858356, 284798;284799;284802	FALSE
ASV_13024	1905723, 1905723;2315413, 89963, 2968077, 1918384, 262427, 107757, 237448	FALSE
ASV_13073	39450, 260685, 1905723, 1905723;2315413, 2364126, 2303287, 89963, 3019568, 1655534, 2968077, 2820087, 1290334, 257771, 1614641, 257771;260685, 237470	FALSE
ASV_13082	1905723, 1905723;2315413, 3019568, 2968077, 2902008	FALSE
ASV_13202	260685, 2364126, 2303287, 1290334, 257771, 257771;260685	FALSE
ASV_13291	1486434, 1486432;1486433, 1486436, 47934, 2575364	FALSE
ASV_13388	1905723, 1905723;2315413, 89963, 2968077, 1918384, 262427, 107757	FALSE
ASV_13444	1606541, 1411661, 722754;1714387	FALSE
ASV_13459	260685, 2364126, 2303287, 1290334, 257771, 257771;260685	FALSE
ASV_13488	1905723, 1905723;2315413, 89963, 447210, 2968077, 1918384, 262427, 107757	FALSE
ASV_13494	1607973, 1607966;1607967;1607968;1607971;1607974	FALSE
ASV_13508	1162089;1193138, 1162089	FALSE
ASV_13518	1905833, 236787, 464225, 1606603, 1606602, 236787;1411684, 2811676	FALSE
ASV_13653	1905723, 1905723;2315413, 89963, 447210, 2968077, 1918384, 262427, 107757	FALSE
ASV_13674	1905723, 1905723;2315413, 89963, 2968077, 1918384, 262427, 107757	FALSE
ASV_13724	1335122, 555720, 265616, 216777, 216777;1244697, 1244698	FALSE
ASV_13735	1010556, 1010533, 1010473;1010490;1010542	FALSE
ASV_13768	1050096, 1050095, 1050094, 2739031, 2739030;2739031, 566470, 584795, 566471, 566467	FALSE
ASV_13822	83791, 1813674, 585852, 3120, 111617, 3117;153908, 75689	FALSE
ASV_13849	1905723, 1905723;2315413, 89963, 2968077, 1918384, 262427, 107757	FALSE
ASV_13929	1607973, 1607966;1607967;1607968;1607971;1607974	FALSE
ASV_13949	260685, 2364126, 2303287, 1290334, 257771, 35672, 257771;260685	FALSE
ASV_13962	1521551, 1922289, 1922288, 1922287, 1922287;1922290, 1390100, 2841609, 2841618, 2841610, 557396, 557399, 557398, 338254, 168779, 316229, 316192;316193, 645353	FALSE
ASV_13963	72677, 1764082, 237470, 2945, 1905723, 1905723;2315413, 1226012, 39449, 2496629, 2364126, 1886619, 71860, 1764932, 447210, 2968077, 237471, 1290334, 1918384	FALSE
ASV_13980	39450, 260685, 1905723, 1905723;2315413, 2364126, 2303287, 2968077, 2820087, 1290334, 1918384, 257771, 257771;260685, 237470	FALSE
ASV_13994	639591, 639605, 86556, 71471, 2934522, 2934521, 86556;639591;1460409, 1460409;1460412, 86556;639591	FALSE
ASV_14002	1905723, 1905723;2315413, 89963, 2968077, 142110, 1918384, 2699462, 262427, 1003175, 107757	FALSE
ASV_14024	143670, 1695222, 71861, 1652117, 1655529, 1918384, 1691973, 1239451, 631048, 160611, 858356, 284798;284799;284802, 284797	FALSE
ASV_14070	2984355;2984366, 2959, 71861, 427755	FALSE
ASV_1416	1311521, 516040;1131439	FALSE
ASV_14178	260685, 2292165, 2364126, 2303287, 2219862, 2984361, 2984353, 2984350, 2984346, 2984362, 2984345, 1641596, 1290334, 1918384, 257771, 1186237, 262427, 926437, 107757, 257771;260685	FALSE
ASV_1420	1127222, 1127216, 1127217, 1127223, 1127220, 1128110, 65581, 1127216;1127222, 1286074	FALSE
ASV_14258	2592063, 237449, 268820;1400434;1400435, 268821, 268820, 268820;463290, 268820;268821	FALSE
ASV_14288	1606541, 1411661, 722754;1714387	FALSE
ASV_14289	156133, 284976;284978;284979;284980;284981;284982	FALSE
ASV_14421	1695222, 71861, 1652117, 1655529, 143670, 1918384, 1691973, 1239451, 631048, 160611, 858356, 284798;284799;284802	FALSE
ASV_14434	2843, 267567, 1764970, 1537841, 267567;1514174, 1503408, 1198651, 1198650, 1030545, 1030544, 1030542, 1030541, 1030540, 866888, 866887, 866886, 866884, 866883, 866882, 866881, 866880, 866879, 866878, 866877, 866876, 866874;866875, 866873, 866872, 866871, 619278, 619277, 619276, 619275, 2843;267567;439494, 216762;267567;1030547;1030548;1030549, 41457	FALSE
ASV_14465	1905833, 236787, 1606603, 1606602, 236787;1411684, 2811676	FALSE
ASV_14574	2812598, 1764240, 464278, 156122;284971, 2302894, 2302891, 2302889, 2302888, 2302887, 1907930;2302880, 1764223, 464277, 464279, 2302898, 2302895;2302896, 2302882, 2302881, 2661830, 2302890, 2302897, 2661826, 2302893, 2661831, 2302879, 2661827	FALSE
ASV_14652	1905723, 1905723;2315413, 89963, 2968077, 1918384, 262427, 107757	FALSE
ASV_14653	1905723, 1905723;2315413, 89963, 3019568, 2968077, 2902008, 1519424, 1918384, 262427, 107757	FALSE
ASV_14666	1905723, 1905723;2315413, 89963, 2923, 2968077, 192219, 1918384, 262427, 107757	FALSE
ASV_1467	1311521, 516040;1131439	FALSE
ASV_14670	2927233, 271692, 89963, 407301, 1965466, 3003917, 699226, 2984361, 2984353, 2984356, 2984355, 699233, 2861142, 2984350, 2984355;2984366, 2984365, 699229, 2984357, 699227, 2984346, 699235, 2984362, 2984345, 1886619, 1641413, 1641414, 2950227, 2316910, 1701531, 1286876, 673113, 2591690, 2591689, 298604, 1286872, 1918384, 2812033, 2811693, 106537, 1122278, 107758, 1407743, 1610688, 268819, 387435, 699236, 650052, 160610, 66471, 2137954, 457367, 200894, 160603, 60595	FALSE
ASV_14825	1695222, 71861, 1652117, 1886619, 1655529, 143670, 1691973, 1239451, 2684371, 2684370, 2684369, 631048, 160611, 858356, 2137954, 160612, 284798;284799;284802, 66473	FALSE
ASV_14899	1905723, 1905723;2315413, 2968077, 1918384, 2699462, 35672, 160603	FALSE
ASV_14928	1905723, 1905723;2315413, 89963, 2968077, 1918384, 262427, 107757	FALSE
ASV_14969	1905723, 1905723;2315413, 633638, 1034652, 89963, 2968077, 1918384, 262427, 107757	FALSE
ASV_15040	2294129, 2302269, 2302267, 2302266, 1766654;1884248, 1764649, 270628, 303402, 1181720	FALSE
ASV_15210	1390100, 2841609, 316192;316193	FALSE
ASV_15274	1764965, 1573495, 89957, 160607, 160607;1573495	FALSE
ASV_15340	35677, 35677;44463	FALSE
ASV_15390	447208, 447208;497816	FALSE
ASV_15404	1695222, 71861, 1652117, 1655529, 143670, 1691973, 1239451, 631048, 160611, 858356, 284798;284799;284802	FALSE
ASV_15623	39450, 260685, 1905723, 1905723;2315413, 2364126, 2303287, 1655534, 2968077, 2820087, 1290334, 1918384, 257771, 1614641, 257771;260685, 237470	FALSE
ASV_15642	270537, 8262;8267, 56723, 195632, 195643, 244455, 94984, 27771, 508554, 8255, 1161360, 274803, 8262, 171736, 1367090, 428446, 1411154, 1333648, 202602, 237618, 141887, 146811, 482919, 334415, 236585, 555488, 531324, 555490, 1154654, 119718, 236586, 1182846, 555487, 13604, 459920, 1609601, 172659, 195623, 195612, 428034, 641108, 274714, 1156143, 163143, 242929, 242928, 1099869, 941984, 28829, 34816, 455156, 143345, 244454, 141886, 8260, 235072	FALSE
ASV_15687	39450, 260685, 1905723, 1905723;2315413, 2364126, 2303287, 1655534, 2968077, 2820087, 1290334, 257771, 1614641, 257771;260685, 237470	FALSE
ASV_15690	1905723, 1905723;2315413, 89963, 2968077, 1918384, 262427, 107757	FALSE
ASV_1570	1486434, 1486432;1486433, 47934, 2575364	FALSE
ASV_15731	2499530, 308623, 401954;661984;661985, 401953	FALSE
ASV_15790	324889, 2598532, 3016982, 3020457, 1683870, 2927305, 2927306, 1519773, 2836782, 2836781, 2836780, 2836778, 2836777, 2836776, 2836774;2836775, 2836773, 2836769, 2836768, 2836762, 2836761, 2836760, 2836758, 2836757, 1196008, 2836748, 1196007, 2778049, 2183544, 2836747, 324891, 1809752, 1809752;2836770, 307678	FALSE
ASV_15816	2934433;2934510	TRUE
ASV_1590	1905723, 1905723;2315413, 89963, 2968077, 1918384, 262427, 107757	FALSE
ASV_15913	2737750, 2737749, 2592178, 2592175;2592176, 2592173, 1764895, 1764892, 464227	FALSE
ASV_15917	2598556, 2598577, 1212512, 1212511, 3033743, 2913346, 2913347, 649615, 1068818, 1519609, 1212513, 2836751, 2836752;2913349	FALSE
ASV_15946	1905723, 1905723;2315413, 2968077, 2699462, 1003175	FALSE
ASV_15987	1606541, 1411661, 722754;1714387	FALSE
ASV_16016	2592063, 237449, 268820;1400434;1400435, 268821, 268820, 268820;463290, 268820;268821	FALSE
ASV_16041	156133, 284976;284978;284979;284980;284981;284982, 1764142, 464276, 41886	FALSE
ASV_16074	1606541, 172717, 1411662, 1411661, 91992, 722754;1714387	FALSE
ASV_16088	2812485, 412153;424481	FALSE
ASV_1612	2812485, 412153;424481	FALSE
ASV_16157	1905723, 1905723;2315413, 89963, 2968077, 142110, 1918384, 2699462, 262427, 1003175, 107757	FALSE
ASV_16183	2984355;2984366, 427755	FALSE
ASV_1622	1010556, 1010533, 1010473;1010490;1010542	FALSE
ASV_16255	1905723, 1905723;2315413, 89963, 2968077, 192219, 1918384, 262427, 107757	FALSE
ASV_16276	224708, 373995;481756, 481756, 329022, 224707, 329023, 278164, 34773	FALSE
ASV_16286	1864535, 500023, 316177, 499908, 499907, 2837385, 316211, 338256, 168785, 316213, 316177;316209;316211, 316184;316205, 645392	FALSE
ASV_1630	6596, 1920008, 55715, 282286, 1177065, 380106, 367565, 462889, 2602924, 367565;368946, 358437, 990945, 2762064, 138984	FALSE
ASV_16354	1905723, 1905723;2315413, 89963, 2968077, 1918384, 262427, 107757	FALSE
ASV_16363	1631190, 1239450, 33658;2611280	FALSE
ASV_16452	1905723, 1905723;2315413, 89963, 2968077, 1918384, 262427, 107757	FALSE
ASV_16453	1905723, 1905723;2315413, 89963, 2968077, 1918384, 262427, 107757	FALSE
ASV_16458	1010554, 1010507, 1010474;1010503;1010513;1010526	FALSE
ASV_16467	1905723, 1905723;2315413, 89963, 2219862, 2968077, 1918384, 262427, 107757	FALSE
ASV_16468	2919510;2919511, 2919509	FALSE
ASV_16533	1905833, 236787, 1606603, 1606602, 236787;1411684, 2811676	FALSE
ASV_16545	1905723, 1905723;2315413, 89963, 2219862, 2984361, 2984353, 2984350, 2984346, 2984362, 2984345, 1641596, 2968077, 60595, 1918384, 262427, 107757, 244960	FALSE
ASV_16562	1905723, 1905723;2315413, 89963, 407301, 2968077, 1918384, 262427, 107757	FALSE
ASV_16660	1905723, 1905723;2315413, 89963, 2968077, 142110, 1918384, 2699462, 262427, 1003175, 107757	FALSE
ASV_16664	2767590, 1390100, 2841609, 168759, 316173, 316166, 316192;316193, 316183, 2721091, 316165	FALSE
ASV_16678	470415, 2488326, 2926811, 760129, 367449;470415, 2582925	FALSE
ASV_16686	260685, 2364126, 2303287, 1290334, 257771, 257771;260685	FALSE
ASV_16687	1695222, 71861, 1652117, 1655529, 143670, 1918384, 1691973, 1239451, 631048, 160611, 858356, 284798;284799;284802, 284797	FALSE
ASV_16697	1311521, 516040;1131439	FALSE
ASV_16699	1905723, 1905723;2315413, 89963, 2968077, 1918384, 262427, 107757	FALSE
ASV_1671	2053927, 2053926, 1675616, 1675619, 2934438, 2871756, 2841288, 2871758, 2871757, 2841290, 2811312, 2841288;2870510, 1675621, 1675622, 1131995, 1131993, 1137987, 378370, 378366, 378374, 1210002, 1209999, 382717, 1209997, 1209996, 378375, 2589650, 715985, 717731, 378372, 115846, 378357, 2934619, 2934453	FALSE
ASV_16744	1905833, 236787, 1606603, 1606602, 236787;1411684, 2811676	FALSE
ASV_16748	260685, 2364126, 2303287, 1290334, 257771, 257771;260685	FALSE
ASV_16806	1695222, 71861, 1652117, 1655529, 143670, 1691973, 1239451, 631048, 160611, 858356, 284798;284799;284802	FALSE
ASV_16820	2015894, 2015897, 1521551, 1922289, 1922288, 1922287, 1922287;1922290, 316203, 645386, 168745, 2841618, 2841610, 338254, 168756, 168779, 2747905, 168763, 316230, 316229, 316226, 316224, 316191, 316218, 316216, 316215, 645353, 316178;316206;2721093	FALSE
ASV_16841	1905723, 1905723;2315413, 225107, 89963, 1286876, 2968077, 1874130, 1918384, 262427, 156230, 107757	FALSE
ASV_16967	1905833, 236787, 1606603, 1606602, 236787;1411684, 2811676	FALSE
ASV_17157	1905723, 1905723;2315413, 89963, 2968077, 1918384, 262427, 107757	FALSE
ASV_17172	1695222, 71861, 1652117, 1655529, 143670, 1691973, 1239451, 631048, 160611, 858356, 284798;284799;284802	FALSE
ASV_17188	39450, 260685, 1905723, 1905723;2315413, 2364126, 2303287, 2968077, 2820087, 1290334, 257771, 1614641, 257771;260685, 237470	FALSE
ASV_172	1521551, 1922289, 1922288, 1922287, 1922287;1922290, 1390100, 2841609, 2841618, 2841610, 557396, 557399, 557398, 338254, 168779, 316229, 316192;316193, 645353	FALSE
ASV_17242	2056129;2056130, 2056128	FALSE
ASV_17255	1905723, 1905723;2315413, 1428570, 89963, 1695222, 71861, 1652117, 2962066, 1679438, 1678892, 1655529, 1643343, 2968077, 143670, 1519423, 2959, 1918384, 1691973, 1129410, 1239451, 1196158, 1196157, 631048, 160611, 858356, 651450, 289378, 284798;284799;284802, 244960, 310565	FALSE
ASV_17311	1050089, 1050096, 1050095, 1050094, 2739031, 2739030;2739031, 566470, 584795, 566471, 566467	FALSE
ASV_1733	1905723, 1905723;2315413, 89963, 2968077, 1918384, 262427, 107757	FALSE
ASV_17389	1905723, 1905723;2315413, 89963, 2968077, 1918384, 262427, 107757	FALSE
ASV_17438	1905723, 1905723;2315413, 89963, 2968077, 1918384, 262427, 107757	FALSE
ASV_17475	316178;316206;2721093	TRUE
ASV_17506	1521551, 1922289, 1922288, 1922287, 1922287;1922290, 1390100, 2841609, 2841618, 2841610, 557396, 557399, 557398, 338254, 168779, 316229, 316192;316193, 645353	FALSE
ASV_1755	342426;2860335, 342426	FALSE
ASV_17554	163663;238910	TRUE
ASV_1760	1302792, 220648, 2934475;2934481;2934482, 220647	FALSE
ASV_17623	1294199, 2653978, 2653824;2653825, 2653823, 88015, 2748857, 2748856, 2748855	FALSE
ASV_17686	260685, 2364126, 2303287, 1290334, 257771, 257771;260685	FALSE
ASV_17744	3117, 932731, 63409, 585852, 3117;63409, 2891240, 546229, 83794, 244875, 135247, 2835745	FALSE
ASV_17852	1695222, 71861, 1652117, 1655529, 143670, 1691973, 1239451, 631048, 160611, 858356, 284798;284799;284802	FALSE
ASV_17903	2909185, 86043, 880215, 2909184, 2909183, 2909180, 2910003, 2909179, 2909178, 2909177, 2909176, 2909174, 2910002, 2910001, 2910000, 2909182, 645345, 86043;645345	FALSE
ASV_17931	1390100, 2841609, 316192;316193	FALSE
ASV_17998	1905723, 1905723;2315413, 89963, 2968077, 1918384, 262427, 107757	FALSE
ASV_18154	1010556, 1010533, 1010473;1010490;1010542	FALSE
ASV_18162	1695222, 71861, 1652117, 1655529, 143670, 1918384, 1691973, 1239451, 631048, 160611, 858356, 284798;284799;284802, 284797	FALSE
ASV_18169	265524;281058, 265524	FALSE
ASV_18200	1286872, 260685, 1428570, 2364126, 2303287, 407301, 89963, 1886619, 298604, 1290334, 1519423, 1918384, 257771, 1129410, 1196158, 1196157, 387435, 35672, 257771;260685, 200894, 60595	FALSE
ASV_18217	1905723, 1905723;2315413, 89963, 2968077, 1918384, 262427, 107757	FALSE
ASV_18235	1905723, 1905723;2315413, 633638, 1034652, 89963, 407301, 2968077, 192219, 1918384, 262427, 107757	FALSE
ASV_18387	1695222, 71861, 1652117, 1655529, 143670, 1691973, 1239451, 631048, 160611, 858356, 284798;284799;284802	FALSE
ASV_18389	1905723, 1905723;2315413, 2968077, 192219	FALSE
ASV_18392	1905723, 1905723;2315413, 89963, 407301, 2968077, 1918384, 262427, 107757	FALSE
ASV_18466	260685, 2364126, 2303287, 1290334, 257771, 257771;260685	FALSE
ASV_18516	1010556, 1010533, 1010473;1010490;1010542	FALSE
ASV_18526	48142, 290144, 673885, 102976, 150493, 290141;2060205, 290140, 209422, 290137, 6819, 290143, 290139	FALSE
ASV_18548	1486434, 1486432;1486433, 47934, 2575364	FALSE
ASV_18727	1905723, 1905723;2315413, 89963, 2968077, 1918384, 262427, 107757	FALSE
ASV_18771	1010556, 1010533, 1010473;1010490;1010542	FALSE
ASV_18832	1905723, 1905723;2315413, 633638, 1034652, 89963, 407301, 2968077, 1918384, 262427, 107757	FALSE
ASV_18849	1010554, 1010507, 1010474;1010503;1010513;1010526	FALSE
ASV_18918	1905723, 1905723;2315413, 89963, 2968077, 142110, 1918384, 2699462, 262427, 1003175, 107757	FALSE
ASV_19005	2812485, 424542, 412153;424481	FALSE
ASV_1914	1521551, 1922289, 1922288, 1922287, 1922287;1922290, 2841618, 2841610, 338254, 168779, 316229, 645353	FALSE
ASV_19224	260685, 2364126, 2303287, 1290334, 257771, 257771;260685	FALSE
ASV_19246	705413, 89963, 1695222, 71861, 1652117, 60595, 1655529, 143670, 1691973, 1239451, 1186237, 631048, 160611, 858356, 284798;284799;284802, 244961	FALSE
ASV_19253	1905723, 1905723;2315413, 89963, 2968077, 1918384, 262427, 107757	FALSE
ASV_19368	1905833, 236787, 464225, 1606603, 1606602, 236787;1411684, 2811676	FALSE
ASV_19449	48142, 290144, 673885, 102976, 150493, 290141;2060205, 290140, 209422, 290137, 6819, 290143, 290139	FALSE
ASV_19465	1521551, 1922289, 1922288, 1922287, 1922287;1922290, 2841618, 2841610, 338254, 168779, 316229, 645353	FALSE
ASV_195	44446, 3030646, 1804765;3030646, 1073398, 237457, 476440, 658118, 1155431, 1764935, 1606687, 655801, 2302160, 2302159	FALSE
ASV_19565	1905833, 236787, 1606603, 1606602, 236787;1411684, 2811676	FALSE
ASV_19629	1162085, 1162089;1193138, 1162089	FALSE
ASV_19647	181122;2315894	TRUE
ASV_19682	1783581;1783582;1783583;1783584, 1200910	FALSE
ASV_19727	2812485, 412153;424481	FALSE
ASV_19748	237449, 268820;1400434;1400435, 268821, 268820, 268820;463290, 268820;268821	FALSE
ASV_19793	39450, 260685, 1905723, 1905723;2315413, 2364126, 2303287, 1655534, 2968077, 2820087, 1290334, 257771, 1614641, 257771;260685, 237470	FALSE
ASV_19803	143672, 262969;262970	FALSE
ASV_19878	1905723, 1905723;2315413, 89963, 2968077, 142110, 1918384, 2699462, 262427, 1003175, 107757	FALSE
ASV_19926	1905723, 1905723;2315413, 89963, 2968077, 1918384, 262427, 107757, 237448	FALSE
ASV_20116	1607973, 1607966;1607967;1607968;1607971;1607974, 1655524	FALSE
ASV_20134	48142, 290144, 673885, 102976, 150493, 290141;2060205, 290140, 209422, 290137, 6819, 290143, 290139	FALSE
ASV_20189	2926, 2932, 2925, 1126604, 1126602, 1126601, 1041877, 1041877;1126601;1126602;1126603;1126604, 1126608, 1126610, 1126608;1126610, 1126605;1126607;1126608;1126609;1126610	FALSE
ASV_20244	39450, 260685, 1905723, 1905723;2315413, 2364126, 2303287, 1655534, 2968077, 2820087, 1290334, 257771, 1614641, 257771;260685, 237470	FALSE
ASV_20245	2812485, 412153;424481	FALSE
ASV_20252	1905723, 1905723;2315413, 89963, 2968077, 1918384, 262427, 107757	FALSE
ASV_20395	1905723, 1905723;2315413, 2968077	FALSE
ASV_20522	1606541, 172717, 1411662, 1411661, 91992, 722754;1714387	FALSE
ASV_20587	1010554, 1010507, 1010474;1010503;1010513;1010526	FALSE
ASV_20628	1010556, 1010533, 1010473;1010490;1010542	FALSE
ASV_2066	2812485, 412153;424481	FALSE
ASV_20697	1695222, 71861, 1652117, 1655529, 143670, 1691973, 1239451, 439559, 631048, 160611, 858356, 284798;284799;284802	FALSE
ASV_20701	181122;2315894	TRUE
ASV_20735	1010556, 1010533, 1010473;1010490;1010542	FALSE
ASV_21004	1905723, 1905723;2315413, 89963, 2968077, 1918384, 262427, 107757	FALSE
ASV_21078	260685, 2364126, 2303287, 1641413, 1641414, 3019568, 1290334, 1918384, 2812033, 257771, 1124241, 257771;260685	FALSE
ASV_21094	1486434, 1486432;1486433, 47934, 2575364	FALSE
ASV_21123	260685, 2364126, 2303287, 1290334, 257771, 257771;260685	FALSE
ASV_21161	1695222, 71861, 1652117, 1655529, 143670, 1691973, 1239451, 439559, 631048, 160611, 858356, 284798;284799;284802	FALSE
ASV_21191	48142, 290144, 673885, 102976, 150493, 290141;2060205, 290140, 209422, 290137, 6819, 290143, 290139	FALSE
ASV_21207	2594217, 2558024, 2558023, 2558022, 643629, 2491349, 2506143, 1132301, 1104407, 2040519, 2040458, 1431835, 2040457, 2040456, 1431828, 2772652, 2962111, 2859677, 670428, 1431828;2729988;2729990;2729991;2729992;2729993, 706576;1805947, 44432;1132301;1431824, 1132302, 1339087, 1238239, 1431824, 44432, 2729989, 2729993, 2040456;2040457, 2758938, 44430	FALSE
ASV_2122	1905723, 1905723;2315413, 2968077	FALSE
ASV_2127	451786, 420275, 2301945, 2301967, 2301975, 2301983, 2301981, 2301969, 2301976, 2301970, 2301965, 2301979, 2301968, 1762025, 2301947;2301973, 2301962, 2301946, 2301980, 2301949, 2301954, 2301978, 2301961, 2301943, 2301950, 2301985	FALSE
ASV_21320	260685, 2364126, 2303287, 1290334, 257771, 257771;260685	FALSE
ASV_21385	1050096, 1050095, 1050094, 2739031, 2739030;2739031, 566470, 584795, 566471, 566467	FALSE
ASV_21564	90936, 299905, 415975, 90936;859642;859643, 162275, 859643, 859642;859643, 859642	FALSE
ASV_21597	260685, 2364126, 2303287, 1290334, 257771, 257771;260685	FALSE
ASV_21612	1050096, 1050095, 1050094, 2739031, 2739030;2739031, 566470, 584795, 566471, 566467	FALSE
ASV_2165	260685, 2364126, 2303287, 1290334, 257771, 257771;260685	FALSE
ASV_21725	33658;2611280	TRUE
ASV_21771	2302077, 2302083, 2302080, 2302267, 2302266, 2302204, 1766654;1884248, 137466, 1242269, 1181720, 1034817	FALSE
ASV_21786	1010554, 1010507, 1010474;1010503;1010513;1010526	FALSE
ASV_2191	1905723, 1905723;2315413, 2968077	FALSE
ASV_21934	2926, 2932, 2925, 1126604, 1126602, 1126601, 1041877, 1041877;1126601;1126602;1126603;1126604, 1126608, 1126610, 1126608;1126610, 1126605;1126607;1126608;1126609;1126610	FALSE
ASV_21970	1695222, 71861, 1652117, 1655529, 143670, 1691973, 1239451, 631048, 160611, 858356, 284798;284799;284802	FALSE
ASV_22025	2547616;2547617	TRUE
ASV_22037	1905723, 1905723;2315413, 89963, 2968077, 1918384, 262427, 107757	FALSE
ASV_22066	1521551, 1922289, 1922288, 1922287, 1922287;1922290, 1390100, 2841609, 2841618, 2841610, 557396, 557399, 557398, 338254, 168779, 316229, 316192;316193, 645353	FALSE
ASV_22118	1486434, 1486432;1486433, 47934, 566462, 2575364	FALSE
ASV_22130	1126604, 1126602, 1126603, 1126601, 1041877, 1041877;1126602;1126604, 1041877;1126604, 1041877;1126601;1126602;1126604	FALSE
ASV_22156	1695222, 71861, 1652117, 1655529, 143670, 1691973, 1239451, 631048, 160611, 858356, 284798;284799;284802	FALSE
ASV_22220	1905723, 1905723;2315413, 89963, 2968077, 1918384, 262427, 107757	FALSE
ASV_22406	2927233, 271692, 89963, 407301, 1965466, 3003917, 699226, 2984361, 2984353, 2984356, 2984355, 699233, 2861142, 2984350, 2984355;2984366, 2984365, 699229, 2984357, 699227, 2984346, 699235, 2984362, 2984345, 1886619, 1641413, 1641414, 2950227, 2316910, 1701531, 1286876, 673113, 2591689, 298604, 1286872, 1918384, 2812033, 2811693, 106537, 1122278, 107758, 1407743, 1610688, 268819, 387435, 699236, 650052, 160610, 66471, 2137954, 200894, 160603, 60595	FALSE
ASV_22436	1010487;1010569, 1010567;1010568, 1010543	FALSE
ASV_22654	2812485, 412153;424481	FALSE
ASV_22709	143672, 262969;262970	FALSE
ASV_22775	1695222, 71861, 1652117, 1655529, 143670, 1691973, 1239451, 631048, 160611, 858356, 284798;284799;284802	FALSE
ASV_22792	316203, 168756, 316226, 316191, 316178;316206;2721093	FALSE
ASV_22893	1010556, 1010533, 1010473;1010490;1010542	FALSE
ASV_23071	1486434, 1486432;1486433, 47934, 2575364	FALSE
ASV_23129	1606541, 1411661, 722754;1714387	FALSE
ASV_23296	1294199, 2653978, 2653824;2653825, 2653823, 88015, 2748857, 2748856, 2748855	FALSE
ASV_23305	2589021, 178342, 178341, 41300, 2579142, 619271, 619270, 225408, 221626;265276;265277, 1032426, 1032435, 614189, 1032428, 1032433, 1032441, 1032429;1032438, 1032427;1032437;1032439, 1032432;1032440, 1032430, 1032436, 1032431, 1032434	FALSE
ASV_23336	2927233, 271692, 89963, 407301, 1965466, 3003917, 699226, 2984361, 2984353, 2984356, 2984355, 699233, 2861142, 2984350, 2984355;2984366, 2984365, 699229, 2984357, 699227, 2984346, 699235, 2984362, 2984345, 1886619, 1641413, 1641414, 2950227, 2316910, 1701531, 1286876, 673113, 2591689, 298604, 1286872, 1918384, 2812033, 2811693, 106537, 1122278, 107758, 1407743, 1610688, 268819, 387435, 699236, 650052, 160610, 66471, 2137954, 200894, 160603, 60595	FALSE
ASV_23339	39450, 1806893, 1695222, 71861, 1652117, 1886619, 447210, 1655529, 2820087, 143670, 2591690, 1918384, 1691973, 1239451, 631048, 160611, 262427, 858356, 107757, 237470, 284798;284799;284802	FALSE
ASV_23442	1905723, 1905723;2315413, 2968077	FALSE
ASV_23579	1905723, 1905723;2315413, 633638, 1034652, 89963, 2968077, 1918384, 262427, 107757	FALSE
ASV_23622	143670, 106543, 1691974, 1695222, 71861, 1652117, 1655535, 1655529, 1918384, 1691973, 1239451, 631048, 160611, 858356, 284798;284799;284802, 284797	FALSE
ASV_23639	1905723, 1905723;2315413, 89963, 3019568, 2968077, 2902008, 1519424, 1918384, 262427, 107757	FALSE
ASV_23648	1695222, 71861, 1652117, 268827, 1655529, 143670, 1691973, 1239451, 631048, 160611, 858356, 284798;284799;284802	FALSE
ASV_2366	1905723, 1905723;2315413, 2968077	FALSE
ASV_23835	260685, 2364126, 2303287, 1290334, 257771, 257771;260685	FALSE
ASV_23954	1631190, 1239450, 33658;2611280	FALSE
ASV_23966	260685, 2364126, 2303287, 1290334, 257771, 257771;260685	FALSE
ASV_23979	2926, 2932, 2925, 1126604, 1126602, 1126601, 1041877, 1041877;1126601;1126602;1126603;1126604, 1126608, 1126610, 1126608;1126610, 1126605;1126607;1126608;1126609;1126610	FALSE
ASV_240	1864535, 500023, 316177, 499908, 499907, 2837385, 316211, 338256, 168785, 316213, 316177;316209;316211, 316184;316205, 645392	FALSE
ASV_24034	260685, 2364126, 2303287, 1290334, 257771, 257771;260685	FALSE
ASV_24150	1390100, 2841609, 316192;316193	FALSE
ASV_24159	2927233, 271692, 89963, 407301, 1965466, 3003917, 699226, 2984361, 2984353, 2984356, 2984355, 699233, 2861142, 2984350, 2984355;2984366, 2984365, 699229, 2984357, 699227, 2984346, 699235, 2984362, 2984345, 1886619, 1641413, 1641414, 2950227, 2316910, 1701531, 1286876, 673113, 2591689, 298604, 1286872, 1918384, 2812033, 2811693, 106537, 1122278, 107758, 1407743, 1610688, 268819, 387435, 699236, 650052, 160610, 66471, 2137954, 200894, 160603, 60595	FALSE
ASV_24163	1695222, 71861, 1652117, 1655529, 143670, 1918384, 1691973, 1239451, 631048, 160611, 858356, 284798;284799;284802, 284797	FALSE
ASV_24184	1390100, 2841609, 316192;316193	FALSE
ASV_2421	1403701, 2744121, 2744119, 2744116, 2744112;2744113;2744114, 2744111, 1303913	FALSE
ASV_24246	1390100, 2841609, 316192;316193	FALSE
ASV_24297	260685, 2364126, 2303287, 1290334, 257771, 257771;260685	FALSE
ASV_24300	1631190, 1239450, 33658;2611280	FALSE
ASV_24369	2812485, 412153;424481	FALSE
ASV_24467	1695222, 71861, 1652117, 1655529, 143670, 1918384, 1691973, 1239451, 631048, 160611, 858356, 284798;284799;284802, 284797	FALSE
ASV_24475	2015894, 2015897, 1521551, 1922289, 1922288, 1922287, 1922287;1922290, 316203, 645386, 168745, 2841618, 2841610, 338254, 168756, 168779, 2747905, 168763, 316230, 316229, 316226, 316224, 316191, 316218, 316216, 316215, 645353, 316178;316206;2721093	FALSE
ASV_2454	180941, 1295634, 416578, 1050084, 1050079, 1050077, 1967940, 1168997;1967940, 1168999, 1168997, 1892383, 641209, 641207	FALSE
ASV_24546	2812485, 412153;424481, 871236	FALSE
ASV_24611	1010556, 1010533, 1010473;1010490;1010542	FALSE
ASV_24726	89963, 1806893, 1695222, 71861, 1652117, 1886619, 447210, 1655529, 143670, 2591690, 142110, 1918384, 1691973, 1239451, 631048, 160611, 262427, 858356, 107757, 284798;284799;284802	FALSE
ASV_24730	1606541, 1411661, 722754;1714387	FALSE
ASV_24737	109897, 1983341, 109897;1983341, 693117, 252700	FALSE
ASV_24843	1905723, 1905723;2315413, 89963, 2968077, 142110, 1918384, 2699462, 262427, 1003175, 107757	FALSE
ASV_2491	2919510;2919511, 2919509	FALSE
ASV_24937	1521551, 1922289, 1922288, 1922287, 1922287;1922290, 1390100, 2841609, 2841618, 2841610, 557396, 557399, 557398, 338254, 168779, 316229, 316192;316193, 645353	FALSE
ASV_24990	1905723, 1905723;2315413, 407301, 89963, 2968077, 298604, 1918384, 387435, 237448, 200894, 60595	FALSE
ASV_24996	1010556, 1010533, 1010473;1010490;1010542	FALSE
ASV_2509	1695222, 71861, 1652117, 1655529, 143670, 1691973, 1239451, 439559, 631048, 160611, 858356, 284798;284799;284802	FALSE
ASV_25090	2594217, 2558024, 2558023, 2558022, 643629, 2491349, 2506143, 1132301, 1104407, 2040519, 2040458, 1431835, 2040457, 2040456, 1431828, 2772652, 2962111, 2859677, 670428, 1431828;2729988;2729990;2729991;2729992;2729993, 706576;1805947, 44432;1132301;1431824, 1132302, 1339087, 1238239, 1431824, 44432, 2729989, 2729993, 2040456;2040457, 2758938, 44430	FALSE
ASV_25104	1905723, 1905723;2315413, 2968077	FALSE
ASV_25256	181122;2315894	TRUE
ASV_25265	1162089;1193138, 1162089	FALSE
ASV_25377	143670, 2661866, 2528240, 89963, 1806893, 1695222, 71861, 1652117, 1764948, 1764946, 1764947, 1764957, 60595, 1655529, 1641596, 2963725, 2591690, 1918384, 1691973, 1239451, 631048, 160611, 858356, 427755, 284798;284799;284802, 244960, 244961	FALSE
ASV_2542	1311521, 516040;1131439	FALSE
ASV_25524	1905723, 1905723;2315413, 89963, 2968077, 1918384, 262427, 107757, 237448	FALSE
ASV_25563	1905723, 1905723;2315413, 89963, 2968077, 142110, 1918384, 2699462, 262427, 1003175, 107757	FALSE
ASV_25579	1606541, 1411661, 722754;1714387	FALSE
ASV_25645	260685, 2364126, 2303287, 1290334, 257771, 257771;260685	FALSE
ASV_25663	1311521, 516040;1131439	FALSE
ASV_25677	2735543, 2735541;2735546;2735549;2735714;2735715;2735716, 1918590, 1817548, 869566, 869566;1576524, 270263, 639604, 328237, 86521, 89609, 89608, 2934524, 2934523, 1562872;1576528;1576529, 1150263, 1460411, 859418;1576522, 859418, 1460410, 1460408	FALSE
ASV_25695	1905723, 1905723;2315413, 89963, 3019568, 2968077, 2902008, 1519424, 1918384, 262427, 107757	FALSE
ASV_2572	33658, 1411682, 1239450, 337322, 113104, 1764910, 1764909, 1764905, 464231, 464230, 464229, 464241, 464240, 464239, 464235, 464234, 464232, 1764911, 33658;1631190, 1850963, 1908229, 1908230, 1908228	FALSE
ASV_25738	260685, 2364126, 2303287, 1290334, 257771, 257771;260685	FALSE
ASV_25927	260685, 2364126, 2303287, 1290334, 257771, 257771;260685	FALSE
ASV_25952	2015894, 338244, 2015897, 1521551, 1922289, 1922288, 1922287, 1922287;1922290, 1864535, 500023, 316177, 499908, 499907, 645386, 2837385, 316211, 168745, 1390100, 2841609, 2841618, 2841610, 557396, 557399, 557398, 338256, 338254, 168779, 2747905, 168785, 168763, 316230, 316229, 316224, 316218, 316216, 316215, 316213, 316177;316209;316211, 316184;316205, 645392, 316192;316193, 645353	FALSE
ASV_25959	1311521, 516040;1131439	FALSE
ASV_25966	136462;200886	TRUE
ASV_25979	1937694;2962706, 1937694, 2962706	FALSE
ASV_26	1390100, 2841609, 316192;316193	FALSE
ASV_2605	1905723, 1905723;2315413, 89963, 2968077, 142110, 1918384, 2699462, 262427, 1003175, 107757	FALSE
ASV_26076	260685, 2590420, 2364126, 2303287, 1290334, 1918384, 257771, 289378, 257771;260685, 310565	FALSE
ASV_26086	48142, 290144, 673885, 102976, 150493, 290141;2060205, 290140, 209422, 290137, 6819, 290143, 290139	FALSE
ASV_26087	1390100, 2841609, 316192;316193	FALSE
ASV_26169	1390100, 2841609, 316192;316193	FALSE
ASV_26315	2015894, 2015897, 1521551, 1922289, 1922288, 1922287, 1922287;1922290, 316203, 645351, 645386, 168745, 2841618, 2841610, 338254, 168756, 168779, 2747905, 168763, 316230, 316229, 316226, 316224, 316191, 316218, 316216, 316215, 645353, 316178;316206;2721093	FALSE
ASV_26423	1335122, 555720, 216777, 216777;1244697, 1244698, 265616	FALSE
ASV_26557	1390100, 2841609, 316192;316193, 316178;316206;2721093	FALSE
ASV_26577	260685, 2364126, 2303287, 1290334, 257771, 257771;260685	FALSE
ASV_26578	260685, 2364126, 2303287, 1290334, 257771, 257771;260685	FALSE
ASV_26776	1905723, 1905723;2315413, 2968077	FALSE
ASV_2680	39450, 260685, 1905723, 1905723;2315413, 2364126, 2303287, 1655534, 2968077, 2820087, 1290334, 257771, 1614641, 257771;260685, 237470	FALSE
ASV_26809	156133, 284976;284978;284979;284980;284981;284982	FALSE
ASV_26866	181122;2315894	TRUE
ASV_26936	1794712, 1320744, 1320742, 1332104, 1320734, 1320732, 707737, 1320720, 1320671, 1332097, 1320670, 1320669, 1320703;1332095, 1320701, 1320699, 1320681, 1320667, 1320665, 1332091, 1320666;1320689;1320695;1320736, 707724;1081868;1320672, 545789, 1332182;1332183, 303480, 1317690;1320728;1332178, 398667;1081871, 329963, 707699, 707700, 706644, 398667, 706658, 1529414, 329963;1529421, 1529435, 1529415, 706643	FALSE
ASV_27252	1521551, 1922289, 1922288, 1922287, 1922287;1922290, 1390100, 2840439, 2841609, 2841618, 2841610, 557396, 557399, 557398, 338254, 168779, 316229, 316194;1390099, 316192;316193, 645353, 316178;316206;2721093, 2751894	FALSE
ASV_27296	1864535, 500023, 316177, 499908, 499907, 2837385, 316211, 338256, 168785, 316213, 316177;316209;316211, 316184;316205, 645392	FALSE
ASV_27305	1905833, 3075301, 236787, 1606603, 1606602, 236787;1411684, 2811676	FALSE
ASV_27309	89963, 268820;1400434;1400435, 268821, 268820, 268820;463290, 268820;268821	FALSE
ASV_27376	3029, 2867499, 478127, 1713627, 478124, 478122, 478121, 354589, 195065;296652, 356657	FALSE
ASV_27551	1905833, 236787, 1606603, 1606602, 236787;1411684, 2811676	FALSE
ASV_27573	39450, 260685, 1905723, 1905723;2315413, 2364126, 2303287, 1655534, 2968077, 2820087, 1290334, 257771, 257771;260685, 237470	FALSE
ASV_27606	1606541, 1411661, 722754;1714387	FALSE
ASV_27611	1905723, 1905723;2315413, 89963, 2968077, 142110, 1918384, 2699462, 262427, 1003175, 107757	FALSE
ASV_27651	1521551, 1922289, 1922288, 1922287, 1922287;1922290, 1390100, 2841609, 2841618, 2841610, 557396, 557399, 557398, 338254, 168779, 316229, 316192;316193, 645353	FALSE
ASV_27749	181122;2315894	TRUE
ASV_27795	1521551, 1922289, 1922288, 1922287, 1922287;1922290, 1390100, 2841609, 2841618, 2841610, 557396, 557399, 557398, 338254, 168779, 316229, 316192;316193, 645353	FALSE
ASV_27894	1905723, 1905723;2315413, 89963, 447210, 2968077, 1918384, 244960	FALSE
ASV_2790	39450, 260685, 1905723, 1905723;2315413, 2364126, 2303287, 89963, 3019568, 1655534, 2968077, 2820087, 1290334, 257771, 1614641, 257771;260685, 237470	FALSE
ASV_27985	447208, 447208;497816	FALSE
ASV_28037	2812485, 412153;424481	FALSE
ASV_28081	181122;2315894	TRUE
ASV_28182	1905723, 1905723;2315413, 633638, 1034652, 89963, 407301, 2968077, 192219, 1918384, 262427, 107757	FALSE
ASV_2823	1905723, 1905723;2315413, 447210, 2968077, 1918384, 2699462, 35672, 160603	FALSE
ASV_28342	1905723, 1905723;2315413, 89963, 2968077, 142110, 1918384, 2699462, 262427, 1003175, 107757	FALSE
ASV_28509	2926, 1471210, 1133415;1133416;1133419, 2932	FALSE
ASV_28553	2066676;2066678, 195226	FALSE
ASV_28556	2053927, 2053926, 1675616, 1675619, 2934438, 2871756, 2841288, 2871758, 2871757, 2841290, 2811312, 2841288;2870510, 1675621, 1675622, 1131995, 1131993, 1137987, 378370, 378366, 378374, 1210002, 1209999, 382717, 1209997, 1209996, 378375, 2589650, 715985, 717731, 378372, 115846, 378357, 2866817	FALSE
ASV_28637	1010556, 1010533, 1010473;1010490;1010542	FALSE
ASV_28688	1050091, 1050089, 1050096, 1050095, 1050094, 2739031, 2739030;2739031, 566470, 584795, 566471, 566467	FALSE
ASV_28843	260685, 2364126, 2303287, 1290334, 257771, 257771;260685	FALSE
ASV_28889	1905723, 1905723;2315413, 89963, 2968077, 1918384, 262427, 107757	FALSE
ASV_28899	2066664;2066665, 2066660, 2066653, 868044	FALSE
ASV_29016	260685, 2364126, 2303287, 1290334, 257771, 257771;260685	FALSE
ASV_29109	13677, 13676, 99344, 13353, 507566, 13323, 8236, 8240, 217026, 70446, 13676;321164	FALSE
ASV_29202	1390100, 2841609, 316192;316193	FALSE
ASV_29206	1390100, 2841609, 316192;316193	FALSE
ASV_29232	2767590, 1390100, 2841609, 168759, 316173, 316166, 316192;316193, 316183, 2721091, 316165	FALSE
ASV_29247	1335122, 555720, 216777, 216777;1244697, 1244698, 265616	FALSE
ASV_29263	2604071, 33653, 167961;1764937, 167961, 1162744, 427040, 409286, 127151, 1764865, 464223, 464224	FALSE
ASV_29337	1390100, 2841609, 316192;316193	FALSE
ASV_2934	2737752, 2152835, 265543, 1155433, 2316504, 2811639, 1400981, 2590921, 216823, 420264, 2592178, 2592175;2592176, 2592173, 1764895, 2737750, 1764892, 2737749, 265543;420264	FALSE
ASV_29341	1937694;2962706, 1937694, 2962706	FALSE
ASV_2936	291032, 83372;291032, 376140	FALSE
ASV_29425	2302266, 1766654;1884248	FALSE
ASV_29457	1010556, 1010533, 1010473;1010490;1010542	FALSE
ASV_2948	37469, 529209, 1763832, 529148, 1446102, 529288, 1763831, 529124, 2841286, 529148;529209, 221998, 529245, 620489, 1746054	FALSE
ASV_29545	260685, 2364126, 2303287, 1290334, 257771, 257771;260685	FALSE
ASV_29576	1390100, 2841609, 316192;316193	FALSE
ASV_29584	1335122, 555720, 216777, 216777;1244697, 1244698, 265616	FALSE
ASV_29720	2737750, 2737749, 2592178, 2592177, 2592175;2592176, 2592174, 2592173, 2301934, 2301933, 2301932, 2301931, 1764895, 1764892, 1764861, 1764860, 464227	FALSE
ASV_29779	1905833, 236787, 464225, 1606603, 1606602, 236787;1411684, 2811676	FALSE
ASV_30138	296656;420561	TRUE
ASV_30197	1606541, 1411661, 722754;1714387	FALSE
ASV_30416	409302, 2060209, 2060208, 48146, 1761466, 210626, 169011, 3092287, 3092284, 429153, 48144, 48142, 290144, 673885, 102976, 150493, 290141;2060205, 290140, 209422, 290137, 6819, 290143, 329973, 3105985, 209423, 338211, 290139, 210625	FALSE
ASV_30421	163516;1514140	TRUE
ASV_30425	1937694;2962706, 1937694, 2962706	FALSE
ASV_30636	1905723, 1905723;2315413, 2968077	FALSE
ASV_30690	260685, 2364126, 2303287, 1290334, 257771, 454282, 257771;260685	FALSE
ASV_30750	2302041, 2302040, 2302038, 2302026, 2301997, 2301995, 1048532, 240364;1497510	FALSE
ASV_30763	35128, 35128;49265;265564;340023;1268954, 83371, 1827185	FALSE
ASV_30846	1521551, 1922289, 1922288, 1922287, 1922287;1922290, 1390100, 2841609, 2841618, 2841610, 557396, 557399, 557398, 338254, 168779, 316229, 316192;316193, 645353	FALSE
ASV_3091	6550, 2840390;2840391;2840392;2840393;2840394, 2840387;2840389, 2840388, 6551, 61855, 6550;6551;173667, 29158	FALSE
ASV_31285	1403701, 2744121, 2744119, 2744116, 2744112;2744113;2744114, 2744111, 1303913	FALSE
ASV_31347	1905723, 1905723;2315413, 2968077	FALSE
ASV_31385	1010556, 1010533, 1010473;1010490;1010542	FALSE
ASV_31494	39468, 246704, 55322, 397073, 55321, 16364, 189328, 55318;246702, 108425	FALSE
ASV_31574	1905723, 1905723;2315413, 89963, 2968077, 1918384, 262427, 107757	FALSE
ASV_31624	1905723, 1905723;2315413, 633638, 1034652, 89963, 2968077, 1918384, 262427, 107757	FALSE
ASV_31647	1905723, 1905723;2315413, 89963, 2968077, 1918384, 262427, 107757, 237448	FALSE
ASV_31776	1524186, 1304840, 549348, 549345;1516112, 549349, 549347, 549346	FALSE
ASV_31799	1606541, 1411661, 722754;1714387	FALSE
ASV_31863	1162089;1193138, 1162089	FALSE
ASV_32216	2606884;2606885	TRUE
ASV_32243	1010556, 1010533, 1010473;1010490;1010542	FALSE
ASV_3225	1905723, 1905723;2315413, 407301, 89963, 1886619, 2968077, 298604, 1918384, 387435, 200894, 60595	FALSE
ASV_32256	1311521, 516040;1131439	FALSE
ASV_32314	1155433, 1870746, 1003027, 49258;1003085	FALSE
ASV_32341	143670, 89963, 1679438, 1695222, 71861, 1652117, 447210, 60595, 1655529, 1641596, 1918384, 2864110, 1691973, 1239451, 1186237, 631048, 160611, 1003175, 858356, 501609, 501608, 289378, 284798;284799;284802, 244960, 244961, 310565	FALSE
ASV_32381	183588, 2528238, 2528237, 2528234;2528236, 2528233, 2528232;2528235, 2528231, 2528230, 44446, 2302167, 2302166, 2302164, 2302163, 2302162, 2302160, 2302159, 2302158, 2302157, 2302154, 655801, 1764935, 1606687, 44447, 183589, 1001702, 697910, 1804765, 44445, 178779	FALSE
ASV_32407	1010556, 1010533, 1010473;1010490;1010542	FALSE
ASV_32489	2202683;2202684, 2202666;2202667, 2202686;2202687, 2202704, 2202658, 2202691, 2057000, 2056982, 2056979, 1267142, 2056991, 1169133, 1169131, 136186, 503042, 588334, 1169132, 409298, 201684, 2841629, 2841628, 2841627, 1007037, 672031, 883816, 503029, 883832, 749001, 588326, 2934558, 2934478, 2934473, 2934470, 2934469	FALSE
ASV_32666	39450, 260685, 1905723, 1905723;2315413, 2364126, 2303287, 2968077, 2820087, 1290334, 257771, 1614641, 257771;260685, 237470	FALSE
ASV_32698	89963, 1695222, 71861, 1652117, 447210, 1655529, 143670, 1918384, 1691973, 1239451, 631048, 160611, 858356, 284798;284799;284802	FALSE
ASV_32699	2294129, 2302269, 2302267, 2302266, 1766654;1884248, 1764649, 270628, 303402, 1181720	FALSE
ASV_327	1764907, 1764906, 33658, 1907791, 1239450, 113104, 1764910, 1764909, 1764905, 464231, 464230, 464229, 464241, 464240, 464239, 464235, 464234, 464232, 1764911, 1631190, 1850963, 1908229, 33658;2611280, 1908230, 1908228	FALSE
ASV_32892	2735543, 2735541;2735546;2735549;2735714;2735715;2735716, 1918590, 1817548, 869566, 869566;1576524, 270263, 639604, 328237, 86521, 89609, 89608	FALSE
ASV_3292	1335122, 555720, 216777, 216777;1244697, 1244698, 265616	FALSE
ASV_32980	89963, 1806893, 1695222, 71861, 1652117, 1886619, 447210, 1655529, 143670, 2591690, 142110, 1918384, 1691973, 1239451, 631048, 160611, 262427, 858356, 107757, 284798;284799;284802	FALSE
ASV_3304	1905723, 1905723;2315413, 1519425, 632150, 1034652, 89963, 1428570, 3029278, 2968077, 1918384, 2746694, 1239446, 262427, 107757	FALSE
ASV_33063	181122;2315894	TRUE
ASV_33195	1521551, 1922289, 1922288, 1922287, 1922287;1922290, 1390100, 2841609, 2841618, 2841610, 557396, 557399, 557398, 326734, 338254, 168779, 316229, 316192;316193, 645353	FALSE
ASV_3325	52970, 1326778, 254933, 1326780, 356655, 77929, 3043436, 2867507, 2867503, 1326774, 1326773, 1326769, 1326768, 1326767, 1326765, 1326762, 1326761, 195069, 1326782, 1010715, 437768, 141884;254933;356655, 356656, 46950, 1606702	FALSE
ASV_3347	1162089;1193138, 1162089	FALSE
ASV_33491	1191119;1285930	TRUE
ASV_33597	1905723, 1905723;2315413, 89963, 2968077, 1918384, 262427, 107757	FALSE
ASV_33725	260685, 2364126, 2303287, 1290334, 257771, 257771;260685	FALSE
ASV_33733	260685, 2364126, 2303287, 1290334, 257771, 257771;260685	FALSE
ASV_3382	1311521, 516040;1131439	FALSE
ASV_33933	1311521, 516040;1131439	FALSE
ASV_34007	181122;2315894	TRUE
ASV_3421	1695222, 71861, 1652117, 1655529, 143670, 1918384, 1691973, 1239451, 631048, 160611, 858356, 284798;284799;284802	FALSE
ASV_34292	2919510;2919511, 2919509	FALSE
ASV_34329	48142, 290144, 673885, 102976, 150493, 290141;2060205, 290140, 209422, 290137, 6819, 290143, 290139	FALSE
ASV_34341	33658;2611280	TRUE
ASV_34357	291032, 83372;291032, 376140	FALSE
ASV_34359	260685, 2364126, 2303287, 1641413, 1641414, 3019568, 1290334, 2812033, 257771, 35672, 257771;260685	FALSE
ASV_34380	447208, 447208;497816	FALSE
ASV_34442	48142, 290144, 673885, 102976, 150493, 290141;2060205, 290140, 209422, 290137, 6819, 290143, 290139	FALSE
ASV_3454	163516;1514140	TRUE
ASV_34624	1010556, 1010533, 1010473;1010490;1010542	FALSE
ASV_34626	1311521, 516040;1131439	FALSE
ASV_34763	407301, 89963, 699226, 699233, 2984365, 699229, 699227, 1886619, 1736631, 298604, 268820;1400434;1400435, 2592063, 1918384, 106539, 2684371, 2684370, 2684369, 387435, 268821, 268820, 268820;463290, 237451, 200894, 160612, 268820;268821, 290070, 66473, 60595	FALSE
ASV_34893	1905752;2053574	TRUE
ASV_34912	1050096, 1050095, 1050094, 2739031, 2739030;2739031, 566470, 584795, 566471, 566467	FALSE
ASV_350	2038134, 2038133, 2038136, 140457, 2040502, 1532215, 34499, 86010, 2934625;2934626;2934627	FALSE
ASV_35150	1169001, 1050072, 1169006, 1050084, 1169003;1967941, 1169003, 1169000	FALSE
ASV_35189	1239450, 33658;2611280	FALSE
ASV_35224	1311521, 516040;1131439	FALSE
ASV_35245	44446, 3030646, 1804765;3030646, 1073398, 237457, 476440, 658118, 1155431	FALSE
ASV_35385	1335122, 555720, 216777, 216777;1244697, 1244698, 265616	FALSE
ASV_3554	260685, 2364126, 2303287, 89963, 1290334, 257771, 257771;260685, 237448	FALSE
ASV_35599	2903, 38817, 1856765, 2483873, 280463, 2903;38817;1663125, 38817;284784;284790, 2903;38817	FALSE
ASV_35629	1905833, 236787, 1606603, 1606602, 236787;1411684, 2811676	FALSE
ASV_35659	407301, 89963, 1695222, 71861, 1652117, 1886619, 1655529, 298604, 143670, 1918384, 1691973, 1239451, 2684371, 2684370, 2684369, 631048, 160611, 387435, 858356, 200894, 160612, 284798;284799;284802, 66473, 60595	FALSE
ASV_35856	1390100, 2841609, 316192;316193	FALSE
ASV_35878	88412, 257603, 88412;257615	FALSE
ASV_3600	2801507, 1171686, 1171678;1171685, 1171684, 1171683, 1171682, 1171681, 1171680, 1171679, 1171677, 1171669;1171676, 1171675, 1171672;1171673, 1171671, 1171670, 1171674, 252315, 1764214, 1606470	FALSE
ASV_3601	143670, 1695222, 71861, 1652117, 1655529, 1691973, 1239451, 631048, 160611, 858356, 284798;284799;284802	FALSE
ASV_36086	1390100, 2841609, 316192;316193	FALSE
ASV_36216	260685, 2364126, 2303287, 1290334, 257771, 257771;260685	FALSE
ASV_36265	129068, 94937, 129077, 308561;1105122	FALSE
ASV_36329	260685, 2364126, 2303287, 1290334, 257771, 257771;260685	FALSE
ASV_3642	2015894, 2015897, 1521551, 1922289, 1922288, 1922287, 1922287;1922290, 316203, 645386, 168745, 2841618, 2841610, 338254, 168756, 168779, 2747905, 168763, 316230, 316229, 316226, 316224, 316191, 316218, 316216, 316215, 645353, 316178;316206;2721093	FALSE
ASV_36541	1905723, 1905723;2315413, 89963, 2968077, 192219, 1918384, 262427, 107757	FALSE
ASV_36629	143670, 2661866, 2081639, 2528240, 2294036, 1982030, 89963, 1806893, 1695222, 71861, 1652117, 1764948, 1764946, 1764947, 1764957, 2927232, 447210, 60595, 1519614, 2925154, 2661873, 1655529, 1641596, 2963725, 2591690, 1918384, 2592063, 1928008, 1691973, 2735798, 1239451, 1225972, 631048, 160611, 858356, 476100, 425808, 427755, 79894, 237453, 237450, 237447, 93832, 235079, 200895, 160610, 284798;284799;284802, 244960, 244961, 262971, 290077, 290074, 290073, 290072, 671422	FALSE
ASV_36697	1169001, 1050072, 1169006, 1050084, 1169003;1967941, 1169003, 1169000	FALSE
ASV_36719	1764200, 1764198, 1764197;1764199	FALSE
ASV_36830	2042490;2051653	TRUE
ASV_37006	332519, 320977, 6398, 408844, 35632, 168636, 565155, 1150272, 1427385, 6396, 1046328, 2866284, 81491, 116955, 334871, 1046380, 1537945, 1537929, 1046328;1302612, 565157, 332521, 1302589, 1302594, 302031;302032;565146;647718;1537924, 302034, 35632;81491;302033;302034;334867;334871;408844;565147;647717;647719;1302591;1302592;1302597;1302599;1302601;1495288;1537919;1537920;1537928;1537935;1537936;1537939;1537941;1537944;1537953;1537959;1537961;1537962;1537963	FALSE
ASV_37084	1010556, 1010533, 1010473;1010490;1010542	FALSE
ASV_37218	51282;279642	TRUE
ASV_37308	1764662, 1764660, 1400982, 303405, 576716, 582758, 284684, 284676;284681	FALSE
ASV_37613	163663;238910	TRUE
ASV_37623	1905723, 1905723;2315413, 89963, 2968077, 142110, 1918384, 2699462, 262427, 1003175, 107757	FALSE
ASV_37631	1607973, 1607966;1607967;1607968;1607971;1607974	FALSE
ASV_37644	2302043, 2302042, 2302041, 2302040, 2302039, 2302038, 2302037, 2302036, 2302035, 2302034, 2302030, 2302027, 2302026, 2302025, 2302024, 2302023, 2302021, 2302020, 2302019, 2302017, 2302014, 2302013, 2302010, 2302009, 2302008, 2302005, 2302004, 2302003, 2302001, 2302000, 2301998, 2301997, 2301995, 1048532, 240364, 240364;1497510	FALSE
ASV_3773	1905723, 1905723;2315413, 89963, 2968077, 1918384, 262427, 107757	FALSE
ASV_3811	1521551, 1922289, 1922288, 1922287, 1922287;1922290, 2841618, 2841610, 338254, 168779, 316229, 645353	FALSE
ASV_38210	181122;2315894	TRUE
ASV_38301	1606541, 1411661, 722754;1714387	FALSE
ASV_3836	1905723, 1905723;2315413, 3019568, 2968077, 2902008	FALSE
ASV_38488	66791;281612	TRUE
ASV_38550	316200;2015892	TRUE
ASV_38825	39468, 246704, 55322, 397073, 55321, 16364, 189328, 55318;246702, 108425	FALSE
ASV_38826	180941, 1295634, 416578, 1050084, 1050079, 1050077, 1967940, 1168997;1967940, 1168999, 1168997, 1892383, 641209, 641207	FALSE
ASV_38869	181122;2315894	TRUE
ASV_38875	181122;2315894	TRUE
ASV_39029	1162089;1193138, 1162089	FALSE
ASV_39064	1695222, 71861, 1652117, 1655529, 143670, 1691973, 1239451, 439559, 631048, 160611, 858356, 284798;284799;284802	FALSE
ASV_39166	1905723, 1905723;2315413, 633638, 1034652, 89963, 2968077, 1918384, 262427, 107757, 237448	FALSE
ASV_39293	2801507, 1171686, 1171678;1171685, 1171684, 1171683, 1171682, 1171681, 1171680, 1171679, 1171677, 1171669;1171676, 1171675, 1171672;1171673, 1171671, 1171670, 1171674, 252315	FALSE
ASV_3948	1191119;1285930	TRUE
ASV_39488	1905833, 236787, 464225, 1606603, 1606602, 236787;1411684, 2811676	FALSE
ASV_39505	1905833, 236787, 464225, 1606603, 1606602, 236787;1411684, 2811676	FALSE
ASV_39582	1606541, 172717, 1411662, 1411661, 91992, 722754;1714387	FALSE
ASV_3968	1311521, 516040;1131439	FALSE
ASV_39754	268820;1400434;1400435, 268821, 268820, 268820;463290, 268820;268821	FALSE
ASV_39827	39450, 1905723, 1905723;2315413, 2968077, 2820087, 237470	FALSE
ASV_3986	35128, 35128;49265;265564;340023;1268954, 83371	FALSE
ASV_39961	1560730, 2057900, 1530226, 3049691, 2963884;3049691	FALSE
ASV_39994	2301983, 2301982, 2301981, 2301980, 2301979, 2301978, 2301977, 2301976, 2301975, 2301974, 2301972, 2301971, 2301970, 2301969, 2301968, 2301967, 2301966, 2301965, 2301964, 2301963, 2301962, 2301961, 2301960, 2301959, 2301957, 2301956, 2301955, 2301954, 2301953, 2301952, 2301951, 2301950, 2301949, 2301948, 2301947;2301973, 2301946, 2301945, 2301944, 2301943, 2301942, 2301941, 2301940, 2301939, 2301938, 2301936, 2301935, 2294183, 420275, 1762025	FALSE
ASV_40044	9685, 9739, 76717, 9515, 9657, 9555, 9838, 61853, 9728;9731;9733;9767;27606;27610;27615;48708;90247;575201;2746895, 9643;9644, 9995;93162, 30522, 9915;30522;30532, 9544, 9483, 9593, 39410, 9565, 72004, 10141, 9606, 9940, 9544;9565;9986, 9597;9598;9606;9986, 9906, 27606, 9731, 9365, 2746895, 98922, 29065, 61862, 39082, 9666, 27615, 9978, 77932, 575201, 9644, 9915, 59451, 62283, 9737, 9767, 346063, 9595, 68408, 34880, 9590, 9597, 9988, 42254, 29078, 9598, 9691, 9470, 257877, 99487, 9733, 109475, 286419, 9986, 83538, 540482, 61388, 30640, 89248, 9662, 9447, 46844, 9541, 9913, 9669, 9793, 452646, 9860, 37029, 1574408, 546, 72407, 9689, 494514, 5763, 130825, 9978;130825, 29073, 415978, 9612, 39432, 9615, 27675, 9657;9662;9666;9678;9689;9694;9720;29088;32536;34884;34886;36723;61383;61384;61388;61452;452646, 9823, 27622, 9711, 9615;286419, 59474, 89462, 9874, 9796, 9606;9986, 9615;9796	FALSE
ASV_40126	1905723, 1905723;2315413, 89963, 2968077, 1918384, 262427, 107757	FALSE
ASV_40228	1905723, 1905723;2315413, 89963, 2968077, 1918384, 262427, 107757	FALSE
ASV_40311	1486432;1486433, 1486436, 400755	FALSE
ASV_40324	1905723, 1905723;2315413, 407301, 89963, 1886619, 2968077, 298604, 1918384, 387435, 200894, 60595	FALSE
ASV_40341	181122;2315894	TRUE
ASV_40353	181122;2315894	TRUE
ASV_40358	181122;2315894	TRUE
ASV_40423	1905723, 1905723;2315413, 3019568, 2968077, 1764082, 2902008	FALSE
ASV_4047	233187, 233184, 233184;233185, 2867508, 1381950, 1165304	FALSE
ASV_40562	49265;420259	TRUE
ASV_4066	1864535, 500023, 316177, 499908, 499907, 2837385, 316211, 338256, 168785, 316213, 316177;316209;316211, 316184;316205, 645392	FALSE
ASV_40972	1905723, 1905723;2315413, 2968077, 1918384	FALSE
ASV_410	49265, 420259, 49265;420259, 2302239, 2302221, 1960174, 1960172, 1960171, 1960173, 1960170, 2302224	FALSE
ASV_41121	2294129, 2302269, 2302267, 2302266, 1766654;1884248, 1764649, 270628, 303402, 1181720	FALSE
ASV_4115	1521551, 1922289, 1922288, 1922287, 1922287;1922290, 2841618, 2841610, 338254, 168779, 316229, 645353	FALSE
ASV_41175	1606541, 1411661, 722754;1714387	FALSE
ASV_41222	2302267, 2302266, 1766654;1884248, 1181720	FALSE
ASV_41313	2302043, 2302042, 2302041, 2302040, 2302039, 2302038, 2302037, 2302036, 2302035, 2302034, 2302030, 2302027, 2302026, 2302025, 2302024, 2302023, 2302022, 2302021, 2302020, 2302019, 2302017, 2302015, 2302014, 2302013, 2302010, 2302009, 2302008, 2302005, 2302004, 2302003, 2302001, 2302000, 2301998, 2301997, 2301996, 2301995, 1048532, 240364, 240364;1497510, 265525	FALSE
ASV_4132	39450, 260685, 1905723, 1905723;2315413, 2364126, 2303287, 1655534, 2968077, 2820087, 1290334, 257771, 1614641, 257771;260685, 237470	FALSE
ASV_414	1695222, 71861, 1652117, 1655529, 143670, 1918384, 1691973, 1239451, 631048, 160611, 858356, 284798;284799;284802, 284797	FALSE
ASV_41481	2528238, 2528237, 2528234;2528236, 2528233, 2528232;2528235, 2528231, 2528230, 2302167, 2302166, 2302164, 2302163, 2302162, 2302158, 2302157, 2302154, 44445, 44447	FALSE
ASV_41820	1329528;2008786	TRUE
ASV_41940	1155433, 1870746, 420286, 49258;1003085, 265543;420264	FALSE
ASV_42016	1766654;1884248, 1181720	FALSE
ASV_42066	33658;2611280	TRUE
ASV_42181	156133, 284976;284978;284979;284980;284981;284982	FALSE
ASV_42222	156133, 284976;284978;284979;284980;284981;284982	FALSE
ASV_42269	1486434, 1486432;1486433, 1486436, 47934, 566462, 2575364	FALSE
ASV_42444	576748, 264121, 256004;264121, 662079, 662078	FALSE
ASV_42471	33658;2611280	TRUE
ASV_4249	48142, 290144, 673885, 102976, 150493, 290141;2060205, 290140, 209422, 290137, 6819, 290143, 290139	FALSE
ASV_42538	2716591, 2716585, 1311521, 516040;1131439	FALSE
ASV_42546	699607;1350301, 564368, 698782	FALSE
ASV_42642	1794712, 1320744, 1320742, 1332104, 1320734, 1320732, 707737, 1320720, 1320671, 1332097, 1320670, 1320669, 1320703;1332095, 1320701, 1320699, 1320681, 1320667, 1320665, 1332091, 1320666;1320689;1320695;1320736, 707724;1081868;1320672, 545789, 1332182;1332183, 303480, 1317690;1320728;1332178, 398667;1081871, 329963, 707699, 707700, 706644, 398667, 706658, 1529414, 329963;1529421, 1529435, 1529415, 706643	FALSE
ASV_42660	2152833;2152838, 2152834, 1003027	FALSE
ASV_42714	1905723, 1905723;2315413, 89963, 2968077, 142110, 1918384, 2699462, 262427, 1003175, 107757	FALSE
ASV_42762	33658;2611280	TRUE
ASV_42929	1905833, 236787, 464225, 1606603, 1606602, 236787;1411684, 2811676	FALSE
ASV_42931	180941, 1295634, 416578, 1050084, 1050079, 1050077, 1967940, 1168997;1967940, 1168999, 1168997, 1892383, 641209, 641207	FALSE
ASV_42938	1764965, 1573495, 89957, 160607, 160607;1573495	FALSE
ASV_42996	447208, 447208;497816	FALSE
ASV_43081	181122;2315894	TRUE
ASV_43206	2748896, 1486434, 1486432;1486433, 1486436, 47934, 2575364	FALSE
ASV_43214	268820;1400434;1400435, 1918384, 268821, 268820, 268820;463290, 237451, 160603, 268820;268821, 290070	FALSE
ASV_43321	75884, 302453, 83851, 394684, 289074, 75884;83851, 6052	FALSE
ASV_43654	2053927, 2053926, 1675616, 1675619, 2934438, 2871756, 2841288, 2871758, 2871757, 2841290, 2811312, 2841288;2870510, 1675621, 1675622, 1131995, 1131993, 1137987, 378370, 378366, 378374, 1210002, 1209999, 382717, 1209997, 1209996, 378375, 2589650, 715985, 717731, 378372, 115846, 378357	FALSE
ASV_43728	33658;2611280	TRUE
ASV_43737	1169001, 1050072, 1169006, 1050084, 1169003;1967941, 1169003, 1169000	FALSE
ASV_43775	1010556, 1010533, 1010473;1010490;1010542	FALSE
ASV_43783	2737751, 2737750, 2737749, 2592178, 2592177, 2592175;2592176, 2592174, 2592173, 2301934, 2301933, 2301932, 2301931, 2041805, 1764901, 1764895, 1764875, 1764892, 1764861, 1764860, 464227	FALSE
ASV_43924	1162089;1193138, 1162089	FALSE
ASV_44029	1905723, 1905723;2315413, 89963, 3019568, 447210, 2968077, 2902008, 1519424, 1918384, 262427, 107757, 407301	FALSE
ASV_44089	1606541, 1411661, 722754;1714387	FALSE
ASV_441	316194;1390099	TRUE
ASV_4412	1905833, 236787, 464225, 1606603, 1606602, 236787;1411684, 2811676	FALSE
ASV_44313	1169001, 1050072, 1169006, 1050084, 1169003;1967941, 1169003, 1169000	FALSE
ASV_44335	1764200, 1764198, 1764197;1764199	FALSE
ASV_44343	1905723, 1905723;2315413, 407301, 89963, 2968077, 298604, 1918384, 387435, 237448, 200894, 60595	FALSE
ASV_44462	1905723, 1905723;2315413, 89963, 2219862, 2968077, 192219, 1918384, 262427, 107757	FALSE
ASV_44469	143672, 262969;262970	FALSE
ASV_44682	2576346, 1965466, 268820;1400434;1400435, 268821, 268820, 268820;463290, 268820;268821	FALSE
ASV_44886	1486432;1486433, 1486436	FALSE
ASV_44978	1169001, 1050072, 1169006, 1050084, 1169003;1967941, 1169003, 1169000	FALSE
ASV_45230	1905833, 236787, 1606603, 1606602, 236787;1411684, 2811676	FALSE
ASV_45327	1606541, 1411661, 722754;1714387	FALSE
ASV_45346	1521551, 1922289, 1922288, 1922287, 1922287;1922290, 1390100, 2841609, 2841618, 2841610, 557396, 557399, 557398, 338254, 168779, 316229, 316192;316193, 645353	FALSE
ASV_45349	39450, 260685, 1905723, 1905723;2315413, 2364126, 2303287, 1655534, 2968077, 2820087, 1290334, 257771, 1614641, 257771;260685, 237470	FALSE
ASV_45401	1390100, 2841609, 316192;316193	FALSE
ASV_45421	1390100, 2841609, 316192;316193	FALSE
ASV_45437	35677, 35677;44463	FALSE
ASV_45559	1390100, 2841609, 316192;316193	FALSE
ASV_45572	48142, 290144, 673885, 102976, 150493, 290141;2060205, 290140, 209422, 290137, 6819, 290143, 290139	FALSE
ASV_45576	2767590, 1390100, 2841609, 2752232, 168759, 316173, 316166, 316192;316193, 316183, 2721091, 316165	FALSE
ASV_45582	1390100, 2841609, 316192;316193	FALSE
ASV_4561	1010556, 1010533, 1010473;1010490;1010542	FALSE
ASV_45676	1390100, 2841609, 316192;316193	FALSE
ASV_45814	2152833;2152838, 2152834, 1003027	FALSE
ASV_45821	2302041, 2302040, 2302038, 2302026, 2301997, 2301995, 1048532, 240364;1497510	FALSE
ASV_45921	75884, 302453, 83851, 394684, 289074, 75884;83851, 6052	FALSE
ASV_45987	2301985, 2301983, 2301982, 2301981, 2301980, 2301979, 2301978, 2301976, 2301975, 2301974, 2301971, 2301970, 2301969, 2301968, 2301967, 2301966, 2301965, 2301964, 2301963, 2301962, 2301961, 2301960, 2301959, 2301957, 2301956, 2301955, 2301954, 2301953, 2301951, 2301950, 2301949, 2301948, 2301947;2301973, 2301946, 2301944, 2301943, 2301942, 2301941, 2301940, 2301939, 2301938, 2301936, 2301935, 2294183, 420275, 1762025	FALSE
ASV_46224	143672, 262969;262970	FALSE
ASV_46388	89963, 1695222, 71861, 1652117, 60595, 1655529, 143670, 1691973, 1239451, 631048, 160611, 858356, 284798;284799;284802, 244961	FALSE
ASV_46420	321034, 321034;1592242, 84042, 2983430, 2963395, 321033;321034	FALSE
ASV_46470	2812485, 412153;424481	FALSE
ASV_46539	39450, 260685, 559844, 614669, 2364126, 2303287, 2820087, 1290334, 257771, 106539, 904677, 257771;260685, 237470	FALSE
ASV_46568	2547616;2547617, 2547615, 2500139	FALSE
ASV_46771	260685, 2364126, 2303287, 1290334, 257771, 257771;260685	FALSE
ASV_46839	88412, 305493, 88412;257615	FALSE
ASV_46926	1884465, 1742427, 1742426, 1742428, 477178, 328621, 60131, 13789, 174041, 483524, 174039;174040;483525;483528, 483529, 483526, 483527	FALSE
ASV_4707	1937694;2962706, 1937694, 2962706	FALSE
ASV_47168	52970, 1326778, 254933, 1326780, 356655, 77929, 3043436, 2867507, 2867503, 1326774, 1326773, 1326769, 1326768, 1326767, 1326765, 1326762, 1326761, 195069, 1326782, 1010715, 437768, 141884;254933;356655, 356656, 46950	FALSE
ASV_47180	1905833, 236787, 1606603, 1606602, 236787;1411684, 2811676	FALSE
ASV_4759	39450, 260685, 1905723, 1905723;2315413, 2364126, 2303287, 1655534, 2968077, 2820087, 1290334, 257771, 1614641, 257771;260685, 237470	FALSE
ASV_47618	2748047;2748048	TRUE
ASV_47664	1736631, 559844, 614669, 2292165, 89963, 1806893, 1695222, 71861, 1652117, 1886619, 1655529, 143670, 2591690, 1918384, 1691973, 1239451, 631048, 160611, 904677, 926437, 858356, 284798;284799;284802	FALSE
ASV_47829	1010554, 1010507, 1010474;1010503;1010513;1010526	FALSE
ASV_47901	39450, 1905723, 1905723;2315413, 407301, 89963, 2968077, 2820087, 298604, 1918384, 387435, 237470, 200894, 60595	FALSE
ASV_47937	163472, 163472;1240616	FALSE
ASV_47999	1010556, 1010533, 1010473;1010490;1010542	FALSE
ASV_48224	1905833, 236787, 1606603, 1606602, 236787;1411684, 2811676	FALSE
ASV_4832	48142, 290144, 673885, 102976, 150493, 290141;2060205, 290140, 209422, 290137, 6819, 290143, 290139	FALSE
ASV_48336	2737751, 2737750, 2737749, 2592178, 2592177, 2592175;2592176, 2592174, 2592173, 2301934, 2301933, 2301932, 2301931, 2041805, 1764901, 1764895, 1764875, 1764892, 1764861, 1764860, 464227	FALSE
ASV_48367	1606541, 1411661, 722754;1714387	FALSE
ASV_48442	1048533, 340022, 49265;420259, 265540;1234815, 160265, 349456	FALSE
ASV_48450	49265;420259	TRUE
ASV_48452	1606541, 1411661, 722754;1714387	FALSE
ASV_48487	181122;2315894	TRUE
ASV_48567	49240, 2302043, 2302042, 2302041, 2302040, 2302039, 2302038, 2302037, 2302036, 2302035, 2302034, 2302030, 2302027, 2302026, 2302025, 2302024, 2302023, 2302022, 2302021, 2302020, 2302019, 2302017, 2302015, 2302014, 2302013, 2302010, 2302009, 2302008, 2302005, 2302004, 2302003, 2302001, 2302000, 2301998, 2301997, 2301996, 2301995, 1048532, 240364, 240364;1497510, 1922284, 463619	FALSE
ASV_48574	2510583, 2511779, 2011922, 1117335, 1915160, 2420229, 1117335;2420229, 693135, 693134, 693133	FALSE
ASV_48730	1169001, 1050084, 1169003;1967941, 1169003, 1169000	FALSE
ASV_48888	2039256, 1641631, 2666230, 137994, 1784808, 31252, 1784805, 1888177, 1888178, 983673, 2993662;2993663, 2772589, 82852	FALSE
ASV_48948	1486434, 1486432;1486433, 47934, 2575364	FALSE
ASV_48996	2737751, 2737750, 2737749, 2592178, 2592177, 2592175;2592176, 2592174, 2592173, 2301934, 2301933, 2301932, 2301931, 2041805, 1764901, 1764895, 1764875, 1764892, 1764861, 1764860, 464227	FALSE
ASV_49161	156133, 284976;284978;284979;284980;284981;284982	FALSE
ASV_49200	2598532, 3016982, 3020457, 1683870, 2927305, 2927306, 1519773, 2836782, 2836781, 2836778, 2836777, 2836776, 2836774;2836775, 2836773, 2836769, 2836768, 2836762, 2836761, 2836760, 2836758, 2836757, 1196008, 2836748, 1196007, 2778049, 2183544, 2836747, 324891, 1809752, 1809752;2836770, 307678	FALSE
ASV_49267	1606541, 1411661, 722754;1714387	FALSE
ASV_4927	1311521, 516040;1131439	FALSE
ASV_49570	2528238, 2528237, 2528234;2528236, 2528233, 2528232;2528235, 2528231, 2528230, 2302167, 2302166, 2302164, 2302163, 2302162, 2302158, 2302157, 2302154, 44445, 44447	FALSE
ASV_49590	2528238, 2528237, 2528234;2528236, 2528233, 2528232;2528235, 2528231, 2528230, 2302167, 2302166, 2302164, 2302163, 2302162, 2302158, 2302157, 2302154, 44445, 44447	FALSE
ASV_49614	2302041, 2302040, 2302038, 2302026, 2301997, 2301995, 1048532, 240364;1497510	FALSE
ASV_49679	2302269, 2302267, 2302266, 303400, 1766654;1884248, 1764649, 1884248, 2906512, 1181720	FALSE
ASV_49702	627963;1816783	TRUE
ASV_49848	1905723, 1905723;2315413, 89963, 2968077, 1918384, 262427, 107757	FALSE
ASV_499	1804765, 364747, 697910, 1035526, 265592, 365524, 2528237, 2528230, 2528234;2528236, 2528233, 2528232;2528235, 2528231, 2528238, 2302167, 2302166, 2302164, 2302158, 2302163, 2302162, 2302154, 2302157, 2302160, 2302159	FALSE
ASV_49977	1905833, 236787, 464225, 1606603, 1606602, 236787;1411684, 2811676	FALSE
ASV_500	2843, 267567, 1764970, 1537841, 267567;1514174, 1503408, 1198651, 1198650, 1030545, 1030544, 1030542, 1030541, 1030540, 866888, 866887, 866886, 866884, 866883, 866882, 866881, 866880, 866879, 866878, 866877, 866876, 866874;866875, 866873, 866872, 866871, 619278, 619277, 619276, 619275, 2843;267567;439494, 216762;267567;1030547;1030548;1030549, 41457, 1764921, 1764920, 1764919, 371681	FALSE
ASV_50266	1294199, 2653978, 2653824;2653825, 2653823, 88015, 2748857, 2748856, 2748855	FALSE
ASV_5027	1695222, 71861, 1652117, 1655529, 143670, 1691973, 1239451, 631048, 160611, 858356, 284798;284799;284802	FALSE
ASV_50287	2604071, 33653, 167961;1764937, 1764865, 167961, 1162744, 464223, 464224, 427040, 409286, 127151	FALSE
ASV_50307	1937694;2962706, 1937694, 2962706	FALSE
ASV_50395	1162089;1193138, 1162089	FALSE
ASV_5042	1905723, 1905723;2315413, 2968077, 60595	FALSE
ASV_50517	1905723, 1905723;2315413, 633638, 1034652, 89963, 2968077, 1918384, 262427, 107757, 237448	FALSE
ASV_50623	1905723, 1905723;2315413, 89963, 2968077, 1918384, 262427, 107757	FALSE
ASV_50698	1606541, 1411661, 722754;1714387	FALSE
ASV_50782	33658;2611280	TRUE
ASV_50818	1905723, 1905723;2315413, 89963, 2968077, 1918384, 262427, 107757	FALSE
ASV_50891	163472, 163472;1240616, 1281436, 1281435	FALSE
ASV_50924	181122;2315894	TRUE
ASV_50930	1010556, 1010533, 1010473;1010490;1010542	FALSE
ASV_5102	1905723, 1905723;2315413, 89963, 2968077, 1918384, 262427, 107757	FALSE
ASV_5107	2737750, 2737749, 2592178, 2592175;2592176, 2592173, 1764895, 1764892, 464227	FALSE
ASV_51089	1783330, 1402126, 1402124, 320993, 402429, 1402133, 320986, 1196096, 1432278, 1432277, 1432298, 1432294, 1432281, 1432282, 1388879, 1388859, 1388858, 1388857, 1388855, 351238, 1388895, 1388896, 1388863;1388897, 1388862, 1388878, 1388877, 1388876, 1388875, 1388874, 1388873, 1388872, 1388871, 1388870, 1388869, 1388868, 1388867, 1388866, 320991, 1388865, 408840, 1388864, 1388827, 1388825, 1388824, 1388821, 1388817, 1388816, 1388815, 1388813, 1388812, 1388811, 1388810, 1388809, 1388806, 1388805, 1388804, 1388802, 1388853, 1388847, 1388846, 1388844, 1388843, 1388842, 1388841, 1388840, 1291058, 1388839, 1388837, 1388836, 1388831, 1388830, 1046322, 1046288	FALSE
ASV_51184	1864535, 500023, 316177, 499908, 499907, 2837385, 316211, 338256, 168785, 316213, 316177;316209;316211, 316184;316205, 645392	FALSE
ASV_51278	39450, 1905723, 1905723;2315413, 2968077, 2820087, 237470	FALSE
ASV_51382	1606541, 1411661, 722754;1714387	FALSE
ASV_51384	39450, 1905723, 1905723;2315413, 89963, 3019568, 2968077, 2820087, 2902008, 1519424, 1918384, 262427, 107757, 237470	FALSE
ASV_51387	48142, 290144, 673885, 102976, 150493, 290141;2060205, 290140, 209422, 290137, 6819, 290143, 290139	FALSE
ASV_51456	1606541, 1411661, 722754;1714387	FALSE
ASV_51655	576748, 264121, 256004;264121, 662079, 662078	FALSE
ASV_51688	559844, 614669, 705413, 2294036, 89963, 1679438, 244960, 2072196, 1760868, 2962066, 107757, 1643343, 1641589, 2591690, 1341611, 1341612, 1464143, 268820;1400434;1400435, 2303675, 2959, 1918384, 2592063, 2864110, 1186237, 904677, 763530, 686318, 651450, 268821, 268820, 268820;463290, 457367, 393878, 327389, 237452, 237449, 258031, 268820;268821, 66456	FALSE
ASV_51694	1806893, 1695222, 71861, 1652117, 1886619, 1655529, 143670, 2591690, 1691973, 1239451, 631048, 160611, 858356, 284798;284799;284802	FALSE
ASV_51714	39450, 260685, 1905723, 1905723;2315413, 2364126, 2303287, 1655534, 2968077, 2820087, 1290334, 1918384, 257771, 1614641, 257771;260685, 237470	FALSE
ASV_51721	1606541, 1411661, 722754;1714387	FALSE
ASV_51813	2015894, 2015897, 1521551, 1922289, 1922288, 1922287, 1922287;1922290, 316203, 645386, 168745, 2841618, 2841610, 338254, 168756, 168779, 2747905, 168763, 316230, 316229, 316226, 316224, 316191, 316218, 316216, 316215, 645353, 316178;316206;2721093	FALSE
ASV_51831	1606541, 1411661, 722754;1714387	FALSE
ASV_51836	1521551, 1922289, 1922288, 1922287, 1922287;1922290, 2841618, 2841610, 338254, 168779, 316229, 645353	FALSE
ASV_52014	2606884;2606885	TRUE
ASV_52081	60595, 1486432;1486433, 1486436, 47934	FALSE
ASV_52114	163516;1514140, 163516	FALSE
ASV_52239	1606541, 172717, 1411662, 1411661, 91992, 722754;1714387	FALSE
ASV_52302	2152833;2152838, 2152834, 1003027	FALSE
ASV_52388	95602, 135467;764359, 2934430, 106767, 585954, 580063, 151181, 378832, 135190, 156504, 53310, 40176	FALSE
ASV_5239	1521551, 1922289, 1922288, 1922287, 1922287;1922290, 2841618, 2841610, 338254, 168779, 316229, 645353	FALSE
ASV_52402	143670, 2661866, 2081639, 2528240, 89963, 1806893, 1695222, 71861, 1652117, 1764948, 1764946, 1764947, 1764957, 60595, 2925154, 2661873, 1655529, 1641596, 2963725, 2591690, 1918384, 1691973, 2735798, 1239451, 631048, 160611, 858356, 425808, 427755, 160610, 284798;284799;284802, 244960, 244961, 1225972	FALSE
ASV_52456	1486434, 1486432;1486433, 1486436, 47934	FALSE
ASV_52508	1010556, 1010533, 1010473;1010490;1010542	FALSE
ASV_52584	33658;2611280	TRUE
ASV_52599	33658;2611280	TRUE
ASV_52605	1606541, 1411661, 722754;1714387	FALSE
ASV_52606	2592063, 237449, 268820;1400434;1400435, 268821, 268820, 268820;463290, 268820;268821	FALSE
ASV_52637	33658;2611280	TRUE
ASV_52672	2528238, 2528237, 2528234;2528236, 2528233, 2528232;2528235, 2528231, 2528230, 2302167, 2302166, 2302164, 2302163, 2302162, 2302158, 2302157, 2302154, 44445, 44447	FALSE
ASV_52704	33658;2611280	TRUE
ASV_52845	1606541, 1411661, 722754;1714387	FALSE
ASV_52849	1010556, 1010533, 1010473;1010490;1010542	FALSE
ASV_52917	1764241, 1764237;1764239, 2812598, 1606473, 1764235, 1764234	FALSE
ASV_53000	1311521, 516040;1131439	FALSE
ASV_53044	39450, 260685, 1905723, 1905723;2315413, 2364126, 2303287, 3019568, 1655534, 2968077, 2820087, 1290334, 257771, 1614641, 257771;260685, 237470	FALSE
ASV_53168	316200;2015892	TRUE
ASV_53218	89963, 1806893, 1695222, 71861, 1652117, 1886619, 447210, 60595, 1655529, 143670, 2591690, 1918384, 1691973, 1239451, 439559, 1186237, 631048, 160611, 858356, 284798;284799;284802, 244960, 244961	FALSE
ASV_53243	2609847, 52066, 37862;52066, 37862	FALSE
ASV_53259	407301, 89963, 1806893, 1695222, 71861, 1652117, 1886619, 447210, 1655529, 298604, 143670, 2591690, 1918384, 1691973, 1239451, 1186237, 631048, 160611, 387435, 858356, 200894, 284798;284799;284802, 60595	FALSE
ASV_53399	1606541, 1411661, 722754;1714387	FALSE
ASV_53471	1606541, 1411661, 722754;1714387	FALSE
ASV_53517	1905723, 1905723;2315413, 407301, 89963, 2968077, 298604, 1918384, 387435, 237448, 200894, 60595	FALSE
ASV_5363	1695222, 71861, 1652117, 1655529, 143670, 1691973, 1239451, 631048, 160611, 858356, 284798;284799;284802	FALSE
ASV_5378	3003917, 2984355, 2984355;2984366, 2811693, 1122278, 107758, 66471	FALSE
ASV_53791	2737750, 2737749, 2592178, 2592175;2592176, 2592173, 1764895, 1764892, 464227	FALSE
ASV_53899	2606882;2606883, 1446920, 670440;1446917;2606889, 1446909	FALSE
ASV_53927	1905723, 1905723;2315413, 89963, 2968077, 1918384, 262427, 107757	FALSE
ASV_54221	1162089;1193138, 1162089	FALSE
ASV_5441	1905723, 1905723;2315413, 89963, 2968077, 1918384, 262427, 107757	FALSE
ASV_54476	33658;2611280	TRUE
ASV_54493	2919510;2919511, 2919509	FALSE
ASV_5454	1521551, 1922289, 1922288, 1922287, 1922287;1922290, 1390100, 2841609, 2841618, 2841610, 557396, 557399, 557398, 338254, 168779, 316229, 316192;316193, 645353	FALSE
ASV_54638	1982032, 1764827, 1764826, 1764825, 1764824, 72520;301231	FALSE
ASV_54719	1169001, 1050072, 1169006, 1050084, 1169003;1967941, 1169003, 1169000	FALSE
ASV_54725	33658;1631190, 1239450	FALSE
ASV_5479	1606541, 172717, 1411662, 1411661, 91992, 722754;1714387	FALSE
ASV_54922	163663;238910	TRUE
ASV_54933	2812485, 412153;424481	FALSE
ASV_5494	39450, 260685, 1905723, 1905723;2315413, 2364126, 2303287, 1655534, 2968077, 2820087, 1290334, 257771, 1614641, 257771;260685, 237470	FALSE
ASV_55	1905723, 1905723;2315413, 89963, 2968077, 142110, 1918384, 2699462, 262427, 1003175, 107757	FALSE
ASV_55034	66791;281612	TRUE
ASV_55053	1906480, 1906475, 1906472, 1906467, 1906466, 1906494, 1825719, 642806, 1906451, 1825698, 1825717, 13268;1345011, 395966, 395968, 395967, 13268, 114422, 231165, 231158, 231157, 231156, 231155, 231154	FALSE
ASV_55137	1905833, 236787, 464225, 1606603, 1606602, 236787;1411684, 2811676	FALSE
ASV_55139	33658;2611280	TRUE
ASV_55314	181122;2315894	TRUE
ASV_55410	89963, 1679438, 1695222, 71861, 1652117, 1678892, 447210, 60595, 1655529, 1641596, 143670, 1918384, 2864110, 1691973, 1239451, 1186237, 631048, 160611, 858356, 510610, 284798;284799;284802, 244960, 244961	FALSE
ASV_55456	1050096, 1050095, 1050094, 2739031, 2739030;2739031, 566470, 584795, 566471, 566467	FALSE
ASV_55582	1905723, 1905723;2315413, 89963, 2968077, 1918384, 262427, 107757	FALSE
ASV_5559	2984355;2984366, 2959, 427755	FALSE
ASV_55591	1905723, 1905723;2315413, 89963, 2219862, 2968077, 192219, 1918384, 262427, 107757	FALSE
ASV_55719	1606541, 1411661, 722754;1714387	FALSE
ASV_55781	2984355;2984366, 1886619, 1918384, 319230	FALSE
ASV_55934	1695222, 71861, 1652117, 1655529, 143670, 1691973, 1239451, 439559, 631048, 160611, 858356, 284798;284799;284802	FALSE
ASV_55967	48142, 290144, 673885, 102976, 150493, 290141;2060205, 290140, 209422, 290137, 6819, 290143, 290139	FALSE
ASV_56070	2302043, 2302042, 2302041, 2302040, 2302039, 2302038, 2302037, 2302036, 2302035, 2302034, 2302030, 2302027, 2302026, 2302025, 2302024, 2302023, 2302022, 2302021, 2302020, 2302019, 2302017, 2302015, 2302014, 2302013, 2302010, 2302009, 2302008, 2302005, 2302004, 2302003, 2302001, 2302000, 2301998, 2301997, 2301996, 2301995, 1048532, 240364, 240364;1497510	FALSE
ASV_56159	1606541, 1411661, 722754;1714387	FALSE
ASV_56438	316194;1390099	TRUE
ASV_56464	2767590, 1390100, 2841609, 168759, 316173, 316166, 316192;316193, 316183, 2721091, 316165	FALSE
ASV_56594	1937694;2962706, 1937694, 2962706	FALSE
ASV_56831	2302043, 2302042, 2302041, 2302040, 2302039, 2302038, 2302037, 2302036, 2302035, 2302034, 2302030, 2302027, 2302026, 2302025, 2302024, 2302023, 2302022, 2302021, 2302020, 2302019, 2302017, 2302015, 2302014, 2302013, 2302010, 2302009, 2302008, 2302005, 2302004, 2302003, 2302001, 2302000, 2301998, 2301997, 2301996, 2301995, 1048532, 240364, 240364;1497510	FALSE
ASV_56918	1335122, 555720, 216777, 216777;1244697, 1244698, 265616	FALSE
ASV_5698	1695222, 71861, 1652117, 1655529, 143670, 1691973, 1239451, 631048, 160611, 858356, 284798;284799;284802	FALSE
ASV_57098	33658;2611280	TRUE
ASV_57184	143672, 262969;262970	FALSE
ASV_57197	52970, 1326778, 254933, 1326780, 356655, 77929, 3043436, 2867507, 2867503, 1326774, 1326773, 1326769, 1326768, 1326767, 1326765, 1326762, 1326761, 195069, 1326782, 1010715, 437768, 141884;254933;356655, 356656, 46950	FALSE
ASV_57289	260685, 2364126, 2303287, 89963, 1290334, 1918384, 142110, 257771, 1124241, 2699462, 262427, 1003175, 107757, 257771;260685, 237448, 260577	FALSE
ASV_57486	2302043, 2302042, 2302041, 2302040, 2302039, 2302038, 2302037, 2302036, 2302035, 2302034, 2302030, 2302027, 2302026, 2302025, 2302024, 2302023, 2302022, 2302021, 2302020, 2302019, 2302017, 2302015, 2302014, 2302013, 2302010, 2302009, 2302008, 2302005, 2302004, 2302003, 2302001, 2302000, 2301998, 2301997, 2301996, 2301995, 1048532, 240364, 240364;1497510	FALSE
ASV_57639	2737750, 2737749, 2592178, 2592177, 2592175;2592176, 2592174, 2592173, 1764895, 1764892, 1606611, 464227	FALSE
ASV_57641	1937694;2962706, 1937694, 2962706	FALSE
ASV_57642	2767590, 1390100, 2841609, 168759, 316173, 316166, 316192;316193, 316183, 2721091, 316165	FALSE
ASV_57667	1606541, 1411661, 722754;1714387	FALSE
ASV_57704	2812485, 412153;424481	FALSE
ASV_57726	92480, 109222, 458363, 458362, 247917;458352, 571920, 53836	FALSE
ASV_57768	44452, 561169, 1034827, 44452;119481, 44452;2081491	FALSE
ASV_58049	3075302, 119481, 1000984, 1000986, 948923, 284730, 284693;284726;284727;284729	FALSE
ASV_58106	2116594, 2116593;2116594;2116595, 2116593, 125075, 1764180	FALSE
ASV_58156	1335122, 555720, 216777, 216777;1244697, 1244698, 265616	FALSE
ASV_582	1905723, 1905723;2315413, 89963, 2968077, 1918384, 262427, 107757	FALSE
ASV_58238	3003917, 2984355, 2984355;2984366, 2811693, 1122278, 107758, 66471	FALSE
ASV_58374	316178;316206;2721093	TRUE
ASV_5844	260685, 2364126, 2303287, 1290334, 257771, 257771;260685, 464242	FALSE
ASV_58457	1513194, 28456;1211902, 158510	FALSE
ASV_58545	83791, 1813674, 585852, 3120, 111617, 3117;153908, 75689	FALSE
ASV_58706	2767590, 1390100, 2841609, 168759, 316173, 316166, 316192;316193, 316183, 2721091, 316165	FALSE
ASV_58802	33658;2611280	TRUE
ASV_58812	1335122, 555720, 216777, 216777;1244697, 1244698, 265616	FALSE
ASV_5896	2801507, 1171686, 1171678;1171685, 1171684, 1171683, 1171682, 1171681, 1171680, 1171679, 1171677, 1171669;1171676, 1171675, 1171672;1171673, 1171671, 1171670, 1171674, 252315	FALSE
ASV_58970	2812485, 424542, 412153;424481	FALSE
ASV_58975	2812485, 424542, 412153;424481	FALSE
ASV_59096	39450, 1905723, 1905723;2315413, 3019568, 2968077, 2820087, 2902008, 237470	FALSE
ASV_59147	1606541, 1411661, 722754;1714387	FALSE
ASV_59266	1010556, 1010533, 1010473;1010490;1010542	FALSE
ASV_59291	1010556, 1010533, 1010473;1010490;1010542	FALSE
ASV_59327	1606541, 1411661, 722754;1714387	FALSE
ASV_59412	48142, 290144, 673885, 102976, 150493, 290141;2060205, 290140, 209422, 290137, 6819, 290143, 290139	FALSE
ASV_59435	1695222, 71861, 1652117, 1655529, 143670, 1691973, 1239451, 631048, 160611, 858356, 284798;284799;284802	FALSE
ASV_59564	2302269, 2302267, 2302266, 303400, 1766654;1884248, 1764649, 1884248, 2906512, 1181720	FALSE
ASV_59582	1937694;2962706, 1937694, 2962706	FALSE
ASV_59657	2737750, 2737749, 2592178, 2592175;2592176, 2592173, 1764895, 1764892, 1003021, 464227	FALSE
ASV_59719	1428570, 89963, 1806893, 1695222, 71861, 1652117, 1886619, 1655529, 143670, 1519423, 2591690, 1918384, 1691973, 1129410, 1239451, 1196158, 1196157, 631048, 160611, 858356, 501609, 501608, 289378, 284798;284799;284802, 310565	FALSE
ASV_59742	39450, 260685, 1905723, 1905723;2315413, 2364126, 2303287, 1655534, 2968077, 2820087, 1290334, 257771, 1614641, 257771;260685, 237470	FALSE
ASV_59801	1982032, 1764827, 1764826, 1764825, 1764824, 72520;301231	FALSE
ASV_59910	2302077, 2302083, 2302080, 2302267, 2302266, 2302204, 1766654;1884248, 137466, 1242269, 1181720, 1034817	FALSE
ASV_6	1905723, 1905723;2315413, 89963, 2968077, 1918384, 262427, 107757	FALSE
ASV_60	1294199, 2653978, 2653824;2653825, 2653823, 88015, 2748857, 2748856, 2748855	FALSE
ASV_60142	1010554, 1010507, 1010474;1010503;1010513;1010526	FALSE
ASV_60229	291032, 83372;291032, 376140	FALSE
ASV_60340	2302266, 1766654;1884248, 1181720	FALSE
ASV_60374	2592063, 237449, 268820;1400434;1400435, 268821, 268820, 268820;463290, 268820;268821	FALSE
ASV_605	316178;316206;2721093	TRUE
ASV_60525	1521551, 1922289, 1922288, 1922287, 1922287;1922290, 2841618, 2841610, 338254, 168779, 316229, 645353	FALSE
ASV_6070	6063, 2849410;2849411, 2849408, 145470, 1336887	FALSE
ASV_60700	259829;259833	TRUE
ASV_60777	1169001, 1050084, 1169003;1967941, 1169003, 1169000	FALSE
ASV_60825	265524;281058, 265524	FALSE
ASV_60826	1695222, 71861, 1652117, 2962066, 1679438, 447210, 1655529, 1643343, 143670, 2959, 1918384, 1691973, 1239451, 631048, 160611, 858356, 651450, 284798;284799;284802	FALSE
ASV_60893	2812598, 1764240, 464278, 156122;284971	FALSE
ASV_60916	39450, 1905723, 1905723;2315413, 2968077, 2820087, 237470	FALSE
ASV_6096	1905723, 1905723;2315413, 89963, 2968077, 1918384, 262427, 107757	FALSE
ASV_6103	3075302, 119481, 1000984, 1000986, 948923, 284730, 284693;284726;284727;284729, 1606626, 2303169, 2303168	FALSE
ASV_61045	1010556, 1010533, 1010473;1010490;1010542	FALSE
ASV_61054	1910764;2518964	TRUE
ASV_61064	1806893, 1695222, 71861, 1652117, 1886619, 2962066, 1679438, 1655529, 1643343, 143670, 2591690, 2959, 1918384, 1691973, 1239451, 631048, 160611, 858356, 651450, 289378, 284798;284799;284802, 310565	FALSE
ASV_61136	1486432;1486433, 1486436	FALSE
ASV_61140	39450, 1905723, 1905723;2315413, 2968077, 2820087, 237470	FALSE
ASV_61194	1606541, 1411661, 722754;1714387	FALSE
ASV_61358	1606541, 1411661, 722754;1714387	FALSE
ASV_61363	1905723, 1905723;2315413, 2968077	FALSE
ASV_61417	1486434, 1486432;1486433, 47934, 2575364	FALSE
ASV_61671	39450, 260685, 1905723, 1905723;2315413, 2364126, 2303287, 1655534, 2968077, 2820087, 1290334, 257771, 1614641, 257771;260685, 237470	FALSE
ASV_61945	1695222, 71861, 1652117, 1655529, 143670, 1918384, 1691973, 1239451, 631048, 160611, 858356, 284798;284799;284802	FALSE
ASV_62166	156133, 284976;284978;284979;284980;284981;284982	FALSE
ASV_62206	2294129, 2302269, 2302267, 2302266, 1766654;1884248, 1764648, 1181720	FALSE
ASV_6221	48142, 290144, 673885, 102976, 150493, 290141;2060205, 290140, 209422, 290137, 6819, 290143, 290139	FALSE
ASV_62216	181122;2315894	TRUE
ASV_62253	1606541, 1411661, 722754;1714387	FALSE
ASV_62334	2737750, 2737749, 2592178, 2592175;2592176, 2592173, 1764895, 1764892, 464227	FALSE
ASV_62362	2302043, 2302042, 2302041, 2302040, 2302039, 2302038, 2302037, 2302036, 2302035, 2302034, 2302030, 2302027, 2302026, 2302025, 2302024, 2302023, 2302022, 2302021, 2302020, 2302019, 2302017, 2302015, 2302014, 2302013, 2302010, 2302009, 2302008, 2302005, 2302004, 2302003, 2302001, 2302000, 2301998, 2301997, 2301996, 2301995, 1048532, 240364, 240364;1497510	FALSE
ASV_62364	1010556, 1010533, 1010473;1010490;1010542	FALSE
ASV_62368	39450, 260685, 1905723, 1905723;2315413, 2364126, 2303287, 1655534, 2968077, 2820087, 1290334, 257771, 1614641, 1050093, 685750, 1050090, 622781, 257771;260685, 237470	FALSE
ASV_62470	1606541, 1411661, 722754;1714387	FALSE
ASV_62473	1606541, 1411661, 722754;1714387	FALSE
ASV_62496	156133, 284976;284978;284979;284980;284981;284982	FALSE
ASV_62760	1606541, 1411661, 722754;1714387	FALSE
ASV_62849	1521551, 1922289, 1922288, 1922287, 1922287;1922290, 2841618, 2841610, 338254, 168779, 316229, 316231, 645353	FALSE
ASV_62905	1606541, 1411661, 722754;1714387	FALSE
ASV_63003	2767590, 1390100, 2841609, 168759, 316173, 316166, 316192;316193, 316183, 2721091, 316165	FALSE
ASV_63281	1695222, 71861, 1652117, 1655529, 143670, 1918384, 1691973, 1239451, 631048, 160611, 858356, 284798;284799;284802, 284797	FALSE
ASV_63470	1606541, 1411661, 722754;1714387	FALSE
ASV_63502	1905833, 236787, 464225, 1606603, 1606602, 236787;1411684, 2811676	FALSE
ASV_63514	1905723, 1905723;2315413, 3019568, 2968077, 2902008	FALSE
ASV_63551	2528238, 2528237, 2528234;2528236, 2528233, 2528232;2528235, 2528231, 2528230, 2302167, 2302166, 2302164, 2302163, 2302162, 2302158, 2302157, 2302154, 44445, 44447	FALSE
ASV_63612	181122;2315894	TRUE
ASV_63646	2302267, 2302266, 1766654;1884248, 1181720	FALSE
ASV_6371	478120;478126	TRUE
ASV_63783	1010487;1010569, 1010567;1010568, 1010543	FALSE
ASV_6383	416832;1973158, 2913304, 187796, 416832	FALSE
ASV_63863	2302266, 1766654;1884248, 1181720	FALSE
ASV_63920	2767590, 1390100, 2841609, 168759, 316173, 316166, 316192;316193, 316183, 2721091, 316165	FALSE
ASV_63999	316194;1390099	TRUE
ASV_641	2903, 38817, 1856765, 2483873, 280463, 2903;38817;1663125, 38817;284784;284790, 2903;38817, 2611280	FALSE
ASV_64114	270537, 56723, 94984, 508554, 1161360, 274803, 171736, 1367090, 428446, 1411154, 1333648, 202602, 237618, 146811, 482919, 334415, 236585, 555488, 531324, 555490, 1154654, 119718, 236586, 1182846, 555487, 13604, 459920, 1609601, 274714, 1156143, 163143, 242929, 242928, 1099869, 941984, 34816, 75022;315492;463596;687869	FALSE
ASV_64137	1606541, 1411661, 722754;1714387	FALSE
ASV_64190	1905833, 236787, 1606603, 1606602, 236787;1411684, 2811676	FALSE
ASV_64271	1606541, 1411661, 722754;1714387	FALSE
ASV_64309	181122;2315894	TRUE
ASV_64507	1905833, 236787, 1606603, 1606602, 236787;1411684, 2811676	FALSE
ASV_64520	1905833, 3075301, 236787, 1606603, 1606602, 236787;1411684, 2811676	FALSE
ASV_64652	1010554, 1010507, 1010474;1010503;1010513;1010526	FALSE
ASV_64831	2919510;2919511, 2919509	FALSE
ASV_64938	1169001, 1050084, 1169003;1967941, 1169003, 1169000	FALSE
ASV_65034	1169001, 1050084, 1169003;1967941, 1169003, 1169000	FALSE
ASV_65133	2528238, 2528237, 2528234;2528236, 2528233, 2528232;2528235, 2528231, 2528230, 2302167, 2302166, 2302164, 2302163, 2302162, 2302158, 2302157, 2302154, 1969918, 44445, 44447	FALSE
ASV_65145	1560730, 2057900, 1530226, 3049691, 2963884;3049691	FALSE
ASV_65250	2302041, 2302040, 2302038, 2302026, 2301997, 2301995, 1048532, 240364;1497510	FALSE
ASV_65258	1010554, 1010507, 1010474;1010503;1010513;1010526	FALSE
ASV_65267	1234821, 2152833;2152838, 2152834, 1003027	FALSE
ASV_65320	2301985, 2301983, 2301982, 2301981, 2301980, 2301979, 2301978, 2301976, 2301975, 2301974, 2301971, 2301970, 2301969, 2301968, 2301967, 2301966, 2301965, 2301964, 2301963, 2301962, 2301961, 2301960, 2301959, 2301957, 2301956, 2301955, 2301954, 2301953, 2301951, 2301950, 2301949, 2301948, 2301947;2301973, 2301946, 2301945, 2301944, 2301943, 2301942, 2301941, 2301940, 2301939, 2301938, 2301936, 2301935, 2294183, 420275, 1762025	FALSE
ASV_65360	2528238, 2528237, 2528234;2528236, 2528233, 2528232;2528235, 2528231, 2528230, 2302167, 2302166, 2302164, 2302163, 2302162, 2302158, 2302157, 2302154, 44445, 44447	FALSE
ASV_65822	2737750, 2737749, 2592178, 2592175;2592176, 2592173, 1764895, 1764892, 464227	FALSE
ASV_65859	1390100, 2841609, 326734, 316192;316193	FALSE
ASV_66007	1335122, 555720, 216777, 216777;1244697, 1244698, 265616	FALSE
ASV_6601	143672, 262969;262970	FALSE
ASV_66060	1335122, 555720, 216777, 216777;1244697, 1244698, 265616	FALSE
ASV_66283	1905833, 236787, 1606603, 1606602, 236787;1411684, 2811676	FALSE
ASV_66300	1606541, 1411661, 722754;1714387	FALSE
ASV_66302	260685, 2364126, 2303287, 89963, 2984361, 2984353, 2984350, 2984346, 2984362, 2984345, 1290334, 1918384, 257771, 1186237, 35672, 257771;260685, 244960	FALSE
ASV_66342	1335122, 555720, 216777, 216777;1244697, 1244698, 265616	FALSE
ASV_66362	1606541, 1411661, 722754;1714387	FALSE
ASV_66483	426657, 1560730, 2057900, 1530226, 3049691, 2963884;3049691	FALSE
ASV_66565	2302267, 1766654;1884248, 270628, 1181720	FALSE
ASV_66587	1905833, 236787, 464225, 1606603, 1606602, 236787;1411684, 2811676	FALSE
ASV_6691	330485, 3055, 2555763, 47783, 2170682, 51695, 2026945;2026946;2026947, 47281, 51707, 51717, 47784, 47282, 78182, 140670, 3058019, 3058018, 3058017, 3058014, 3058012, 3058011, 3058010, 3058008, 3058007, 3058006, 3058005, 3058004, 2911186, 2909273, 1445873, 1157961, 51694, 1244624, 1244599, 51710, 2696977, 457186, 3068	FALSE
ASV_6735	1524186, 1304840, 549348, 549345;1516112, 549349, 549347, 549346	FALSE
ASV_6747	1695222, 71861, 1652117, 1655529, 143670, 1918384, 1691973, 1239451, 631048, 160611, 858356, 501609, 501608, 289378, 284798;284799;284802, 310565	FALSE
ASV_6770	39450, 260685, 1905723, 1905723;2315413, 2364126, 2303287, 1655534, 2968077, 2820087, 1290334, 257771, 1614641, 257771;260685, 237470	FALSE
ASV_6801	1010554, 1010507, 1010474;1010503;1010513;1010526, 1010487;1010569, 1010567;1010568, 1010543	FALSE
ASV_6910	143670, 1695222, 71861, 1652117, 1655529, 1691973, 1239451, 631048, 160611, 858356, 284798;284799;284802	FALSE
ASV_6928	156133, 284976;284978;284979;284980;284981;284982	FALSE
ASV_7025	2294129, 2302269, 2302267, 2302266, 1766654;1884248, 1764649, 270628, 303402, 1181720	FALSE
ASV_7067	260685, 2364126, 2303287, 1290334, 257771, 257771;260685	FALSE
ASV_7107	1905723, 1905723;2315413, 89963, 2968077, 1918384, 262427, 107757	FALSE
ASV_7135	1695222, 71861, 1652117, 1655529, 143670, 1918384, 1691973, 1239451, 631048, 160611, 858356, 284798;284799;284802	FALSE
ASV_721	1905833, 236787, 1606603, 1606602, 236787;1411684, 2811676, 1411684	FALSE
ASV_7256	1286872, 260685, 2364126, 2303287, 407301, 89963, 1886619, 298604, 1290334, 1918384, 257771, 387435, 35672, 257771;260685, 200894, 60595	FALSE
ASV_727	35677, 35677;44463	FALSE
ASV_7276	576748, 264121, 256004;264121, 662079, 662078, 2934432	FALSE
ASV_728	1311521, 516040;1131439	FALSE
ASV_7281	2812485, 412153;424481	FALSE
ASV_7290	1010556, 1010533, 1010473;1010490;1010542	FALSE
ASV_7432	260685, 2364126, 2303287, 1290334, 257771, 35672, 257771;260685	FALSE
ASV_7477	1486434, 1486432;1486433, 1486436, 47934	FALSE
ASV_7494	156133, 284976;284978;284979;284980;284981;284982	FALSE
ASV_7563	1905723, 1905723;2315413, 89963, 2219862, 447210, 2968077, 1918384, 262427, 107757	FALSE
ASV_7567	143672, 262969;262970	FALSE
ASV_757	316200;2015892	TRUE
ASV_7621	1606541, 1411661, 722754;1714387	FALSE
ASV_7624	1905723, 1905723;2315413, 89963, 447210, 2968077, 1918384, 262427, 107757	FALSE
ASV_7690	1905723, 1905723;2315413, 2968077	FALSE
ASV_7722	1905723, 1905723;2315413, 89963, 2968077, 142110, 1918384, 2699462, 262427, 1003175, 107757	FALSE
ASV_777	1905723, 1905723;2315413, 89963, 2968077, 1918384, 262427, 107757	FALSE
ASV_7782	416832;1973158, 2913304, 187796, 416832	FALSE
ASV_7801	109897, 1983341, 109897;1983341, 693117, 252700	FALSE
ASV_7908	1905723, 1905723;2315413, 2968077	FALSE
ASV_7915	1905723, 1905723;2315413, 89963, 2968077, 142110, 1918384, 2699462, 262427, 1003175, 107757	FALSE
ASV_7920	1695222, 71861, 1652117, 1655529, 143670, 1918384, 1691973, 1239451, 631048, 160611, 858356, 284798;284799;284802, 284797	FALSE
ASV_7957	1050096, 1050095, 1050094, 2739031, 2739030;2739031, 566470, 584795, 566471, 566467	FALSE
ASV_7995	1162085, 1162089;1193138, 1162089	FALSE
ASV_8034	1390100, 2841609, 316192;316193	FALSE
ASV_8147	2812485, 412153;424481	FALSE
ASV_8239	1162089;1193138, 1162089	FALSE
ASV_8274	2294129, 2302269, 2302267, 2302266, 1766654;1884248, 1764648, 1181720	FALSE
ASV_8422	1695222, 71861, 1652117, 1655529, 143670, 1691973, 1239451, 631048, 160611, 858356, 284798;284799;284802	FALSE
ASV_8507	2039256, 1641631, 2666230, 137994, 1784808, 31252, 1784805, 1888177, 1888178, 983673, 2993662;2993663, 2772589, 82852	FALSE
ASV_8515	1335122, 555720, 216777, 216777;1244697, 1244698, 265616	FALSE
ASV_8549	447208, 447208;497816	FALSE
ASV_8563	1010487;1010569, 1010567;1010568, 1010543	FALSE
ASV_8653	1905723, 1905723;2315413, 2968077	FALSE
ASV_8659	1905723, 1905723;2315413, 633638, 1034652, 89963, 2968077, 1918384, 262427, 107757	FALSE
ASV_8672	1695222, 71861, 1652117, 1655529, 143670, 1691973, 1239451, 631048, 160611, 858356, 284798;284799;284802	FALSE
ASV_8689	1905833, 236787, 464225, 1606603, 1606602, 236787;1411684, 2811676	FALSE
ASV_8769	1905723, 1905723;2315413, 89963, 2968077, 1918384, 262427, 107757	FALSE
ASV_880	2926, 2932, 2925, 1126604, 1126602, 1126601, 1041877, 1041877;1126601;1126602;1126603;1126604, 1126608, 1126610, 1126608;1126610, 1126605;1126607;1126608;1126609;1126610	FALSE
ASV_8971	1390100, 2841609, 316192;316193	FALSE
ASV_902	181122;2315894	TRUE
ASV_9051	1905723, 1905723;2315413, 89963, 2968077, 1918384, 262427, 107757	FALSE
ASV_9118	163516;1514140	TRUE
ASV_914	2015894, 2015897, 1521551, 1922289, 1922288, 1922287, 1922287;1922290, 645386, 168745, 2841618, 2841610, 338254, 168779, 2747905, 168763, 316230, 316229, 316224, 316218, 316216, 316215, 645353	FALSE
ASV_9181	1695222, 71861, 1652117, 1655529, 143670, 1691973, 1239451, 631048, 160611, 858356, 284798;284799;284802	FALSE
ASV_9185	1607965, 1607973, 1607966;1607967;1607968;1607971;1607974	FALSE
ASV_919	1010554, 1010507, 1010474;1010503;1010513;1010526, 1010487;1010569, 1010567;1010568, 1010543	FALSE
ASV_923	1905723, 1905723;2315413, 89963, 2968077, 1918384, 262427, 107757	FALSE
ASV_9277	1905723, 1905723;2315413, 3019568, 2968077, 2902008	FALSE
ASV_9292	1864535, 500023, 316177, 499908, 499907, 2837385, 316211, 338256, 168785, 316213, 316177;316209;316211, 316184;316205, 645392	FALSE
ASV_9350	1191119;1285930	TRUE
ASV_9456	3003917, 2984355, 2984355;2984366, 2811693, 1122278, 107758, 66471	FALSE
ASV_9539	1905833, 236787, 1606603, 1606602, 236787;1411684, 2811676	FALSE
ASV_9707	1905723, 1905723;2315413, 89963, 2968077, 1918384, 262427, 107757	FALSE
ASV_9716	2015894, 2015897, 1521551, 1922289, 1922288, 1922287, 1922287;1922290, 316203, 645386, 168745, 2841618, 2841610, 338254, 168756, 168779, 2747905, 168763, 316230, 316229, 316226, 316224, 316191, 316218, 316216, 316215, 645353, 316178;316206;2721093	FALSE
ASV_9865	2735543, 2735541;2735546;2735549;2735714;2735715;2735716, 1918590, 1817548, 869566, 869566;1576524, 270263, 639604, 328237, 86521, 89609, 89608, 2934524, 2934523, 1562872;1576528;1576529, 1150263, 1460411, 859418;1576522, 859418, 1460410, 1460408	FALSE
ASV_9937	3029, 2867499, 478127, 1713627, 478124, 478122, 478121, 354589, 195065;296652, 356657	FALSE
