1000984
1000986
1000995
1001648
1001702
1003018
1003019
1003021
1003027
1003031
1003037
1003040
1003042
1003048
1003062
1003067
1003075
1003076
1003085
1003095
1003121
1003149
1003162
1003175
1003302
1003322
1003325
1003329
1003333
1007037
1007867
100861
1010424
1010425
1010426
1010430
1010433
1010434
1010435
1010436
1010437
1010438
1010439
1010442
1010443
1010450
1010452
1010453
1010454
1010455
1010456
1010457
1010459
1010461
1010462
1010463
1010465
1010467
1010468
1010470
1010471
1010473
1010474
1010487
1010490
1010493
1010498
1010500
1010503
1010505
1010506
1010507
1010510
1010513
1010526
1010533
1010535
1010542
1010543
1010544
1010547
1010554
1010556
1010567
1010568
1010569
1010715
10141
101924
10201
102167
102291
102310
102324
1028394
1028797
102976
1030540
1030541
1030542
1030544
1030545
1030547
1030548
1030549
1032426
1032427
1032428
1032429
1032430
1032431
1032432
1032433
1032434
1032435
1032436
1032437
1032438
1032439
1032440
1032441
103348
1034597
1034600
1034601
1034612
1034616
1034627
1034652
103481
1034813
1034814
1034816
1034817
1034818
1034827
1035520
1035524
1035526
1035527
1035529
1035565
1035838
1036741
1037239
1038839
1041365
1041512
1041513
1041877
1042646
1043166
1043710
1043719
1043733
1043734
1043735
1043736
1043737
1043741
104385
104531
1045403
1045404
1045425
1045426
1045427
1045428
1046028
1046288
1046322
1046328
1046380
1046712
104721
104727
1048532
1048533
1048674
1049057
1049064
1049070
1049188
1049280
1049793
1049796
1049800
1050070
1050072
1050077
1050079
1050080
1050081
1050082
1050084
1050087
1050088
1050089
1050090
1050091
1050092
1050093
1050094
1050095
1050096
1050102
1051708
1051727
1051732
1051736
1052040
1052851
1054385
1054387
1054392
1054395
1054399
1054984
1054987
1054991
1055000
1056814
105772
105873
105949
105997
106015
106016
106018
106019
106224
1064588
1064589
106537
106539
106542
106543
1065496
106767
1068600
1068818
1069094
1069099
1069103
1069743
107032
1071554
1073398
107388
1073941
1074458
1076772
107736
107757
107758
1081868
1081871
1081906
1082669
1082671
1082687
1082693
1082699
108425
108501
1086048
1087309
109058
109063
109069
109071
109072
1091077
1091465
1091472
1091473
1091474
1091476
109222
109239
1093678
109470
109475
109671
109870
109878
109890
109894
109897
109902
109921
109932
109941
109952
109953
109966
1099869
1100087
110073
110081
110142
110146
110316
1104380
1104381
1104407
1105122
1105129
1108076
1108793
1108795
1108796
1109176
1109177
1109178
1109194
1109200
1113534
111616
111617
1117028
1117292
1117293
1117331
1117335
1117715
1118495
111862
111872
1118971
1118981
112070
1122278
1123717
1123960
1124163
1124228
1124229
1124235
1124236
1124237
1124241
1124467
112456
1125411
1125681
1126578
1126601
1126602
1126603
1126604
1126605
1126607
1126608
1126609
1126610
1127100
1127101
1127103
1127108
1127109
1127115
1127117
1127127
1127133
1127137
1127141
1127202
1127203
1127205
1127211
1127213
1127215
1127216
1127217
1127218
1127220
1127222
1127223
1127401
1127403
1127410
1127415
1127417
1128105
1128107
1128109
1128110
112819
1129275
1129380
1129410
1130126
1130128
113104
1131436
1131437
1131438
1131439
1131440
1131441
1131446
1131450
1131898
1131993
1131995
1132301
1132302
1132513
1132515
1132520
1132523
1132524
1132613
1133372
1133415
1133416
1133419
1133423
1134058
1134511
1136284
1136322
113644
1136786
1137987
1140381
114067
114068
114070
114071
114158
114159
114167
1141711
1141916
1142141
114254
1143167
1143169
114422
1144756
1144879
1145023
1146997
1147133
1148061
1148068
1148156
114959
1150263
1150272
1150424
1151059
1154654
1155428
1155431
1155432
1155433
1155435
1155436
1155437
1155554
1156094
1156143
1156569
1156572
1156574
1157692
1157699
1157700
1157701
1157961
1157962
1157975
1157983
1158033
1158051
115846
115849
115871
116065
116097
1161360
1162085
1162089
1162740
1162744
1162811
1164854
1165304
1167210
1167211
1167625
1167876
1168855
1168997
1168998
1168999
1169000
1169001
1169003
1169006
1169007
1169131
1169132
1169133
1169547
116955
1169886
1169946
1170228
1170544
1170546
1170553
1170808
1171669
1171670
1171671
1171672
1171673
1171674
1171675
1171676
1171677
1171678
1171679
1171680
1171681
1171682
1171683
1171684
1171685
1171686
1175235
117529
1176301
1176321
1176324
1176325
1176361
1176362
1176364
1176367
1176368
1176369
1176370
1176371
1176373
1176376
1176383
1176387
1176391
1176393
1176437
1176450
1176540
1177057
1177065
1177066
1177070
1177091
1177109
1177112
118079
1181720
1181996
1182846
1183869
1183870
1186237
1186922
1190596
119094
1191119
1191181
1193135
1193136
1193137
1193138
1193141
119368
119369
119370
119372
1194294
1194445
1194616
119481
119488
1194921
119497
1196007
1196008
1196096
1196153
1196155
1196156
1196157
1196158
119718
1197881
1198107
1198650
1198651
1200910
1202778
120299
120300
1203193
120371
120431
120439
120444
1207440
120807
1208237
120984
120998
1209994
1209995
1209996
1209997
1209999
1210000
1210002
121006
1210435
1210441
121138
1211902
1212511
1212512
1212513
1212670
1213227
1213238
1213619
1214251
1214252
1214253
1214254
1214255
1214256
121462
1215623
1215679
122208
1222186
122233
122415
1225972
1226012
1227368
1227670
1229391
1229646
1229648
1229649
1229734
1229908
1229974
1230018
1230126
1230320
1231703
123247
1232734
1232794
1233128
1233129
1233130
1233135
1233137
1233139
1233140
1233141
1233143
1233144
1233147
1233151
1233152
1233153
1233155
1233160
1234421
1234425
1234578
1234815
1234819
1234821
1235896
1236003
1237092
1238239
1239444
1239446
1239447
1239448
1239449
1239450
1239451
1240238
1240616
1242177
1242244
1242268
1242269
1242270
124337
124338
124339
1244596
1244599
1244600
1244602
1244606
1244608
1244624
1244630
1244696
1244697
1244698
1244777
1244778
1245207
1245916
1245918
1246328
1246337
1246789
1246790
1249456
1250544
125075
1261549
1261551
1261641
1262060
1262066
1262067
1262068
1262069
1262070
1262087
1262089
1262093
1262610
1263187
1263189
1263193
1263499
126422
1266559
1266579
1267136
1267142
1267145
126839
1268617
1268954
1269040
127145
127148
127151
1272193
127229
1272517
1273022
1273161
1273570
1273571
1274397
1274398
1274476
1274958
127562
127563
127567
1276015
1276030
1276033
1276034
1276035
1276036
1276039
1276068
1276080
1276092
1276093
1276138
1276173
1276540
1276541
1280054
1280055
1280056
128131
1281427
1281428
1281429
1281431
1281435
1281436
1282893
1283839
128490
1285930
1286072
1286073
1286074
1286077
1286078
1286872
1286876
1288891
1288896
1290334
129068
129077
1290986
1291058
1291152
129185
129187
129217
129219
1292461
1292961
1292964
1292965
1294199
1294205
1294206
1294207
1294322
1294345
1294353
1294356
1294370
129555
1295631
1295632
1295633
1295634
1297756
129788
1298853
12997
1301587
1302182
1302589
1302591
1302592
1302594
1302597
1302599
1302601
1302612
1302792
1302831
1303141
1303142
1303144
1303152
1303153
1303154
1303155
1303156
1303164
1303913
1303917
1304840
1306363
1307430
130825
1308625
1308629
1308635
1308642
1308664
1308665
1308666
13093
130991
13108
1311516
1311521
1311528
1312091
131223
1312525
13129
1312931
1314681
1315715
1316033
1316094
131612
1317688
1317690
1317750
1320665
1320666
1320667
1320669
1320670
1320671
1320672
1320681
1320689
1320695
1320699
1320701
1320703
1320712
1320720
1320728
1320732
1320734
1320736
1320742
1320744
1321398
132176
13221
1322174
132407
132611
1326761
1326762
1326765
1326767
1326768
1326769
1326771
1326773
1326774
1326775
1326776
1326778
1326779
1326780
1326782
1326783
13268
1326985
1326991
1329067
1329528
1331976
133204
1332091
1332093
1332095
1332097
1332104
1332105
1332178
1332182
1332183
13323
1333648
1333877
133427
1334925
1334933
1334934
1334935
1334967
1334968
1334977
1335019
1335100
1335101
1335108
1335110
1335111
1335114
1335120
1335122
13353
1336425
1336887
1336889
133708
1339087
13397
1341611
1341612
1342546
1342605
1342606
1342640
1342684
1342701
1343129
1343130
1343133
1343137
1343140
1343669
1344038
1345010
1345011
1345012
1345014
1345018
1346146
1346247
1346497
1346585
1346586
134763
1348343
1348417
134997
1350301
13519
135190
135247
1352833
1353228
1353797
13543
1354307
135467
135477
135516
135764
135765
135766
1357977
13587
13604
13608
136085
136180
136183
136184
136186
136462
1365472
1365490
1365926
1366059
13662
1366867
1366900
1367090
1367441
1367454
1367457
1367458
1367459
13676
13677
1368171
137008
1370263
137259
137466
137520
13789
137994
1381949
1381950
1381981
1382210
1382314
1382317
1382319
1384505
138539
138849
1388802
1388804
1388805
1388806
1388809
1388810
1388811
1388812
1388813
1388815
1388816
1388817
1388821
1388824
1388825
1388827
1388830
1388831
1388836
1388837
1388839
1388840
1388841
1388842
1388843
1388844
1388846
1388847
1388853
1388855
1388857
1388858
1388859
1388862
1388863
1388864
1388865
1388866
1388867
1388868
1388869
1388870
1388871
1388872
1388873
1388874
1388875
1388876
1388877
1388878
1388879
1388883
1388884
1388885
1388895
1388896
1388897
138984
1390099
1390100
139025
1390973
1390974
139175
1395176
1395669
139737
1398096
1398097
1398153
1399332
1399366
1399367
139976
139980
1400203
1400434
1400435
1400981
1400982
1401165
1401170
1401175
1401176
1401179
1401188
1401193
1401196
1401202
1401349
1401354
1402124
1402126
1402133
1403701
1403702
140453
140454
140455
140456
140457
140469
140480
140481
140482
140483
140487
140489
140496
140498
140670
1407008
1407009
1407623
1407743
1407745
1408139
1408141
1408142
1408152
1410606
1411154
1411623
1411642
1411661
1411662
1411679
1411682
1411684
1411923
1411952
1412022
141395
141397
141414
1414757
1414758
1414760
1415524
1416937
141716
141884
141886
141887
1420631
1420636
1420639
1420642
1420817
142110
142113
1421134
1421154
1421822
1421823
1421824
1421826
1421827
1423344
1425174
1425477
1427364
1427385
142807
1428408
1428570
1429247
1431121
1431123
1431824
1431828
1431835
1431987
1432082
1432277
1432278
1432281
1432282
1432294
1432298
143345
143453
1434743
1434936
1434982
1435210
1436030
1436031
1436077
1436140
143670
143672
1437065
1437071
1437072
1437073
1437326
1439769
1442596
1442597
1443164
1443200
1445873
1446102
1446909
1446910
1446917
1446919
1446920
1449113
145168
145396
1453980
145470
145522
1459163
1460289
1460408
1460409
1460410
1460411
1460412
1461541
1461544
1462466
1462947
1462949
1463818
1464143
146760
146811
1468194
1469146
1469147
1469148
1470270
1470272
1471208
1471210
1472339
1472678
1477495
147767
147769
1478135
1479641
1479644
1479645
1483204
1483208
1484060
1484061
1484336
1485013
1485256
1485257
1485258
1485259
1485260
1485261
1485262
1485263
148582
1486022
1486384
1486432
1486433
1486434
1486436
1486463
1486889
1487556
1487563
1487565
1487566
1487567
1487569
1487581
1487591
1487713
1488662
1488663
1489789
148987
148993
148996
149001
1490321
1490326
1490328
149066
1492280
1492817
1495082
1495288
1495449
1497404
1497405
1497510
1497662
1497665
1497673
1497674
1498218
1498341
1498352
1498354
1498855
1499594
1499600
1499606
1499612
1499620
1499623
1499627
1500003
1501269
1501395
1501438
1502120
1502181
150278
1502917
150317
1503408
1503985
150493
150597
150622
150623
1506437
151026
151027
1511721
151181
1513194
1513492
1514137
1514138
1514140
1514162
1514168
1514174
151455
151457
1514897
1516112
1517685
1519423
1519424
1519425
1519564
1519565
1519607
1519608
1519609
1519614
1519744
1519758
1519759
1519760
1519773
1519963
1520889
1520890
1521551
1521716
1523459
1524182
1524183
1524184
1524186
1524187
1524190
1524191
1524192
1524206
1525730
1526603
1526737
1526738
1526739
1527624
1527646
1527659
1527793
1527799
1527828
1529017
1529363
1529365
1529375
1529377
1529414
1529415
1529421
1529435
1530226
1530227
1530229
1530233
1530234
1530268
153052
1532213
1532215
153251
1532565
153648
1536791
1537104
1537144
1537145
1537694
1537695
1537697
1537698
1537840
1537841
1537842
1537919
1537920
1537924
1537928
1537929
1537935
1537936
1537939
1537941
1537944
1537945
1537953
1537959
1537961
1537962
1537963
1538291
1538429
1538619
153908
1539408
153946
1539492
1539904
1539905
1539906
1539909
1542312
1543373
1543968
1544721
1545444
1545445
1545446
1545447
1547851
1548725
154979
155140
1552968
1560001
1560730
156093
156122
156128
156130
156133
156134
156173
156174
156175
1561963
156230
1562322
1562391
1562708
1562717
1562719
1562872
1563420
1563666
156504
1565494
156629
1566675
156761
1569379
1571434
1571436
1571437
1571438
1571444
1571446
1571447
1571448
1571452
1571652
1572312
1572364
1572421
1573495
1573537
1573762
1574408
157491
1576522
1576524
1576528
1576529
1577725
1577740
1577741
1577742
1577743
1577744
1577746
1577750
1577759
1577765
1582272
1582896
1583029
1583035
158501
158510
1585996
1590104
1590110
1590115
1590121
1590123
1590146
1591409
1592242
1592298
1592303
1594483
1594484
159453
159748
159749
160032
160221
160265
1603444
1604864
1604865
160601
160602
160603
160606
160607
160610
160611
160612
160615
160619
160621
160623
1606470
1606473
1606478
1606511
1606541
1606590
1606594
1606595
1606597
1606600
1606602
1606603
1606606
1606607
1606608
1606611
1606614
1606626
1606642
1606687
1606691
1606693
1606694
1606695
1606697
1606698
1606699
1606700
1606701
1606702
1606706
1606711
1606869
1606870
1607777
1607853
1607860
1607870
1607871
1607872
1607959
1607964
1607965
1607966
1607967
1607968
1607971
1607972
1607973
1607974
1609601
161051
161053
1610580
1610688
1611285
1611287
1611986
1614639
1614640
1614641
162275
162320
1628163
1628164
1628917
1629645
1631189
1631190
163143
1631558
163232
163255
1634048
1634377
1634380
163466
163472
163482
163503
163516
16364
163663
163795
1638945
1641406
1641413
1641414
1641589
1641595
1641596
1641631
1642025
1642026
164321
1643342
1643343
1643641
1644136
164533
1646344
1652113
1652117
1652794
1654351
1654353
1654606
1655519
1655524
1655525
1655526
1655527
1655529
1655530
1655534
1655535
1655536
1655541
1655546
1655547
1656224
1656261
1656269
1657016
1657017
1658283
1658291
1658403
1658413
1659216
166035
1661263
1661264
1661740
1663125
1663208
1663343
1664364
1664365
1664366
1664368
1664502
1671027
1671028
1671029
167535
167555
1675616
1675617
1675618
1675619
1675621
1675622
1675844
1675850
1676990
1677971
1677976
1677977
1677980
1677983
1677984
1677990
167808
1678129
167828
1678287
167884
1678892
1679438
1679439
167961
1680549
1680913
168136
1682365
1682426
1682427
1682428
1682429
1682430
1682431
1682432
1682434
1683226
1683245
1683247
1683283
1683318
1683346
1683362
1683373
1683383
1683394
1683418
1683424
1683866
1683868
1683870
1683872
1684125
1684137
168636
168710
168718
168724
168725
168732
168733
168738
168742
168745
168750
168756
168759
168763
168767
168769
168771
168779
168783
168785
168799
168801
1688446
1688475
1689149
1689196
1689221
1689237
1690073
169011
169112
169114
1691399
169156
1691973
1691974
1695222
1699366
1701531
1702225
1705433
1705434
1706300
1708538
1708747
1709359
1709941
1712416
1712805
1713627
1714387
1714586
171736
1718098
1719758
1720107
1720108
1720109
1720305
172659
172669
172717
172823
172976
1729940
1732515
1732517
173309
173311
173312
173346
173462
173464
173497
1736112
173654
1736631
173667
173952
174039
174040
174041
1742272
1742426
1742427
1742428
1742614
1742618
1742626
1743397
1744886
1744892
1746054
1747710
1755686
1756192
1756194
1760868
1761466
1762016
1762025
1762027
1762028
1762029
1762031
1762032
1762033
1762034
1762035
1762036
1762037
1762038
1762039
1762040
176265
1763776
1763778
1763831
1763832
1764006
1764007
1764008
1764010
1764011
1764082
1764142
1764143
1764145
1764146
1764147
1764148
1764149
1764150
1764152
1764180
1764192
1764197
1764198
1764199
1764200
1764201
1764205
1764206
1764214
1764223
1764234
1764235
1764237
1764239
1764240
1764241
1764251
1764259
1764267
1764286
1764290
1764295
1764367
1764560
1764602
1764603
1764605
1764606
1764607
1764609
1764611
1764612
1764613
1764614
1764620
1764621
1764622
1764623
1764624
1764626
1764630
1764632
1764633
1764634
1764635
1764636
1764637
1764638
1764639
1764640
1764648
1764649
1764650
1764651
1764652
1764653
1764656
1764660
1764662
1764811
1764820
1764824
1764825
1764826
1764827
1764831
1764834
1764835
1764838
1764839
1764841
1764842
1764843
1764846
1764847
1764849
1764850
1764851
1764852
1764853
1764855
1764860
1764861
1764863
1764865
1764866
1764867
1764871
1764872
1764874
1764875
1764876
1764877
1764878
1764879
1764880
1764885
1764886
1764891
1764892
1764893
1764894
1764895
1764898
1764901
1764902
1764903
1764904
1764905
1764906
1764907
1764908
1764909
1764910
1764911
1764919
1764920
1764921
1764922
1764923
1764925
1764932
1764933
1764935
1764936
1764937
1764938
1764940
1764941
1764946
1764947
1764948
1764950
1764951
1764952
1764953
1764954
1764957
1764964
1764965
1764966
1764967
1764968
1764970
1766654
1770264
1775516
1775517
1775872
1775955
1779351
1779407
1779438
1779492
1779493
1779495
1779506
1779510
1779518
1779547
1779563
1779567
1779593
1779598
1779602
178102
1783330
178341
178342
178343
178345
178346
178347
1783571
1783581
1783582
1783583
1783584
178361
178364
178378
1784805
1784808
178514
178779
1792275
1792616
1794712
1794719
1794730
1794905
1795116
1795128
1795133
1795141
1795142
1795167
1795180
1795186
1795206
1795207
1795209
1795210
1795228
1795252
1795261
1795691
179792
1798043
1798948
1798950
1803938
1803955
180472
1804765
1805947
1806086
1806893
1806994
180940
180941
1809752
1810334
1810336
1810337
1810343
1810355
1810363
1810366
1810367
181047
181060
1810844
1810845
1810847
1810848
181122
1813145
1813146
1813148
1813149
1813151
1813160
1813674
181587
181621
181622
1816275
1816281
1816282
181651
181653
1816783
1817539
1817540
1817548
1818029
181804
1818077
181808
1818083
181809
1819260
1820126
182090
1825698
1825700
1825702
1825704
1825706
1825708
1825709
1825713
1825716
1825717
1825719
1825721
1825722
1825724
1826774
1827185
1827186
1827188
1827191
1827194
182798
1828572
183142
1833789
1833862
1833863
183504
183588
183589
183592
1836945
1836946
1837223
1838034
1838041
1841609
184214
1844082
1844088
1844090
1844301
1844649
184500
184533
184738
184747
184761
1848298
1848757
1848823
1848828
1848830
1849819
185004
1850948
1850949
1850950
1850951
1850952
1850954
1850955
1850956
1850957
1850958
1850959
1850960
1850961
1850962
1850963
1850964
1850965
1850966
1850967
1850968
1850970
1850971
1851153
1851737
1852270
1852694
1853554
1856765
185695
185739
186022
186027
186029
186039
186043
186175
1861839
1862885
1862894
1862896
1864495
1864534
1864535
1864603
1864604
1864606
1864611
1864612
1864614
1864615
1864616
1864621
1869263
1870746
1872691
1873229
1873492
187399
187406
1874130
187593
187762
187796
187798
187807
187809
1879268
187997
188054
1880595
1881117
1881125
1881835
188185
1881884
1882075
1882348
1882349
1883119
1883120
1883121
1883124
1883388
188362
1884248
1884465
188462
1885055
188541
1886619
1886623
1887086
1887617
1888177
1888178
1889228
1889232
1889233
188957
188959
1891026
1891230
1891231
1891234
1891235
1891239
1891244
1891247
1891361
1891978
1892383
1892415
1892629
189328
189332
189333
189334
1894960
1895401
189632
1896765
189737
1898063
1898690
1898701
1898749
1902859
1902924
1902925
1902926
1903275
190460
190468
1905174
1905564
1905722
1905723
1905724
1905752
1905832
1905833
1905849
1905850
1906451
1906466
1906467
1906472
1906475
1906480
1906494
1907791
1907792
1907927
1907928
1907929
1907930
1907931
1908219
1908225
1908226
1908227
1908228
1908229
1908230
1908232
1908245
1908247
1909701
1909704
1909705
1910764
1910766
191116
1911533
1911535
1911593
1911595
1911597
1911598
1911944
1912256
1912740
1912850
1912851
1913635
1914582
1914957
1914961
1915160
1915358
191824
1918381
1918382
1918384
1918523
1918581
1918583
1918586
1918587
1918589
1918590
1920001
1920003
1920008
1920009
1920022
1920025
1920935
1921602
1921603
192219
1922284
1922287
1922288
1922289
1922290
1923966
1923967
1923972
1923973
1925001
1925329
1925332
1925333
1925337
1925339
1925416
1925417
1925420
1925428
1925573
1926331
1927140
1927822
1928008
1928728
1929015
192927
1929981
1930009
1930695
1930696
1931083
1931084
1932332
1932391
1932415
1932419
1932427
1932609
1932610
1933310
1933422
1936197
1936264
1936265
1936266
1936267
1937690
1937691
1937693
1937694
1938373
1938616
194193
194534
194549
1949209
195065
195067
195069
195070
195071
1950802
1952199
195226
195228
195254
195259
195275
195283
1954223
1954227
195502
195504
1955561
1955562
1955563
1955565
1955566
1955567
1955568
1955569
1955572
195612
195623
195632
195643
195873
1959106
195935
195967
195969
1960159
1960165
1960167
1960168
1960169
1960170
1960171
1960172
1960173
1960174
1960175
1960187
1960188
1960189
1960190
1960191
1960192
1960193
1960194
1960195
1960199
1960200
1960706
1960711
196075
1960770
1961811
196268
196274
1963845
1964215
1965090
1965466
196595
1966435
1967940
1967941
1967942
1967943
1968775
1969804
1969917
1969918
197018
1972712
1973074
1973076
1973086
1973087
1973158
1973196
1973197
1973198
1974290
197753
197759
1978334
1978354
1978355
1978359
1978403
197858
1979790
1979791
1979792
1979793
1979794
1979795
1979797
1979798
1979799
1979800
1979821
1979822
1979823
1979824
1979834
1979837
1979838
1979842
1979851
1979855
1979858
1979860
1979865
1979866
1979870
1979872
1980021
1980070
1980073
1980407
1981936
1981938
1981941
1981944
1981945
1981946
1981952
1982007
1982022
1982023
1982027
1982029
1982030
1982032
1982034
198241
1983341
1983403
1985157
1987568
199556
2003113
200361
2003645
2004639
2004657
2004886
2004887
2004888
2005494
2005513
2006390
2006545
2006546
2006574
2006670
2006705
2008786
200886
200894
200895
2010976
2011653
2011712
2011832
2011899
2011916
2011922
2012134
2012224
2012228
2012279
2012298
2012318
2012326
201318
2014769
2014777
2014780
2014895
2015012
2015892
2015893
2015894
2015895
2015897
201616
2016246
2016247
2016248
201645
201684
201685
201687
201702
2018028
2018322
2018323
2018479
2018480
201961
2020280
2021665
2021999
2022000
2022001
2022002
2022003
2022334
2022416
2023685
2023888
2023895
2024625
2024843
2025172
2025353
2025401
2025403
2025864
202602
2026243
2026256
2026280
2026297
2026301
2026354
2026621
2026743
2026945
2026946
2026947
2027451
202784
2028469
2029596
2030826
2030941
2030963
2030977
2030981
2030985
2030996
2030997
2030998
2031009
2031013
2031024
2031062
2031096
2031098
2031104
203191
2035509
2036684
2037922
2038126
2038130
2038132
2038133
2038134
2038136
2038138
2038148
2038323
2038775
2039256
2039479
2039685
2039689
2039876
2040253
2040456
2040457
2040458
2040496
2040502
2040519
2040628
2041156
2041159
2041201
2041775
2041776
2041788
2041795
2041800
2041801
2041803
2041805
2041811
2041813
2041820
2041821
2041823
2041828
2042490
2044469
2044941
2046432
2046764
2047351
204742
2048218
2049902
205107
205114
205116
2051557
2051559
2051653
2051662
2052604
2052628
2052632
2052633
2052634
2052636
2052639
2052641
2052642
2052644
2052682
2053074
2053102
2053103
2053485
2053533
2053574
2053925
2053926
2053927
2056128
2056129
2056130
2056158
2056159
2056976
2056978
2056979
2056980
2056981
2056982
2056983
2056984
2056987
2056989
2056991
2056993
2056996
2056998
2057000
2057189
2057208
2057234
2057245
2057900
2058121
2058143
2058389
2058782
2058850
2059054
2059121
2060205
2060207
2060208
2060209
2060856
206559
206562
2066033
2066531
2066605
2066653
2066660
2066664
2066665
2066676
2066678
2067410
2068723
2069305
2069421
2069908
2070542
2070710
2071639
2072196
2072415
2072449
2079236
207946
207955
207990
2080273
2081491
2081639
2082231
2082232
2082233
2082234
2082235
2082236
2082237
2082240
2082241
2082242
2082243
2082245
2082247
2082250
2082584
2083000
2083298
2086364
2086366
208900
209075
209243
2093987
209411
209422
209423
2094247
2094254
2099340
2099345
2099346
2099354
2099355
2099358
2099360
2100205
2100206
2100207
2100531
2100757
210444
210448
210589
210602
210625
210626
2107305
2107309
2107310
2107311
2107313
210733
210781
210806
2108191
2108192
210843
2109568
2109569
2109570
2109571
2109572
2109573
2109575
211012
211013
211016
211018
211019
211025
211028
211094
2115823
211642
2116593
2116594
2116595
2116680
2126179
2126239
2126240
2126442
212656
213326
213370
2137514
2137954
2138295
214486
214525
214821
2152668
2152833
2152834
2152835
2152838
2153327
2153332
2153336
215352
215669
2162842
216710
216730
216750
216760
216762
216763
216764
216767
216768
216773
216774
216777
216801
216802
216823
216890
216896
216897
216921
216927
2169678
216975
217026
2170682
2170700
2171618
217165
2172521
2172522
2174904
2183544
218683
219168
2200875
2200877
2200927
2200932
2200933
2200936
2201061
220108
220111
2201275
2202655
2202658
2202660
2202661
2202665
2202666
2202667
2202683
2202684
2202686
2202687
2202691
2202693
2202704
2202706
2203424
2203427
2204102
2204106
2204107
2204109
2204114
2204120
2204122
2204123
2204126
220545
220647
220648
221442
221617
221626
221629
221630
2219665
2219684
2219862
2219883
221995
221998
222004
222018
222095
222414
222884
2231307
2231651
2231654
2231655
2231661
223573
224707
224708
2248425
2249415
2249416
225041
225107
225408
225413
225504
225538
225539
2259524
226053
226315
2267512
2267563
2268451
2268653
2268699
227086
2283690
2283692
2283694
2283793
228456
228594
228679
228749
228940
2290940
2291002
2291004
2291356
2291357
2291359
2291363
2291365
2291368
2291373
2291374
2291467
2291600
2291602
2292165
229290
2293988
2294017
2294036
2294129
2294130
2294183
2294188
2294189
2294190
2294191
2301214
2301446
2301447
2301931
2301932
2301933
2301934
2301935
2301936
2301938
2301939
2301940
2301941
2301942
2301943
2301944
2301945
2301946
2301947
2301948
2301949
2301950
2301951
2301952
2301953
2301954
2301955
2301956
2301957
2301959
2301960
2301961
2301962
2301963
2301964
2301965
2301966
2301967
2301968
2301969
2301970
2301971
2301972
2301973
2301974
2301975
2301976
2301977
2301978
2301979
2301980
2301981
2301982
2301983
2301985
2301989
2301990
2301991
2301992
2301993
2301994
2301995
2301996
2301997
2301998
2301999
2302000
2302001
2302002
2302003
2302004
2302005
2302007
2302008
2302009
2302010
2302011
2302013
2302014
2302015
2302017
2302018
2302019
2302020
2302021
2302022
2302023
2302024
2302025
2302026
2302027
2302028
2302029
2302030
2302031
2302032
2302033
2302034
2302035
2302036
2302037
2302038
2302039
2302040
2302041
2302042
2302043
2302044
2302045
2302048
2302052
2302053
2302054
2302055
2302056
2302057
2302058
2302059
2302060
2302061
2302063
2302064
2302065
2302066
2302067
2302068
2302069
2302070
2302071
2302072
2302073
2302074
2302077
2302079
2302080
2302082
2302083
2302084
2302085
2302086
2302087
2302088
2302089
2302090
2302091
2302092
2302093
2302094
2302095
2302096
2302097
2302098
2302099
2302100
2302101
2302102
2302103
2302104
2302105
2302106
2302107
2302108
2302109
2302111
2302113
2302114
2302115
2302135
2302139
2302141
2302145
2302154
2302157
2302158
2302159
2302160
2302162
2302163
2302164
2302166
2302167
2302168
2302169
2302170
2302171
2302172
2302173
2302174
2302175
2302176
2302177
2302178
2302179
2302180
2302181
2302182
2302183
2302184
2302185
2302186
2302188
2302189
2302190
2302191
2302192
2302193
2302194
2302196
2302197
2302198
2302199
2302200
2302201
2302202
2302203
2302204
2302205
2302206
2302207
2302208
2302209
2302210
2302211
2302212
2302213
2302214
2302215
2302216
2302217
2302218
2302219
2302220
2302221
2302222
2302223
2302224
2302225
2302226
2302227
2302228
2302229
2302230
2302231
2302232
2302233
2302234
2302235
2302236
2302237
2302238
2302239
2302240
2302241
2302242
2302243
2302244
2302246
2302247
2302248
2302249
2302250
2302251
2302253
2302254
2302255
2302256
2302257
2302258
2302260
2302261
2302262
2302264
2302265
2302266
2302267
2302269
2302270
2302271
2302272
2302397
2302398
2302401
2302879
2302880
2302881
2302882
2302887
2302888
2302889
2302890
2302891
2302893
2302894
2302895
2302896
2302897
2302898
2302900
2302901
2302942
2303002
2303003
2303162
2303164
2303167
2303168
2303169
2303171
2303172
2303177
2303238
2303243
2303244
2303248
2303249
2303250
2303251
2303252
2303254
2303255
2303258
2303262
2303263
2303264
2303265
2303267
2303268
2303275
2303280
2303282
2303283
2303285
2303286
2303287
2303288
2303289
2303290
2303291
2303292
2303293
2303294
2303295
2303412
2303674
2303675
230409
230410
230411
230412
230413
230415
2304165
230419
230420
230516
2305714
2306908
231154
231155
231156
231157
231158
231165
231260
231303
231370
2315208
2315412
2315413
2315414
2315891
2315894
2315904
2316437
2316501
2316504
2316508
2316509
2316510
2316512
2316522
2316531
2316533
2316537
2316542
2316571
2316632
2316634
2316637
2316663
2316910
2316917
2320254
2320803
232287
232288
232512
232897
233112
233184
233185
233186
233187
233258
2340796
2340948
234514
234597
235072
235079
235081
2358442
2358443
2358444
2358452
236065
2364126
2364557
236585
236586
236787
237119
237447
237448
237449
237450
237451
237452
237453
237455
237456
237457
237470
237471
237618
238746
238782
238794
238910
240162
240360
240361
240364
240571
240573
240578
240650
241650
241706
2419807
2419808
2419809
2419810
2420137
2420178
2420229
2420342
2421382
242159
242395
242928
242929
244423
244454
244455
2448168
2448638
244865
244875
2448773
244960
244961
244962
244963
245788
246123
246702
246704
246728
246755
247495
247647
247917
2480077
2480081
2480851
2483873
248469
248476
248477
248481
2485068
2485546
2485796
2486083
2486089
2486092
2486700
2486705
2486766
2486798
248742
248754
248758
2488326
2491349
2492732
2492733
2492743
2493094
249369
2494558
2494729
2496554
2496614
2496625
2496626
2496627
2496629
2497041
2497411
2497440
2499530
2500139
2506109
2506143
2506159
2506162
2506166
2506169
2506216
2506220
2506226
2506227
2506230
2506279
2506305
2506308
2506310
2506312
2506349
2506487
2506560
2506564
2508356
2510432
2510583
2511779
251331
251332
251455
251482
251518
251531
251532
2518964
2518965
2518966
252311
252312
252313
252315
252666
252669
252671
252678
252687
252700
2527908
2528054
2528055
2528215
2528216
2528217
2528218
2528220
2528221
2528222
2528223
2528224
2528225
2528226
2528227
2528230
2528231
2528232
2528233
2528234
2528235
2528236
2528237
2528238
2528240
2528242
2528580
2528726
2528727
2528729
2528730
2528785
2530480
2530481
253216
253218
253694
254107
2546200
2546677
2547364
2547604
2547605
2547607
2547608
2547609
2547610
2547611
2547615
2547616
2547617
2547619
2547627
2547642
2547648
2547762
2547956
254933
2555684
2555763
2555874
2556095
255702
255703
2557542
2558022
2558023
2558024
2558909
2558911
2558912
256004
2562150
2562335
2562777
2563083
2563085
2563488
2563805
2565579
2569856
2570295
2570296
2571260
2571262
2571391
2572010
2574743
2574745
2574747
2575364
257554
257603
257615
257625
2576346
2576470
2576784
2576786
2576787
2576788
2576789
2576791
2577016
257771
2578210
257877
2579142
2580214
258028
258031
2582424
2582925
2583056
2584333
2584339
2584482
2584485
2585089
2585092
2585842
2586212
2586213
2586214
2586236
2586237
2586238
2586246
2586954
2587268
2587269
2587452
2588357
2588868
2588870
2589021
2589307
2589376
2589380
2589650
2589717
2589730
2590091
2590415
2590420
2590760
2590762
2590921
2591339
2591639
2591689
2591690
2592063
2592167
2592168
2592169
2592170
2592171
2592172
2592173
2592174
2592175
2592176
2592177
2592178
2592180
2592181
2592182
2592183
2592184
2592185
2592186
2592187
2592188
2592189
2593073
259377
259379
259385
2594217
2595037
259652
2597072
2597375
2597714
2597715
2598111
259825
259829
259833
259834
2598530
2598532
2598536
2598556
2598559
2598577
259925
2599330
2599669
2599671
2601838
260212
2602412
2602924
2602928
2604070
2604071
2604568
2605647
260576
260577
2606406
2606411
260685
2606879
2606882
2606883
2606884
2606885
2606889
2607901
2608609
2609221
2609223
2609225
2609226
2609227
2609230
2609408
2609420
2609421
2609422
2609423
2609424
2609425
2609847
2611272
2611280
2611346
261184
261185
2613926
2614547
2615114
261680
261830
261837
261843
261845
261850
262295
262427
262428
262778
262969
262970
262971
263736
264052
264055
264059
264060
264121
264483
264659
264716
264717
264720
2651984
2651985
2651990
2651992
2651995
2651997
2651999
2652000
2652001
2652002
2652167
2652393
2652724
265276
265277
2653823
2653824
2653825
2653978
2654752
265524
265525
265528
265533
265540
265543
265544
265545
265547
265549
265550
265552
265558
265559
265560
265561
265563
265564
265565
265572
265581
265586
265591
265592
265594
265596
265612
265616
2661562
2661826
2661827
2661830
2661831
2661833
2661850
2661853
2661856
2661857
2661858
2661859
2661860
2661861
2661862
2661863
2661865
2661866
2661870
2661873
2662319
2663266
2663272
2663274
2663277
2663278
2664135
2666230
2666306
2668088
2669293
2675411
267565
267567
2676190
267982
267983
2681271
2681712
2681713
2681715
2682043
2682953
2684182
2684369
2684370
2684371
268526
268819
268820
268821
268827
2690413
269049
2691101
2691103
2691108
2691856
2692273
2692274
269535
2696977
2697361
2699462
270263
2703868
2704024
270537
2705381
270628
2706491
270676
2706930
2706931
2706932
2713251
2713495
2713606
271377
2715112
2716112
2716527
2716565
2716572
2716576
2716578
2716579
2716585
2716586
2716591
2716593
2716597
271675
271677
271679
271680
271692
2717035
2717036
271707
271710
2717462
271774
2719951
2720629
2720634
2721090
2721091
2721092
2721093
272145
272157
2722724
2722865
2723146
2723977
2723979
2723982
2725370
272737
2728113
2728120
2728123
2728130
2728132
2728133
2728134
2728135
2728147
2728152
2728154
2728166
2728207
2728209
2729118
272998
2729988
2729989
2729990
2729991
2729992
2729993
273000
2730044
273006
273010
273017
273031
273065
2731293
2731294
2731298
2731300
2731302
2731686
2732264
2732419
2732863
2734810
2735257
2735413
2735541
2735543
2735546
2735549
2735714
2735715
2735716
2735798
2737176
2737744
2737745
2737746
2737747
2737748
2737749
2737750
2737751
2737752
2737754
2737756
2737757
2737758
2737759
2738260
2738261
2738264
2738267
2738268
2738270
2738285
2738286
2739030
2739031
273904
2739050
273907
2739242
2739558
2739595
274049
2742144
2744111
2744112
2744113
2744114
2744116
2744119
2744121
2744139
2745614
2746694
2746695
2746895
274714
2747868
2747880
2747904
2747905
2747941
2747943
2747950
2747956
2747973
2747995
2748006
2748007
2748008
274803
2748047
2748048
2748054
2748062
2748068
2748070
2748073
2748075
2748076
2748081
2748088
2748608
2748613
2748855
2748856
2748857
2748896
2749911
2750426
2750446
2751894
2752232
2752754
2752755
2752756
2753163
27575
2757713
2758161
2758163
2758191
2758304
2758938
2759111
2759112
2759146
2759753
2759754
2760439
27606
2760665
2760743
2760912
27610
27615
2762064
27622
2763554
2764997
2766786
2767005
27675
2767590
27697
27706
2770853
2772589
2772652
2774420
2777
27771
2777157
2777711
2778049
2778330
2778481
2778590
2778591
2778592
2778693
2779649
2780016
2780039
27804
2780912
278118
278122
278125
278164
2785207
2785921
2787175
2789656
278979
278983
278986
2790055
279127
2792298
27923
2792856
2793746
27940
2794042
2794043
2795197
2795478
2795480
2795484
2795485
2795486
2795626
279580
279635
279639
279640
279642
279643
279651
2797900
27991
27992
27993
2799442
2800092
28001
2800444
28014
2801507
2802091
2802116
2802989
2803945
2803995
280463
2804912
2805419
2805718
2805719
2805720
2805721
2805722
2805723
2805724
2805725
2805726
2805728
2805730
2805731
2805732
2805958
2809014
281058
2811312
2811639
2811645
2811675
2811676
2811679
2811680
2811687
2811693
2811699
2811703
2811704
2811705
2811712
2811754
2811764
2812033
2812044
2812050
2812473
2812476
2812479
2812484
2812485
2812486
2812579
2812584
2812586
2812598
2812611
2812885
2813887
2813888
2813890
2813891
2813894
2813895
2813896
2813927
2813928
2813929
2813930
2813931
2814636
2815169
2815209
2815367
2815386
281608
281609
281610
281611
281612
281614
2816827
281732
2817420
2817658
2817865
2818051
2818052
281835
281838
281842
2819079
2820079
2820081
2820087
2820166
2820187
2821765
2821805
2822278
282286
282293
2823256
2823260
282364
282368
282688
2828774
2828848
2828850
2828854
2828855
2828858
2828859
2829
2829287
283035
2834286
2835129
283519
283546
283560
2835745
2835757
2836743
2836747
2836748
2836751
2836752
2836757
2836758
2836760
2836761
2836762
2836768
2836769
2836770
2836773
2836774
2836775
2836776
2836777
2836778
2836780
2836781
2836782
2836985
2837385
2837403
2837474
2837575
283781
283783
283909
284012
2840217
2840218
2840219
2840387
2840388
2840389
2840390
2840391
2840392
2840393
2840394
2840439
2841286
2841288
2841290
2841292
2841335
2841337
2841341
2841609
2841610
2841616
2841617
2841618
2841619
2841627
2841628
2841629
2841833
2843
284476
28456
284676
284681
284684
2846882
284693
284726
284727
284729
284730
284757
284760
284784
284790
284794
284797
284798
284799
284802
284805
2849250
2849305
284931
2849333
2849336
2849337
2849339
2849340
2849399
2849406
2849408
2849409
284941
2849410
2849411
2849622
284967
284971
284972
284976
284978
284979
284980
284981
284982
2850
285082
2853211
2854
2854286
2856
2857119
2859464
2859466
2859470
2859471
2859601
2859614
2859615
2859624
2859677
285985
2860335
2861129
2861130
2861131
2861132
2861133
2861135
2861137
2861139
2861140
2861142
2861144
2861146
2861149
2861277
2862011
2862725
2863858
2864107
2864108
2864110
2864112
2864115
2864116
2864117
2864119
2864120
2864121
2864123
2864124
2864125
2864126
2864128
2864129
2864132
2864184
286419
2864386
2864387
2864388
2865191
2865240
2866270
2866271
2866284
2866817
2867499
2867502
2867503
2867507
2867508
2867549
2867955
2868
2869
2870510
2871680
2871756
2871757
2871758
2874148
2874149
2874150
2875545
2876032
2876143
2876884
2877789
2877790
2877791
2877792
2877816
2878550
2878688
2878697
287891
2879199
2879482
2879603
2879604
2879606
2879607
2880
2880014
2880015
2881058
28829
2884181
2884899
2885
288549
2886011
288893
2890239
2890241
289074
2891240
2891356
2891357
2891526
2892616
2893593
2893636
289378
289605
289620
289622
2897826
2897827
2898037
2898038
2898042
2898043
2898045
2898046
2898052
2898487
2899765
2899797
2900502
2900504
290070
290072
290073
290074
290075
290076
290077
290132
290133
290137
290139
290140
290141
290143
290144
2902008
2902011
2902113
2903
2904152
2905233
29065
2906505
2906510
2906512
2906513
29073
29078
2908640
29088
2908906
2909174
2909176
2909177
2909178
2909179
2909180
2909182
2909183
2909184
2909185
2909273
2909459
2909501
2909513
2909855
2909856
2910000
2910001
2910002
2910003
291029
291030
291031
291032
291033
2911186
2912334
291243
291252
2912879
2912881
2912989
2913304
2913311
2913313
2913343
2913344
2913346
2913347
2913348
2913349
2913350
2913351
2914002
2914903
2914905
29151
29158
29159
2916
29161
2918436
2918438
2919
29190
2919509
2919510
2919511
2919512
2919513
2919514
2919515
2919516
2920
29205
29207
29208
29209
2922058
29222
2923
2923095
292361
292362
292370
2925
2925154
2925398
2925399
2926
2926554
2926811
2927232
2927233
2927234
2927236
292729
2927305
2927306
2927654
2927796
2929149
2929150
2929152
2929765
2930371
2930471
2930472
2930474
2930479
2930480
293193
2932
293209
2932382
2932432
2932434
293275
2934416
2934420
2934421
2934422
2934425
2934426
2934427
2934430
2934432
2934433
2934434
2934435
2934438
2934440
2934446
2934453
2934459
2934466
2934467
2934468
2934469
2934470
2934473
2934474
2934475
2934476
2934478
2934481
2934482
2934501
2934502
2934503
2934509
2934510
2934521
2934522
2934523
2934524
2934526
2934529
2934538
2934540
2934541
2934543
2934545
2934557
2934558
2934563
2934565
2934566
2934567
2934568
2934590
2934591
2934599
2934613
2934617
2934618
2934619
2934620
2934623
2934625
2934626
2934627
2935
2936289
2936456
293646
2936604
2936821
2937416
293816
293823
2938944
294
2941211
2945
2945566
2946
2949292
2949294
2950
2950225
2950227
2950228
2950442
2951
295247
2954232
2957
295837
2959
2961582
29618
296199
2962066
2962111
2962497
2962706
2963395
2963725
2963884
29655
296587
296588
296590
2966
296652
296656
296676
2968077
2968239
2968501
2968502
2968503
2968505
2968506
2969
2969674
2970910
2970931
2971362
2971496
2972207
2974344
2974346
2974948
2974952
2974960
297519
2975561
2976463
2976774
2976942
2979179
2979736
298137
2982803
2983430
2983578
298366
2984087
2984091
2984094
2984099
2984345
2984346
2984350
2984353
2984355
2984356
2984357
2984361
2984362
2984365
2984366
298457
298485
298488
2984886
298507
298513
2985256
2985261
298604
2986051
29899
2992005
299204
299206
2992872
2992935
2993662
2993663
2993743
2993811
2994320
2994700
2995691
2996
2996229
2997248
2997249
2998
2998111
299883
299890
299891
299894
299905
299907
3003490
3003917
300409
300410
3004509
3005
300845
301224
301225
301226
301229
301231
301232
301235
301236
3014159
3014285
3015000
3015964
3015970
3015987
3015988
3015989
3015990
301696
3016982
301819
3018275
3019278
3019501
3019568
302031
302032
302033
302034
3020457
3022420
302453
302480
3026302
3026303
3026304
3026305
3026306
3027137
30280
30281
30282
3028228
30283
30288
3028841
3028914
3028915
3028917
3028918
3028919
3028920
3028957
3029
30290
3029278
30293
30297
3030646
3030647
3030651
3030862
3031
3032085
3033743
3033975
303400
303402
303405
303406
303480
3034928
303551
3036181
3036231
3036233
3038383
303872
3038935
3038936
3039851
3041708
3041725
304200
304202
3042081
3042082
304220
304223
3042507
304322
3043345
3043346
3043436
3044342
3047606
304865
3049173
3049691
3051684
30522
30532
3053446
3053586
3053587
3053591
305493
3055
3055487
3058004
3058005
3058006
3058007
3058008
3058010
3058011
3058012
3058014
3058017
3058018
3058019
3060279
3061298
30640
306437
306440
306441
3064434
3064447
3065374
3065438
3068
3068543
3068899
3068900
3068901
3068912
3070209
3070210
3070213
3072295
307245
3075301
3075302
3075330
3076454
307678
3077
3078916
3079555
3079619
3081208
3081318
308561
308570
308581
308599
308600
308610
308616
308623
308659
308662
308667
3092284
3092287
3095324
3096259
309721
3103127
310373
310551
310565
310587
310589
310590
310591
310592
310594
310596
310597
3105985
310604
310679
310759
310903
310904
3110589
311201
311387
311534
311540
31167
3117
311979
3120
31202
31208
31216
31252
31276
31300
314250
314251
314509
314517
314520
314523
314529
31471
315492
315533
316127
316137
316165
316166
316173
316177
316178
316183
316184
316187
316189
316191
316192
316193
316194
316200
316203
316205
316206
316209
316211
316213
316215
316216
316218
316222
316224
316226
316229
316230
316231
316235
316279
318101
318773
318793
319061
319230
319720
319734
320166
320586
320867
320977
320986
320991
320993
321033
321034
321164
321421
321427
321428
321438
321451
32245
322594
322837
323286
323290
323291
323294
323299
323302
323307
323310
323323
323326
323328
324620
324621
324623
324672
324873
324889
324890
324891
32536
32570
32597
326178
326279
32630
326572
326734
327054
327389
327391
327968
328237
328292
328338
328348
328349
328352
328562
328621
329022
329023
329046
329437
329439
329447
329449
329452
329453
329455
329884
329963
329973
330153
330485
330890
330975
33099
331090
331091
331095
331610
332519
332521
333350
334415
334867
334868
334871
33505
335489
335490
335713
33640
33642
33643
33649
33653
33657
33658
33659
337180
337322
337443
338211
338244
338254
338256
339594
339598
339963
339964
339968
340022
340023
340024
340078
340370
340371
340690
34154
342426
342429
342586
342742
344056
344398
344402
344733
34499
345464
345466
34587
346063
34764
34765
34773
34816
34821
34880
34884
348844
34886
349456
349646
350068
35052
35084
350847
35097
350982
35100
3512
35122
351238
35126
35128
35142
35155
3516
3517
35175
3518
352255
352263
352465
353213
354441
354587
354588
354589
355633
355634
35632
356485
356651
356655
356656
356657
35672
35674
35677
35679
35682
35684
35687
356926
356928
357350
358434
358437
35885
359166
360543
360649
360655
360656
360684
360704
360706
36121
36124
36133
361426
361427
363325
363326
363788
364747
365357
365358
365363
365371
365381
365391
365524
365525
365608
36595
366456
366460
366516
366517
366519
366537
366545
366588
366592
366596
366598
366601
366603
366605
366606
366608
366609
366611
367056
367195
36723
367449
367565
367903
367912
367925
368449
36881
36892
368937
368946
36895
36898
370103
3702
37029
370574
3708
370857
37095
37097
371679
371681
371682
372794
372800
373042
373093
37318
37319
373401
373514
373648
373650
373995
374047
374178
37431
37469
37475
375016
37508
37510
37519
37520
37524
37534
375454
3755
375643
3760
376140
376279
376353
376354
376364
37641
37642
378357
378363
378366
378370
378372
378374
378375
37862
378832
379102
379510
380106
380130
380131
380132
382361
382364
382365
382366
382367
382369
382370
382371
382373
382377
382379
382380
382392
382397
382530
382710
382717
38342
38364
384962
38505
385390
385413
385415
385418
385427
386304
387435
38760
38817
388226
388232
38824
38833
38836
388638
38865
388735
3888
388802
388807
389330
389333
38942
39082
390823
390832
393032
393035
393878
39410
39432
39437
39447
39449
39450
39453
39455
39468
394684
394690
394693
394741
394743
394750
394769
394770
394774
394800
394801
395592
39578
395882
395966
395967
395968
396043
396045
396344
396345
396355
396356
396363
396411
396600
397073
39714
397539
397552
397554
397557
397560
397561
397574
397577
397580
397582
39843
398472
398667
398671
399300
399303
400142
400696
400755
400756
400838
400982
401260
40130
40147
40176
401953
401954
401955
402429
40256
402583
40328
40357
404947
40531
405647
40633
407208
407301
408072
408840
408844
409284
409286
409298
409302
409853
40986
410346
410623
410738
41120
411572
412152
412153
412154
412156
412157
412158
412164
412832
41300
413064
413427
413645
413647
413848
413938
413940
414396
41446
41457
414672
414673
414911
415179
415188
415599
415605
415975
415978
416578
416832
416868
41793
418113
418244
418326
418348
41875
41877
41880
41886
418910
418940
418943
418946
418950
418956
418962
418963
418974
419950
42008
420258
420259
420261
420264
420275
420278
420281
420283
420286
420353
420474
420477
420540
420554
420556
420561
420576
420577
420636
420782
42192
42229
42254
423203
423204
423205
423206
423207
423245
423259
423615
424481
424482
424484
424504
424526
424541
424542
424545
424546
424547
424550
425076
425264
425739
425751
425805
425807
425808
425809
426304
426623
426624
426625
426630
426631
426632
426633
426634
426635
426636
426638
426657
426658
426663
426664
426669
426671
426678
426680
427040
427312
42738
42750
427755
428034
428328
428446
428606
429153
429447
429448
429456
429458
429460
43123
431339
431364
431399
431581
432297
433418
433461
433500
433501
433740
434030
43440
435144
435404
435893
436017
43686
437763
437764
437767
437768
438488
43926
439494
439559
43981
439948
44056
44085
44243
442490
442665
443638
443679
444102
44430
44432
44440
44443
44445
44446
44447
44452
44453
44457
444606
44462
444623
44463
447208
447210
447216
447962
4491
449150
449160
450126
45100
45107
45113
451781
451786
451791
452646
45293
45351
453764
454269
454271
454282
455156
45539
4565
457186
457355
457357
457359
457361
457362
457363
457364
457365
457366
457367
457369
457375
457379
457380
457664
457690
457700
457751
457753
457824
457825
457827
45783
457843
457874
458352
458362
458363
458495
458517
45884
458884
459333
459341
459342
459344
45949
459501
459534
459535
459846
459847
459848
459849
459850
459851
459920
460163
462884
462889
463189
463290
463596
463619
463624
464218
464223
464224
464225
464226
464227
464228
464229
464230
464231
464232
464234
464235
464236
464237
464238
464239
464240
464241
464242
464243
464244
464258
464264
464267
464268
464271
464276
464277
464278
464279
464287
464717
464988
464989
464990
465777
465792
465793
465794
46767
468042
46844
468640
46947
469473
46948
46950
470415
47071
471275
471278
471281
471284
47281
47282
472859
47292
473316
473441
473595
473817
475233
4757
475980
476100
476440
476441
477178
47783
47784
478120
478121
478122
478124
478126
478127
478130
478209
478398
478407
478414
478667
478668
47896
47934
479472
479700
481301
48142
48144
48146
4816
481756
482556
482919
483047
483048
483365
483369
483370
483371
483524
483525
483526
483527
483528
483529
483532
48708
4872
4876
488588
48972
490051
490150
491812
492055
492056
492103
492274
49234
49235
49238
49239
49240
49246
49249
49256
492565
492571
49258
49261
49265
492768
4929
4931
4932
493464
494514
4959
497160
497394
497490
497493
497494
497498
497499
497503
497733
497816
497994
4981
498504
498510
498512
49978
499907
499908
500023
500057
500581
501545
501546
501547
501548
501608
501609
502569
502949
502950
502968
503029
503033
503035
503039
503042
503077
504061
5059
506033
507447
507517
507518
507532
507566
508554
508771
509927
510502
510503
510505
510609
510610
51076
51139
512209
512211
512219
512226
512240
51259
51282
51294
51316
51318
513204
51322
513281
513283
513285
513288
513289
513292
51511
515461
515462
515464
515473
515482
515483
515486
515487
515654
515659
516002
516040
516368
51694
51695
51707
51710
51717
51728
51729
517304
517554
517712
517774
519114
51983
52066
521395
52241
52247
524312
524315
524897
524898
524900
524917
52549
52559
525906
526434
526556
526742
52677
52681
527039
529124
529148
529209
529245
529288
529682
52970
530540
531324
53310
533365
534455
534639
53479
536091
536246
536292
53836
538921
538934
540482
541016
54343
543857
544493
544511
544694
5447
544705
544707
545071
545469
545789
546
546229
546662
546770
546774
546785
547557
548875
549345
549346
549347
549348
549349
549452
550474
551521
551522
552662
552666
552671
55318
55321
55322
553710
554453
554911
555048
555487
555488
555490
555717
555720
555756
555837
55585
55617
55710
55715
557396
557398
557399
558553
559844
560608
561169
562
56245
563736
563740
563741
563749
563750
563754
563756
563758
563760
563765
564368
565004
565146
565147
565155
565157
566462
566467
566470
566471
566474
566475
566476
56723
569437
569438
569439
569441
569443
569953
569957
57085
571920
573649
574756
574841
574842
574843
574847
574853
575201
575863
576273
576299
5763
576716
576742
576744
576745
576747
576748
577312
578154
578977
578983
57983
580063
5802
5804
5807
581178
58159
58161
5817
582758
58331
583367
584776
584794
584795
584866
584870
584887
584890
585572
585852
585954
5866
58666
587064
5872
5874
587496
58804
588208
588326
588330
588331
588332
588334
588350
588352
588406
5885
589960
592036
592040
592043
592142
5927
59451
59474
596236
59669
5974
59812
599895
60131
6028
60430
6052
6058
60595
6063
608155
6091
6100
610365
6116
61334
61337
61356
61383
61384
61388
614189
6145
61452
614669
61499
617170
61853
61855
61862
619264
619265
619266
619270
619271
619275
619276
619277
619278
620028
620489
622439
622781
62283
626261
626267
626278
626733
626734
626736
626737
627963
627965
627967
629682
629711
629713
629751
629752
629753
629754
629759
629760
629761
629763
629764
630348
630538
631048
631387
631452
632150
633638
63409
63410
6347
63515
63659
637470
637499
637501
637504
637539
637540
637541
637542
637543
637544
639591
6396
639600
639604
639605
639614
6398
640130
641108
641206
641207
641209
641211
641215
641227
641229
642553
642806
6431
643144
6436
643629
644165
644166
644167
644168
644169
644174
644175
644176
644177
644178
644179
644180
644369
644973
645121
64517
64518
64524
645345
645351
645353
645382
645386
645392
645398
645452
64566
64569
646401
646404
647143
647144
647717
647718
647719
649071
649615
650052
650053
650509
651189
651205
651445
651446
651450
651451
651452
652710
652711
652932
65408
6549
6550
6551
655474
655661
655708
655750
655751
65576
655801
65581
65586
656063
656068
656070
656076
656079
656081
656219
656221
65670
658077
658118
6584
659331
659333
659513
6596
659878
6604
661325
661984
661985
661988
661998
662006
662007
662012
662014
662072
662074
662078
662079
66263
663229
663693
66398
66456
66465
66466
66468
66471
66473
665965
666509
667068
66791
66792
6689
66948
670428
670430
670440
670708
670709
670797
671091
671422
672012
672013
672031
672924
672929
673113
673885
676789
676963
67781
681104
6819
6837
68408
685750
685760
685761
685763
686318
686696
686716
686717
686727
686730
686737
686738
686740
687159
687160
687263
687264
687265
687869
687944
687948
689897
690716
692279
692324
692520
692525
692695
692697
692907
693049
693117
693125
693126
693130
693133
693134
693135
693140
693163
693219
693230
693909
693910
693924
69470
696133
696180
696186
696187
696411
696472
696727
696729
696961
697907
697909
697910
69829
698782
698872
698876
699226
699227
699229
699233
699235
699236
699607
70128
701802
701803
701804
70189
702563
703023
703024
703029
703030
703031
703032
703033
703034
703037
703404
703969
703971
70446
70448
70450
705413
706576
706643
706644
706658
707162
707699
707700
707724
707737
707740
71001
71309
714602
714603
714605
714607
714608
714609
714610
714611
714612
71471
715245
715450
715964
715965
715975
715980
715985
715987
717091
71745
717731
717894
718188
71860
71861
72004
72060
72063
72067
72074
72075
72079
72084
72092
72094
72103
72105
72148
722754
72407
72520
72548
72554
72671
72677
72678
73152
732115
73431
73790
73818
73915
741088
741090
742177
74466
745345
745346
745720
746505
746506
747474
748990
748992
748994
748996
749001
749004
749005
749009
749014
749176
749178
749184
749231
749232
75022
75297
75689
75712
7580
758490
75884
759295
759296
759325
759326
759329
759341
760129
760132
76168
76182
763493
763527
763528
763529
763530
763927
763931
763934
764012
7641
764359
7646
7653
7654
7656
7663
7668
7671
76717
76775
76841
76845
7698
7700
77300
77547
77926
77927
77928
77929
77931
77932
78182
78393
78545
78549
79277
795952
797134
798221
798525
79894
79898
8014
8022
8049
8063
8110
81100
81491
81533
81535
81638
8167
8168
81824
81843
82176
8236
82371
8240
8255
8260
8262
8267
82852
83371
83372
83538
83791
83794
83795
83849
83851
83852
84042
84061
84301
85417
85461
85465
85466
85467
856769
856786
856790
856795
85692
857049
857162
857298
857300
857301
857305
857498
857500
85795
858351
858356
858370
859418
859642
859643
859653
86010
86013
86043
86045
860588
862097
862249
862254
862916
86521
86550
86556
86584
86608
86610
86611
866871
866872
866873
866874
866875
866876
866877
866878
866879
866880
866881
866882
866883
866884
866886
866887
866888
868044
868048
868093
869566
87091
87107
87111
871236
875966
87731
877583
879532
88015
880215
880219
880239
880261
880343
880432
880617
881003
881006
88149
882744
88326
883816
883818
883828
883832
883838
88412
88456
884624
88552
88574
887193
887194
887200
889314
889455
889457
89037
89048
891395
89248
89462
89597
89608
89609
89944
89957
89963
90247
90248
903842
904677
907760
907763
907947
908861
90936
909809
909810
909811
911045
911676
912681
91653
91658
91661
91991
91992
92126
92480
926335
926437
927631
929628
92976
930066
93110
93162
932731
933256
935693
936128
936282
9365
937380
937382
937756
937803
937804
937807
937820
938105
93832
93931
94116
941984
942549
942550
942551
942554
942555
942558
942631
942633
942689
942695
942703
94289
94324
944168
9447
945053
945687
945690
9470
947549
947566
947569
947588
947606
9483
948923
94937
94984
9515
95170
95336
9541
9544
95530
9555
95602
9565
95749
9590
9593
9595
9597
9598
9606
9612
9615
9643
9644
9657
9662
96639
9666
9669
9678
96788
9685
9689
9691
9694
9711
9720
9728
9731
9733
9737
9739
97485
97487
97488
97489
97492
9767
977818
9793
9796
979724
979873
980195
980197
980198
98049
98050
980545
98060
98062
98066
98068
981320
981322
98217
9823
983145
983300
983673
9838
984054
984264
985825
985835
9860
986735
986738
987156
987159
9874
989201
98922
989232
990189
990294
9906
990945
990946
990950
991097
991099
9913
9915
992931
99344
993582
9940
994334
994335
994375
994787
99487
9978
9986
9988
999463
9995
999818
