dada2_input	filtered	dada_f	dada_r	merged	nonchim	final_perc_reads_retained
MP_E1032_OC0821_PCR1	170661	144568	144487	144514	142012	138452	81.1
MP_E1032_OC0821_PCR2	169548	148375	148255	148279	145310	140993	83.2
MP_E1032_OC0821_PCR3	6264	5530	5523	5525	5377	5249	83.8
MP_E1033_OC0821_PCR1	260068	214440	214318	214382	210677	202236	77.8
MP_E1033_OC0821_PCR2	268286	225397	225291	225232	221291	211770	78.9
MP_E1033_OC0821_PCR3	223359	189829	189760	189766	186457	178741	80
MP_E1034_OC0821_PCR1	215280	153439	153328	153361	150686	146982	68.3
MP_E1034_OC0821_PCR2	248149	175044	174950	174979	171803	167267	67.4
MP_E1034_OC0821_PCR3	278096	193660	193477	193562	189877	183179	65.9
MP_E1053_SKQ2021	222497	166379	166184	166235	154942	150245	67.5
MP_E1054_SKQ2021	204859	149874	149779	149832	141633	140513	68.6
MP_E1055_SKQ2021	203193	149924	149830	149843	143971	140832	69.3
MP_E1056_SKQ2021	219216	174684	174490	174538	167415	164507	75
MP_E1057_SKQ2021	210015	159935	159763	159860	156399	152744	72.7
MP_E1058_SKQ2021	199403	158082	157978	157963	150662	146940	73.7
MP_E1059_SKQ2021	205851	156747	156650	156697	148384	145827	70.8
MP_E1060_SKQ2021	256022	227831	227790	227790	226121	223344	87.2
MP_E1061_SKQ2021	239040	176485	176392	176420	166533	163591	68.4
MP_E1062_SKQ2021	203203	140765	140690	140653	131318	128283	63.1
MP_E1063_SKQ2021	224087	166480	166394	166419	157035	155271	69.3
MP_E1064_SKQ2021	200518	158699	158600	158652	155762	150630	75.1
MP_E1065_SKQ2021	240611	194938	194867	194828	186794	183373	76.2
MP_E1066_SKQ2021	284681	247893	247795	247764	240000	234453	82.4
MP_E1067_SKQ2021	221309	188261	188207	188220	185914	181684	82.1
MP_E1068_SKQ2021	186845	151882	151789	151817	141641	138935	74.4
MP_E1069_SKQ2021	251915	212520	212438	212412	203819	198022	78.6
MP_E1070_SKQ2021	236804	194771	194726	194740	191967	186088	78.6
MP_E1071_SKQ2021	248439	211865	211758	211777	206576	201568	81.1
MP_E1072_SKQ2021	238455	219357	219235	219279	216001	208050	87.2
MP_E1073_SKQ2021	194596	173102	173007	173076	171549	167785	86.2
MP_E1074_SKQ2021	213462	189285	189178	189178	184476	179819	84.2
MP_E1075_SKQ2021	33881	29647	29619	29622	28732	28232	83.3
MP_E1076_SKQ2021	225710	201521	201490	201503	199871	196286	87
MP_E1077_SKQ2021	247810	182884	182767	182768	172019	168628	68
MP_E1078_SKQ2021	230571	172863	172799	172764	164124	162211	70.4
MP_E1079_SKQ2021	251545	206556	206444	206475	194051	191900	76.3
MP_E1080_SKQ2021	224573	166677	166620	166611	160301	158147	70.4
MP_E1081_SKQ2021	109633	90933	90867	90894	89600	87793	80.1
MP_E1082_SKQ2021	200849	156989	156858	156881	149658	148375	73.9
MP_E1083_SKQ2021	189414	145960	145828	145896	139414	137204	72.4
MP_E1084_SKQ2021	315779	259263	259148	259208	255020	249850	79.1
MP_E1085_SKQ2021	315242	237946	237713	237812	225136	219640	69.7
MP_E1086_SKQ2021	216852	168518	168395	168426	159555	156223	72
MP_E1087_SKQ2021	230420	189111	189027	189011	186290	180788	78.5
MP_E1088_SKQ2021	230882	180592	180399	180440	168491	164788	71.4
MP_E1089_SKQ2021	219180	161949	161825	161860	152289	148790	67.9
MP_E1090_SKQ2021	224308	183245	183149	183206	180562	176687	78.8
MP_E1091_SKQ2021	257952	208744	208571	208558	197939	191766	74.3
MP_E1092_SKQ2021	223015	179339	179250	179290	171154	168646	75.6
MP_E1093_SKQ2021	274725	187632	187527	187495	179135	173466	63.1
MP_E1094_SKQ2021	222370	186522	186420	186371	169733	166025	74.7
MP_E1095_SKQ2021	232212	173670	173596	173467	163474	160256	69
MP_E1096_SKQ2021	264660	187536	187466	187457	184276	178038	67.3
MP_E1097_SKQ2021	218822	164625	164464	164411	149665	145552	66.5
MP_E1098_SKQ2021	246777	177968	177876	177888	162552	159383	64.6
MP_E1099_SKQ2021	233006	166670	166631	166615	154526	151688	65.1
MP_E1100_SKQ2021	201877	172633	172481	172559	170694	168173	83.3
MP_E1101_SKQ2021	260307	200108	200032	200040	190341	185711	71.3
MP_E1102_SKQ2021	268102	230037	229901	229952	227590	223227	83.3
MP_E1103_SKQ2021	199534	148511	148392	148403	140148	137749	69
MP_E1104_SKQ2021	248924	210529	210409	210434	201793	196584	79
MP_E1105_SKQ2021	225490	176772	176695	176692	171761	167518	74.3
MP_E1106_SKQ2021	211071	151859	151770	151744	128444	125285	59.4
MP_E1107_SKQ2021	222090	182040	181882	181931	170397	166055	74.8
MP_E1108_SKQ2021	273055	210001	209878	209873	198110	192190	70.4
MP_E1109_SKQ2021	239095	208603	208464	208511	201415	197822	82.7
MP_E1110_SKQ2021	282858	236023	235891	235961	231419	224908	79.5
MP_E1111_SKQ2021	194158	164953	164829	164886	160712	156792	80.8
MP_E1112_SKQ2021	209419	159094	158992	158989	154779	153287	73.2
MP_E1113_SKQ2021	258726	226225	226097	226166	223778	219479	84.8
MP_E1114_SKQ2021	220427	188654	188522	188591	185549	181928	82.5
MP_E1115_SKQ2021	206825	169048	168947	168930	162787	161098	77.9
MP_E1116_SKQ2021	241744	206045	205963	205928	201695	198171	82
MP_E1117_SKQ2021	217254	180213	180134	180099	177381	173507	79.9
MP_E1118_SKQ2021	232576	184259	184049	184130	167976	165426	71.1
MP_E1119_SKQ2021	237596	205374	205248	205268	203391	196761	82.8
MP_E1120_SKQ2021	271279	239290	239146	239231	237148	231512	85.3
MP_E1121_SKQ2021	224560	170848	170724	170702	159235	157021	69.9
MP_E1122_SKQ2021	235060	198670	198579	198566	196687	191801	81.6
MP_E1123_SKQ2021	249148	213969	213887	213908	211818	206171	82.8
MP_E1124_SKQ2021	249632	207266	207206	207224	200058	199290	79.8
MP_E1125_SKQ2021	313401	246326	246282	246285	244609	240690	76.8
MP_E1126_SKQ2021	295886	262082	261987	261993	257016	253180	85.6
MP_E1127_SKQ2021	277525	233804	233755	233746	231625	227952	82.1
MP_E1128_SKQ2021	274196	216487	216424	216430	214577	210515	76.8
MP_E1129_SKQ2021	223821	162738	162616	162621	155317	152818	68.3
MP_E1130_SKQ2021	263870	214468	214251	214327	206332	202856	76.9
MP_E1131_SKQ2021	207656	157697	157665	157608	155771	153947	74.1
MP_E1132_SKQ2021	227941	181635	181614	181595	179919	177697	78
MP_E1133_SKQ2021	273967	201844	201733	201599	195154	190520	69.5
MP_E1134_SKQ2021	260570	204363	204172	204200	199025	193895	74.4
MP_E1135_SKQ2021	279530	239906	239805	239819	237440	233225	83.4
MP_E1136_SKQ2021	234988	190478	190329	190372	182880	176427	75.1
MP_E1137_SKQ2021	312752	239194	239043	239081	233696	225058	72
MP_E1138_SKQ2021	312919	293592	293531	293440	292276	289654	92.6
MP_E1139_SKQ2021	252080	210140	209986	209989	201213	190617	75.6
MP_E1140_SKQ2021	240983	210577	210500	210510	207223	202573	84.1
MP_E1141_SKQ2021	239158	195596	195523	195514	188916	184227	77
MP_E1142_SKQ2021	214406	161885	161786	161750	152534	150347	70.1
MP_E1143_SKQ2021	280339	215633	215537	215530	207752	203936	72.7
MP_E1144_SKQ2021	262735	207389	207284	207336	198898	194337	74
MP_E1145_SKQ2021	194950	171694	171507	171626	164316	162071	83.1
MP_E1146_SKQ2021	215783	178440	178348	178339	166933	163932	76
MP_E1172_OC0622	262028	232271	232005	232089	228024	211476	80.7
MP_E1173_OC0622	272248	236404	236185	236162	233080	222589	81.8
MP_E1174_OC0622	281650	248751	248591	248589	245531	236929	84.1
MP_E1229_OC0822_PCR1	281864	211898	211545	211450	201595	195808	69.5
MP_E1229_OC0822_PCR2	289898	218385	217980	217985	207640	202138	69.7
MP_E1229_OC0822_PCR3	218789	158861	158612	158517	150601	145211	66.4
MP_E1230_OC0822_PCR1	264362	181928	181685	181739	174740	168015	63.6
MP_E1230_OC0822_PCR2	272209	183761	183496	183554	176374	168508	61.9
MP_E1230_OC0822_PCR3	223833	152367	152192	152159	146106	140492	62.8
MP_E1231_OC0822_PCR1	300222	234122	233857	233784	229735	221328	73.7
MP_E1231_OC0822_PCR2	269648	214135	213892	213953	209717	202804	75.2
MP_E1231_OC0822_PCR3	279843	216620	216410	216438	212234	204171	73
MP_E1240_OC0922	281573	222197	221905	221934	217216	210715	74.8
MP_E1241_OC0922	265227	223172	222900	222970	219161	209824	79.1
MP_E1242_OC0922	246543	201338	201151	201214	198554	188638	76.5
MP_E1243_OC0922	269582	209068	208769	208885	204662	194440	72.1
MP_E1244_OC0922	301382	227594	227331	227379	222508	210505	69.8
MP_E1245_OC0922	291601	238633	238392	238480	235414	217627	74.6
MP_E1246_OC0922	223717	172110	171866	171997	168568	156841	70.1
MP_E1247_OC0922	203807	143781	143493	143579	139033	136136	66.8
MP_E1248_OC0922	240331	157704	157520	157524	153578	150114	62.5
MP_E1249_OC0922	71580	59402	58990	59372	57208	55755	77.9
MP_E1250_OC0922	244204	191948	191820	191854	188230	178361	73
MP_E1251_OC0922	316347	287306	287131	287195	283878	258167	81.6
MP_E1252_OC0922	289515	265894	265750	265813	261725	246943	85.3
MP_E1253_OC0922	235708	193520	193383	193481	185850	175669	74.5
MP_E1254_OC0922	214219	170868	170697	170741	160422	155464	72.6
MP_E1255_OC0922	267132	155812	155671	155671	132349	130064	48.7
MP_E1256_OC0922	274696	239326	239210	239236	230548	221066	80.5
MP_E1257_OC0922	246683	218791	218707	218713	213331	204359	82.8
MP_E1258_OC0922	290563	247894	247686	247725	238500	223746	77
MP_E1259_OC0922	248958	211945	211796	211842	206515	193263	77.6
MP_E1260_OC0922	248835	220278	220162	220174	214391	201502	81
MP_E1261_OC0922	346166	334981	334902	334952	331628	324485	93.7
MP_E1262_OC0922	320270	291958	291828	291878	287365	276705	86.4
MP_E1263_OC0922	116749	97633	97324	97574	95131	91640	78.5
MP_E1265_OC0922_PCR1	259043	226377	226196	226121	218733	208519	80.5
MP_E1265_OC0922_PCR2	294994	256758	256529	256494	248142	234640	79.5
MP_E1265_OC0922_PCR3	5980	5495	5479	5489	5294	5066	84.7
MP_E1266_OC0922_PCR1	321245	294721	294588	294621	289495	276709	86.1
MP_E1266_OC0922_PCR2	277480	257606	257523	257521	252974	243741	87.8
MP_E1266_OC0922_PCR3	346566	319683	319552	319614	314097	300727	86.8
MP_E1267_OC0922_PCR1	286675	258472	258360	258379	251084	239745	83.6
MP_E1267_OC0922_PCR2	206417	186213	186101	186133	180895	173980	84.3
MP_E1267_OC0922_PCR3	219097	199395	199314	199328	193860	186635	85.2
MP_E1275_OC1021	236786	195175	194798	194895	190195	179524	75.8
MP_E1276_OC1021	232840	177489	177304	177339	173795	171083	73.5
MP_E1277_OC1021	95132	88413	88328	88372	86444	85305	89.7
MP_E1278_OC1021	256186	201102	200622	200705	194130	183454	71.6
MP_E1279_OC1021	232369	165972	165717	165789	160531	156860	67.5
MP_E1280_OC1021	226889	171569	171193	171256	165796	160858	70.9
MP_E1281_OC1021	88404	81522	81443	81462	79320	78203	88.5
MP_E1282_OC1021	260958	193485	193195	193166	189114	183231	70.2
MP_E1283_OC1021	278662	215363	215174	215054	211277	201743	72.4
MP_E1284_OC1021	249301	174450	174230	174271	165938	162697	65.3
MP_E1285_OC1021	219700	172209	172000	172081	167608	162643	74
MP_E1286_OC1021	259034	192332	192190	192159	186273	181215	70
MP_E1287_OC1021	257095	241571	241106	241262	236174	224275	87.2
MP_E1288_OC1021	191881	175220	174943	175104	165821	160576	83.7
MP_E1289_OC1021	267800	213463	213097	213086	206339	203591	76
MP_E1290_OC1021	292802	210847	210564	210495	188954	184764	63.1
MP_E1291_OC1021	324641	270375	270077	270253	265178	249288	76.8
MP_E1292_OC1021	247656	224709	224608	224547	208023	205816	83.1
MP_E1293_OC1021	200849	170849	170647	170716	165432	158379	78.9
MP_E1294_OC1021	295461	278937	278787	278841	272469	256853	86.9
MP_E1295_OC1021	115952	109554	109465	109511	105486	103229	89
MP_E1296_OC1021	105927	100506	100463	100475	95252	93531	88.3
MP_E1297_OC1021	143402	134369	134316	134309	132640	128543	89.6
MP_E1298_OC1021	218839	200309	200162	200250	194223	188995	86.4
MP_E1299_OC1021	254515	136916	136843	136883	125061	124072	48.7
MP_E1300_OC1021	268557	160340	160306	160261	151394	150801	56.2
MP_E1301_OC1021	260274	154196	154072	154008	148809	148080	56.9
MP_E1302_OC1021	42044	28019	28014	28011	24869	24804	59
MP_E1303_OC1021	177361	48017	47991	47992	46595	46541	26.2
MP_E1304_OC1021	228075	201455	201439	201432	192778	191981	84.2
MP_E1305_OC1021	272443	181464	181351	181437	112659	112271	41.2
MP_E1306_OC1021	122096	66029	66011	66021	60122	60115	49.2
MP_E1307_OC1021	28790	5102	5102	5102	4950	4950	17.2
MP_E1308_OC1021	169347	87095	87047	87074	84607	84260	49.8
MP_E1309_OC1021	281441	108741	108713	108695	96233	95932	34.1
MP_E1310_OC1021	251463	161280	161210	161237	160025	158479	63
MP_E1312_OC1021	293388	197908	197866	197824	196367	195197	66.5
MP_E1313_OC1021	199566	46327	46257	46320	32431	32407	16.2
MP_E1315_OC1021	206085	105497	105489	105465	100932	100771	48.9
MP_E1316_OC1021	251073	63705	63663	63670	61274	61180	24.4
MP_E1317_OC1021	269433	163152	163137	163130	161648	157129	58.3
MP_E1318_OC1021	201273	73322	73257	73273	67566	67518	33.5
MP_E1319_OC1021	199578	72759	72677	72717	66734	66594	33.4
MP_E1320_OC1021	271125	179522	179481	179399	178036	176477	65.1
MP_E1321_OC1021	254846	135278	135208	135223	131539	130925	51.4
MP_E1322_OC1021	207128	76311	76241	76296	72729	72598	35
MP_E1323_OC1021_PCR1	165648	159333	159273	159304	156548	151529	91.5
MP_E1323_OC1021_PCR2	240443	227633	227542	227232	222969	214198	89.1
MP_E1323_OC1021_PCR3	160442	153617	153574	153402	150519	146745	91.5
MP_E1324_OC1021_PCR1	224484	186942	186832	186875	182618	176415	78.6
MP_E1324_OC1021_PCR2	211617	183489	183331	183393	179321	173595	82
MP_E1324_OC1021_PCR3	195492	177386	177266	177239	173255	168600	86.2
MP_E1325_OC1021_PCR1	276212	201761	201651	201645	195502	190789	69.1
MP_E1325_OC1021_PCR2	273394	201257	201089	201084	195027	190033	69.5
MP_E1325_OC1021_PCR3	284397	212003	211840	211893	205343	200860	70.6
MP_E1389_OC0722	248556	245172	244993	245045	241193	222985	89.7
MP_E1390_OC0722	286688	246130	245954	245941	241290	231864	80.9
MP_E1391_OC0722	239589	210122	209885	209948	206091	197717	82.5
MP_E1403_OC0722	285330	261651	261398	261463	257835	241838	84.8
MP_E1404_OC0722	250212	190954	190757	190823	185887	183444	73.3
MP_E1406_OC0722	282168	223381	223193	223183	219085	213064	75.5
MP_E1408_OC0722	237926	116759	116749	116609	106114	105804	44.5
MP_E1410_OC0722	243940	231413	231205	231275	227913	209386	85.8
MP_E1412_OC0722	264245	248533	248406	248343	245806	233391	88.3
MP_E1414_OC0722	257044	245161	245065	245051	242147	229168	89.2
MP_E1416_OC0722	307815	256832	256697	256630	250887	238684	77.5
MP_E1418_OC0722	318017	234136	233957	233974	227435	213256	67.1
MP_E1420_OC0722	369178	298159	297902	297861	285644	278579	75.5
MP_E1422_OC0722	268608	229779	229641	229634	222196	211992	78.9
MP_E1424_OC0722	335814	236742	236547	236618	220617	216659	64.5
MP_E1426_OC0722	309963	280536	280386	280394	276351	262242	84.6
MP_E1845_OC0623	149876	138164	137959	138097	133408	130038	86.8
MP_E1846_OC0623	199601	188382	188241	188278	183766	179393	89.9
MP_E1847_OC0623	287329	236762	236531	236580	230787	219888	76.5
MP_E1849_OC0723	236621	178833	178619	178657	172721	164163	69.4
MP_E1850_OC0723	266957	190184	190005	189990	179059	176703	66.2
MP_E1851_OC0723	304350	174950	174767	174734	167063	165123	54.3
MP_E1852_OC0723	226387	168348	168164	168233	162497	157680	69.7
MP_E1853_OC0723	308043	248916	248762	248779	244090	227946	74
MP_E1854_OC0723	322121	299244	299034	299069	289605	269897	83.8
MP_E1855_OC0723	274683	219290	219176	219103	209676	203809	74.2
MP_E1856_OC0723	331603	214927	214822	214846	205387	199276	60.1
MP_E1857_OC0723	277580	208332	208168	208185	203419	199921	72
MP_E1858_OC0723	294713	235983	235814	235809	226832	220464	74.8
MP_E1859_OC0723	213723	153457	153238	153257	146917	144554	67.6
MP_E1860_OC0723	316952	207701	207507	207453	188404	186312	58.8
MP_E1861_OC0723	280234	176952	176708	176606	161735	159918	57.1
MP_E1862_OC0723	161069	144110	143974	144019	139429	133012	82.6
MP_E1863_OC0723	226052	193854	193701	193749	190178	185575	82.1
MP_E1864_OC0723	280247	208249	208069	208100	201870	194327	69.3
MP_E1865_OC0723	249579	196321	196146	196178	191671	187289	75
MP_E1866_OC0723	298110	262745	262467	262385	259566	255022	85.5
MP_E1867_OC0723	286891	269740	269686	269692	262603	255271	89
MP_E1868_OC0723	254816	190870	190798	190827	187115	185073	72.6
MP_E1869_OC0723	215924	156455	156265	156306	151763	148209	68.6
MP_E1870_OC0723	218219	146841	146699	146668	142397	140247	64.3
MP_E1871_OC0723	235362	183975	183840	183818	180993	175457	74.5
MP_E1872_OC0723	219711	173530	173383	173405	169929	165611	75.4
MP_E1873_OC0723	189926	171513	171441	171465	169829	162768	85.7
MP_E1874_OC0723	194816	178093	177985	177923	172586	166426	85.4
MP_E1875_OC0723	255551	230430	230271	230186	227947	218294	85.4
MP_E2128_1B	225730	218949	218815	218898	216655	198481	87.9
MP_E2128_2B	212599	205683	205517	205594	202099	194630	91.5
MP_E2128_3B	284559	263801	263698	263683	260025	247694	87
MP_E2128_4B	292032	270894	270685	270758	266487	251475	86.1
MP_E2129_1B	256443	232107	231819	232032	227111	217947	85
MP_E2129_2B	244358	229066	228651	228969	224591	216813	88.7
MP_E2129_3B	261312	237117	236865	236912	235700	224138	85.8
MP_E2129_4B	188946	167765	167632	167611	166665	158468	83.9
MP_E2129_5B	193004	186698	186596	186678	183838	178942	92.7
MP_E2130_1B	228834	216926	216688	216813	213612	204485	89.4
MP_E2130_2B	250202	212446	212262	212306	209034	204948	81.9
MP_E2130_3B	177418	170404	170309	170343	168113	162806	91.8
MP_E2130_4B	170622	154330	154185	154278	151439	146517	85.9
MP_E2130_5B	268958	250907	250587	250750	247088	238080	88.5
MP_E2131_1B	246198	184204	184035	184028	180868	172739	70.2
MP_E2131_2B	244477	208666	208566	208357	205926	199448	81.6
MP_E2131_3B	32706	24662	24623	24642	24124	23561	72
MP_E2131_4B	238239	196185	195947	195933	193141	188163	79
MP_E2131_5B	246976	169589	169392	169399	165549	160541	65
MP_E2132_1B	264597	233805	233583	233726	230738	219630	83
MP_E2132_2B	258026	241288	241063	241241	237860	226087	87.6
MP_E2132_3B	260458	239543	239413	239436	236347	225111	86.4
MP_E2132_4B	211992	205083	204997	205044	203294	190730	90
MP_E2132_5B	280702	267484	267223	267241	262985	250194	89.1
MP_E2133_1B	235838	220237	220132	220132	218052	206166	87.4
MP_E2133_2B	152172	148321	148256	148305	146745	142177	93.4
MP_E2133_3B	223600	204543	204424	204464	202197	191495	85.6
MP_E2133_4B	241250	233052	232867	232962	230692	212934	88.3
MP_E2133_5B	186960	182234	182116	182188	180578	170572	91.2
MP_E2134_1B	153033	130589	130501	130505	129647	127529	83.3
MP_E2134_2B	334251	311602	311490	311383	310237	300613	89.9
MP_E2134_3B	322957	296551	296434	296411	295321	288009	89.2
MP_E2134_4B	216410	209165	208974	209123	206282	195841	90.5
MP_E2134_5B	265904	224081	223888	223843	219703	212467	79.9
MP_E2135_1B	208036	192832	192742	192799	191617	187975	90.4
MP_E2135_2B	253200	233390	233261	233320	230002	219079	86.5
MP_E2135_3B	290536	238948	238853	238659	235774	228464	78.6
MP_E2135_4B	246482	223123	223068	222991	220497	211502	85.8
MP_E2135_5B	301616	280113	279848	279928	276592	261155	86.6
MP_E2136_1B	194360	184855	184743	184688	183264	176586	90.9
MP_E2136_2B	268097	259420	259224	259310	257872	244991	91.4
MP_E2136_3B	212546	204735	204661	204691	203011	190900	89.8
MP_E2136_4B	251923	232167	232001	232099	228777	216048	85.8
MP_E2136_5B	2038	1923	1917	1923	1893	1811	88.9
MP_E2137_1B	280998	232620	232484	232456	230077	219970	78.3
MP_E446_1B_PCR2	232044	173753	173657	173676	171151	164377	70.8
MP_E446_1B_PCR3	286114	214933	214842	214811	211914	204296	71.4
MP_E446_2B_PCR2	182324	139342	139253	139277	137760	132288	72.6
MP_E446_2B_PCR3	251001	187075	186942	186988	184947	177585	70.8
MP_E446_3B_PCR2	218963	167242	167135	167123	164527	159397	72.8
MP_E446_3B_PCR3	212552	162115	161911	162037	159199	154254	72.6
MP_E447_1B_PCR2	214696	170611	170467	170557	164202	157110	73.2
MP_E447_1B_PCR3	233999	186467	186320	186386	179570	171754	73.4
MP_E447_2B_PCR2	250019	200218	200071	200103	195112	180725	72.3
MP_E447_2B_PCR3	221085	173318	173205	173262	168933	156891	71
MP_E447_3B_PCR2	223212	188984	188932	188937	186784	181646	81.4
MP_E447_3B_PCR3	206917	172712	172605	172668	170671	165205	79.8
MP_E448_1B_PCR2	292506	226349	226098	226230	219371	206574	70.6
MP_E448_1B_PCR3	297465	234425	234244	234250	227001	216517	72.8
MP_E448_2B_PCR2	161977	152000	151917	151932	146320	140458	86.7
MP_E448_2B_PCR3	187977	176103	175974	176032	168687	160852	85.6
MP_E448_3B_PCR2	269773	247199	247095	247104	243429	228258	84.6
MP_E448_3B_PCR3	182295	165985	165887	165937	163288	154632	84.8
MP_E449_1B_PCR2	205582	179820	179731	179736	177913	166146	80.8
MP_E449_1B_PCR3	248058	215845	215712	215732	213517	198584	80.1
MP_E449_2B_PCR2	196770	170957	170765	170883	168991	155700	79.1
MP_E449_2B_PCR3	219822	192558	192418	192516	190522	176503	80.3
MP_E449_3B_PCR2	186452	154969	154832	154908	153084	140981	75.6
MP_E449_3B_PCR3	229998	191024	190867	190993	188744	173715	75.5
MP_E450_1B_PCR2	215668	202504	202352	202423	199770	182240	84.5
MP_E450_1B_PCR3	272304	253936	253812	253796	250596	228792	84
MP_E450_2B_PCR2	293188	273582	273390	273519	270412	246527	84.1
MP_E450_2B_PCR3	263343	247463	247325	247387	244624	223603	84.9
MP_E450_3B_PCR2	268526	248910	248804	248789	245591	223858	83.4
MP_E450_3B_PCR3	217525	203600	203494	203552	200898	182855	84.1
MP_E475_PCR2	195405	181469	181352	181365	178597	164954	84.4
MP_E475_PCR3	225623	209754	209617	209664	206509	190646	84.5
MP_E486_PCR2	200298	138794	138611	138616	134179	130776	65.3
MP_E486_PCR3	205354	142969	142779	142759	138178	135005	65.7
MP_E492_1B_PCR2	206011	143905	143739	143781	127300	125772	61.1
MP_E492_1B_PCR3	197268	142676	142577	142549	128119	127004	64.4
MP_E494_PCR2	251376	155582	155510	155505	150878	148595	59.1
MP_E494_PCR3	212599	134229	134144	134157	130235	128467	60.4
MP_E496_1T_PCR2	295576	194606	194400	194346	192044	184203	62.3
MP_E496_1T_PCR3	322901	216610	216397	216379	213779	205602	63.7
MP_E496_3B_PCR2	214924	140916	140776	140858	138979	134020	62.4
MP_E496_3B_PCR3	250666	166617	166457	166454	164349	158394	63.2
MP_E498_1B_PCR2	247727	199784	199712	199644	197039	190347	76.8
MP_E498_1B_PCR3	6096	5230	5220	5227	5128	5051	82.9
MP_E498_2B_PCR2	261114	219564	219469	219512	218077	212217	81.3
MP_E498_2B_PCR3	278981	231577	231400	231512	229843	223401	80.1
MP_E498_3B_PCR2	203843	148744	148676	148625	145990	138358	67.9
MP_E498_3B_PCR3	214445	160465	160366	160388	157531	149497	69.7
MP_E573_1B_PCR2	220967	140884	140733	140738	135493	131162	59.4
MP_E573_1B_PCR3	168500	110937	110851	110858	106706	104090	61.8
MP_E573_2B_PCR2	256132	178483	178316	178342	172067	166300	64.9
MP_E573_2B_PCR3	261401	185302	185158	185149	178525	173709	66.5
MP_E573_3B_PCR2	234208	152137	152031	152045	146716	142090	60.7
MP_E573_3B_PCR3	235605	152748	152634	152621	147371	143259	60.8
MP_E574_1B_PCR2	182926	159259	159144	159207	156228	151757	83
MP_E574_1B_PCR3	202764	176637	176568	176596	173631	169053	83.4
MP_E574_2B_PCR2	234038	168111	168024	168041	164287	159707	68.2
MP_E574_2B_PCR3	179602	127949	127874	127894	125027	121165	67.5
MP_E574_3B_PCR2	248169	178375	178281	178291	174566	170346	68.6
MP_E574_3B_PCR3	288804	208788	208711	208742	204211	199113	68.9
MP_E575_1B_PCR2	230247	209157	208998	208999	202293	184204	80
MP_E575_1B_PCR3	248565	224357	224239	224223	216921	197919	79.6
MP_E575_2B_PCR2	252101	234328	234154	234084	228162	209242	83
MP_E575_2B_PCR3	251984	232187	232058	231998	225936	207966	82.5
MP_E575_3B_PCR2	227461	212826	212713	212710	208078	191689	84.3
MP_E575_3B_PCR3	130000	121827	121740	121804	119173	110199	84.8
MP_E598_1B_PCR2	287518	209810	209609	209581	173275	171156	59.5
MP_E598_1B_PCR3	170986	125692	125516	125485	103786	102737	60.1
MP_E598_2B_PCR2	262135	189882	189662	189670	167696	164502	62.8
MP_E598_2B_PCR3	212013	156377	156190	156167	138000	135756	64
MP_E598_3B_PCR2	220807	160020	159875	159864	133255	130469	59.1
MP_E598_3B_PCR3	194311	140813	140651	140638	117041	115108	59.2
MP_E600_1B_PCR2	222019	193192	193073	193122	190424	173593	78.2
MP_E600_1B_PCR3	223203	194450	194370	194355	191672	175639	78.7
MP_E600_2B_PCR2	183548	156990	156890	156921	154973	139571	76
MP_E600_2B_PCR3	203773	175064	174992	175010	172845	157138	77.1
MP_E600_3B_PCR2	161896	131415	131270	131365	129377	114850	70.9
MP_E600_3B_PCR3	267199	215892	215726	215759	212699	188973	70.7
MP_POSITIVE	46489	45862	45792	45862	45679	45616	98.1
