ASV	Multi_taxID_entry	USED
ASV_1002	1905723, 1905723;2315413, 89963, 2968077, 1918384, 262427, 107757	FALSE
ASV_10079	1606541, 1411661, 722754;1714387	FALSE
ASV_10146	1905723, 1905723;2315413, 89963, 2968077, 142110, 1918384, 2699462, 262427, 1003175, 107757	FALSE
ASV_10313	1905723, 1905723;2315413, 89963, 2968077, 1918384, 262427, 107757	FALSE
ASV_10342	1905723, 1905723;2315413, 89963, 2968077, 1918384, 262427, 107757	FALSE
ASV_10397	1905723, 1905723;2315413, 89963, 2968077, 407301, 1918384, 262427, 107757	FALSE
ASV_10401	1311521, 516040;1131439	FALSE
ASV_1044	1905723, 1905723;2315413, 89963, 2968077, 1918384, 262427, 107757	FALSE
ASV_10464	2081474, 177573, 2849393;2849394;2849395;2849396;2849397, 177560, 1342565, 145470, 1336862;1342609, 1071511, 364019, 283547	FALSE
ASV_10525	143670, 2661866, 2081639, 2528240, 89963, 1806893, 1695222, 2081638, 244960, 1918384, 71861, 1652117, 1764948, 1764946, 1764947, 1764957, 60595, 2925154, 2661873, 1655529, 1641596, 2982930, 2591690, 1691973, 2735798, 1239451, 1225972, 631048, 160611, 858356, 425808, 427755, 160610, 284798;284799;284802, 244961	FALSE
ASV_10585	1446920, 670440;1446917;2606889, 1446909	FALSE
ASV_10676	1905833, 236787, 464225, 1606603, 1606602, 236787;1411684, 2811676	FALSE
ASV_10864	1695222, 3129261, 143670, 71861, 1652117, 1886619, 1655529, 1691973, 1239451, 2684371, 2684370, 2684369, 631048, 160611, 858356, 160612, 284798;284799;284802, 66473	FALSE
ASV_10950	72677, 1764082, 237470, 2945, 1226012, 39449, 2496629, 2364126, 3129261, 3075827, 1905723, 1886619, 71860, 1764932, 237471, 237471;1905723, 1290334	FALSE
ASV_10987	156133, 284976;284978;284979;284980;284981;284982	FALSE
ASV_11001	1000413, 1895587, 57656, 291216, 47963, 66201, 291221, 1895586, 171206, 198924, 171881, 1642853, 55513, 175006, 171210, 948960, 168562, 2972751, 168561, 873093, 291221;1779277, 171209, 168559;1779280, 290844, 290843, 171216, 934066, 355900, 291223, 66206, 1287646, 47965, 873089, 392741, 873090, 47966, 99155, 171221, 290842, 873086, 134797, 873092, 57653, 134799, 47968, 171204, 168570, 4023, 171213, 66205, 1008898, 1895641, 1603687, 1008897, 2291095, 4026, 128017, 531822, 290840, 2810071, 168573, 171219, 291215, 171217, 171202, 47967, 369786, 291217, 703915, 886263, 291213, 291207, 407037, 369785, 75745, 66215, 45314, 349748, 2808947, 4025, 355897, 66214, 392739, 1954353, 168567, 269405, 66213, 168566, 66212, 66211, 1779279, 171212, 290838, 2499985, 75744, 66210, 66209, 66208, 134796, 66207, 171207, 134795, 1779280, 290841, 384957, 151047, 43851, 4016	FALSE
ASV_11104	1905723, 1905723;2315413, 2968077, 1641588, 1918384, 2699462, 35672, 160603	FALSE
ASV_11208	1905723, 1905723;2315413, 89963, 2968077, 1918384, 262427, 107757	FALSE
ASV_11220	1486432;1486433, 1486436, 2575364	FALSE
ASV_11263	1311521, 516040;1131439	FALSE
ASV_113	407301, 89963, 1695222, 3129261, 143670, 241424, 71861, 1652117, 1886619, 1655529, 298604, 1918384, 1691973, 1239451, 2684371, 2684370, 2684369, 631048, 160611, 387435, 858356, 200894, 160612, 284798;284799;284802, 66473, 60595	FALSE
ASV_11314	1905723, 1905723;2315413, 89963, 2968077, 1918384, 262427, 107757	FALSE
ASV_11354	163663;238910	TRUE
ASV_11401	1524186, 1304840, 549348, 549345;1516112, 549349, 549347, 549346	FALSE
ASV_11709	1905723, 1905723;2315413, 2968077	FALSE
ASV_11807	2737751, 2737750, 2737749, 2592178, 2592177, 2592175;2592176, 2592174, 2592173, 2301934, 2301933, 2301932, 2301931, 2041805, 1764901, 1764895, 1764875, 1764892, 1764861, 1764860, 464227	FALSE
ASV_1189	1905723, 1905723;2315413, 407301, 89963, 3129261, 2968077, 241424, 1886619, 298604, 1918384, 387435, 200894, 60595	FALSE
ASV_12005	2735543, 2735541;2735546;2735549;2735714;2735715;2735716, 1918590, 3097298, 3093756, 3079699;3093756, 44197, 869566, 3097325, 2734876;3093766, 3097310, 3097303, 3097290, 1607760, 3014532, 3014485, 3014484, 1817548, 869566;1576524, 270263, 639604, 328237, 86521, 89609, 89608	FALSE
ASV_12054	1905723, 1905723;2315413, 89963, 2968077, 142110, 1918384, 2699462, 262427, 1003175, 107757	FALSE
ASV_12086	2735543, 2735541;2735546;2735549;2735714;2735715;2735716, 1918590, 3097298, 3093756, 3079699;3093756, 44197, 869566, 3097325, 2734876;3093766, 3097310, 3097303, 3097290, 1607760, 3014532, 3014485, 3014484, 1817548, 869566;1576524, 270263, 639604, 328237, 86521, 89609, 89608	FALSE
ASV_1219	1905723, 1905723;2315413, 2968077, 3019568, 2902008	FALSE
ASV_1230	1905723, 1905723;2315413, 89963, 2968077, 1918384, 262427, 107757	FALSE
ASV_1236	1806893, 1695222, 3129261, 143670, 71861, 1652117, 2984365, 1886619, 1655529, 2591690, 1691973, 1239451, 631048, 160611, 858356, 284798;284799;284802	FALSE
ASV_12422	1905723, 1905723;2315413, 89963, 2968077, 1918384, 262427, 107757	FALSE
ASV_12563	1367452;1367461	TRUE
ASV_1259	2081474, 177573, 2849393;2849394;2849395;2849396;2849397, 177560, 1342565, 145470, 1336862;1342609, 1071511, 364019, 283547	FALSE
ASV_12643	2737751, 2737750, 2737749, 2737752, 2592178, 2592177, 2592175;2592176, 2592174, 2592173, 265543, 2152835, 555756, 2301934, 2301933, 2301932, 2301931, 2041805, 1155433, 1870746, 1929981, 1929982, 1764901, 1764895, 1764875, 1764892, 1764861, 1764860, 2316504, 2811639, 1400981, 2590921, 216823, 49258, 420264, 464227, 451791	FALSE
ASV_12701	2609847, 52066, 37862;52066, 37862	FALSE
ASV_12763	39450, 260685, 1905723, 1905723;2315413, 2364126, 2303287, 89963, 2968077, 2820087, 1290334, 1918384, 257771, 1614641, 257771;260685, 237470	FALSE
ASV_12782	2081474, 177573, 2849393;2849394;2849395;2849396;2849397, 177560, 1342565, 145470, 1336862;1342609, 1071511, 364019, 283547	FALSE
ASV_1283	2066664;2066665, 2066660, 2066653, 868044	FALSE
ASV_1297	1766654;1884248	TRUE
ASV_12983	100830, 64668, 64668;109042, 93934, 9091, 9103, 116989	FALSE
ASV_13063	1606541, 1411661, 722754;1714387	FALSE
ASV_13103	1905723, 1905723;2315413, 89963, 2968077, 1918384, 262427, 107757	FALSE
ASV_13115	2066664;2066665, 2066660, 2066653, 868044	FALSE
ASV_1312	72677, 1764082, 237470, 2945, 1226012, 39449, 2496629, 2364126, 3075827, 1905723, 71860, 1764932, 237471, 237471;1905723, 1290334, 2294190, 1764933, 2303292, 2946	FALSE
ASV_13125	1905833, 236787, 1606603, 1606602, 236787;1411684, 2811676	FALSE
ASV_13161	447208, 447208;497816	FALSE
ASV_13288	2302894, 2302891, 2302889, 2302888, 2302887, 1907930;2302880, 1764223, 464277, 464279, 464278	FALSE
ASV_13473	1606541, 1411661, 722754;1714387	FALSE
ASV_13496	39450, 260685, 1905723, 1905723;2315413, 2364126, 2303287, 89963, 2968077, 246728, 2820087, 1290334, 1918384, 257771, 1614641, 262427, 107757, 257771;260685, 237470	FALSE
ASV_13538	2737750, 2737749, 2592178, 2592175;2592176, 2592173, 2301934, 2301933, 2301932, 2301931, 1764895, 1764892, 1764861, 1764860, 464227	FALSE
ASV_13550	1905723, 1905723;2315413, 89963, 2219862, 2968077, 244960, 2984361, 2984353, 2984350, 2984346, 2984362, 2984345, 1641596, 60595, 1918384, 262427, 107757	FALSE
ASV_13606	1905723, 1905723;2315413, 89963, 2968077, 3086146, 447210, 1918384, 262427, 107757	FALSE
ASV_13820	6063, 2849410;2849411, 2849408, 145470, 1336887	FALSE
ASV_13863	1367452;1367461, 1367441	FALSE
ASV_13886	2301945, 2301967, 2301975, 2301983, 2301981, 2301969, 2301976, 2301970, 2301965, 2301979, 2301968, 1762025, 2301947;2301973, 2301962, 2301946, 2301980, 2301949, 2301954, 2301978, 2301961, 2301943, 2301950, 2301985	FALSE
ASV_13907	2589021, 178342, 178341, 41300, 2579142, 619271, 619270, 225408, 221626;265276;265277	FALSE
ASV_1395	2926, 2932, 2925, 1126604, 1126602, 1126601, 1041877, 1041877;1126601;1126602;1126603;1126604, 1126608, 1126610, 1126608;1126610, 1126605;1126607;1126608;1126609;1126610	FALSE
ASV_13987	1905723, 1905723;2315413, 89963, 244962, 2219862, 2968077, 1641406, 60595, 1918384, 262427, 107757	FALSE
ASV_14002	1169001, 1050084, 1169003;1967941, 1169003, 1169000	FALSE
ASV_1406	1010556, 1010533, 1010473;1010490;1010542	FALSE
ASV_14064	2735543, 2735541;2735546;2735549;2735714;2735715;2735716, 1918590, 3097298, 3093756, 3079699;3093756, 44197, 869566, 3097325, 2734876;3093766, 3097310, 3097303, 3097290, 1607760, 3014532, 3014485, 3014484, 1817548, 869566;1576524, 270263, 639604, 328237, 86521, 89609, 89608	FALSE
ASV_14142	2302266, 1766654;1884248, 1181720	FALSE
ASV_14157	2302266, 1766654;1884248, 1181720	FALSE
ASV_1420	1764241, 1764237;1764239, 2812598, 1606473, 1764235, 1764234	FALSE
ASV_1424	1806893, 1695222, 3129261, 143670, 71861, 1652117, 1886619, 1655529, 2591690, 1691973, 1239451, 631048, 160611, 858356, 284798;284799;284802	FALSE
ASV_14380	1606541, 1411661, 722754;1714387	FALSE
ASV_144	1169001, 1050084, 1169003;1967941, 1169003, 1169000	FALSE
ASV_14603	1905723, 1905723;2315413, 89963, 2968077, 1918384, 262427, 107757	FALSE
ASV_147	267566, 267567, 2843, 1764970, 1537841, 267567;1514174, 1503408, 1198651, 1198650, 1030545, 1030544, 1030542, 1030541, 1030540, 866888, 866887, 866886, 866884, 866883, 866882, 866881, 866880, 866879, 866878, 866877, 866876, 866874;866875, 866873, 866872, 866871, 619278, 619277, 619276, 619275, 2843;267567;439494, 216762;267567;1030547;1030548;1030549, 41457, 1764921, 1764920, 1764919, 371681	FALSE
ASV_14712	163663;238910	TRUE
ASV_14722	2064960, 64525;311239;979697	FALSE
ASV_14727	2926, 2932, 2925, 1126604, 1126602, 1126601, 1041877, 1041877;1126601;1126602;1126603;1126604, 1126608, 1126610, 1126608;1126610, 1126605;1126607;1126608;1126609;1126610	FALSE
ASV_14748	1905723, 1905723;2315413, 89963, 2968077, 1918384, 262427, 107757	FALSE
ASV_14862	246752, 1582126, 1582128, 1582124;1582125;1582130, 244502, 1582117;1582120;1582138;1582139, 98291, 1421103, 1582110;1582145, 462886, 462885, 98291;1582111	FALSE
ASV_14866	2081474, 177573, 2849393;2849394;2849395;2849396;2849397, 177560, 1342565, 145470, 1336862;1342609, 1071511, 364019, 283547	FALSE
ASV_14871	2081474, 177573, 2849393;2849394;2849395;2849396;2849397, 177560, 1336887, 1342565, 145470, 1336862;1342609, 1071511, 364019, 283547	FALSE
ASV_14892	1169001, 1050072, 1169006, 1050084, 1169003;1967941, 1169003, 1169000	FALSE
ASV_14910	2081474, 177573, 2849393;2849394;2849395;2849396;2849397, 177560, 1342565, 145470, 279590, 1336862;1342609, 1071511, 364019, 283547	FALSE
ASV_14924	1606541, 1411661, 722754;1714387	FALSE
ASV_15044	153648, 1311521, 516040;1131439	FALSE
ASV_151	1905833, 236787, 1606603, 1606602, 236787;1411684, 2811676, 1411684	FALSE
ASV_15193	2609461, 2609457, 2609455, 2609465, 2609456;2609463, 2609462	FALSE
ASV_15276	281028;563767	TRUE
ASV_15293	2926, 2932, 2925, 1126604, 1126602, 1126601, 1041877, 1041877;1126601;1126602;1126603;1126604, 1126608, 1126610, 1126608;1126610, 1126605;1126607;1126608;1126609;1126610	FALSE
ASV_1533	2737750, 2737749, 2592178, 2592175;2592176, 2592173, 1764895, 1764892, 464227	FALSE
ASV_15369	1695222, 143670, 71861, 1652117, 1655529, 1918384, 1691973, 1239451, 631048, 160611, 858356, 501609, 501608, 289378, 284798;284799;284802, 310565	FALSE
ASV_1537	163663;238910	TRUE
ASV_15389	268820;1400434;1400435, 268821, 268820, 268820;463290, 268820;268821	FALSE
ASV_15403	2042489, 1729940, 2051669, 2051666, 1729940;2051661, 2051660, 2051659, 2051658, 2051657, 2051655, 2051652, 2051649;2051650;2051656;2051668, 130496	FALSE
ASV_15462	2737750, 2737749, 2592178, 2592175;2592176, 2592173, 1764895, 1764830, 1764892, 464227	FALSE
ASV_15657	1905833, 236787, 1606603, 1606602, 236787;1411684, 2811676	FALSE
ASV_15658	1010556, 1010533, 1010473;1010490;1010542	FALSE
ASV_15665	1905723, 1905723;2315413, 89963, 2968077	FALSE
ASV_15728	2984355;2984366, 1918384	FALSE
ASV_15821	2606882;2606883	TRUE
ASV_15927	2609216;2609430;2609431, 2609224;2609429, 2609215;2609226;2609228;2609427;2609428, 2609215, 2609426, 2609228	FALSE
ASV_15997	2302043, 2302042, 2302041, 2302040, 2302039, 2302038, 2302037, 2302036, 2302035, 2302034, 2302030, 2302027, 2302026, 2302025, 2302024, 2302023, 2302022, 2302021, 2302020, 2302019, 2302017, 2302015, 2302014, 2302013, 2302010, 2302009, 2302008, 2302005, 2302004, 2302003, 2302001, 2302000, 2301998, 2301997, 2301996, 2301995, 1048532, 240364, 240364;1497510	FALSE
ASV_16018	1010554, 1010507, 1010474;1010503;1010513;1010526	FALSE
ASV_16083	2302043, 2302042, 2302041, 2302040, 2302039, 2302038, 2302037, 2302036, 2302035, 2302034, 2302030, 2302027, 2302026, 2302025, 2302024, 2302023, 2302022, 2302021, 2302020, 2302019, 2302017, 2302015, 2302014, 2302013, 2302010, 2302009, 2302008, 2302005, 2302004, 2302003, 2302001, 2302000, 2301998, 2301997, 2301996, 2301995, 1048532, 240364, 240364;1497510	FALSE
ASV_16154	1010556, 1010533, 1010473;1010490;1010542	FALSE
ASV_16309	1169001, 1050084, 1169003;1967941, 1169003, 1169000	FALSE
ASV_16386	1169001, 1050072, 1169006, 1050084, 1169003;1967941, 1169003, 1169000	FALSE
ASV_16417	2294129, 2302269, 2302267, 2302266, 1766654;1884248, 1764649, 451781, 1181720	FALSE
ASV_16566	2547616;2547617	TRUE
ASV_16718	1905833, 236787, 1606603, 1606602, 236787;1411684, 2811676	FALSE
ASV_1682	1905723, 1905723;2315413, 89963, 2968077, 1918384, 262427, 107757	FALSE
ASV_17006	1010554, 1010507, 1010474;1010503;1010513;1010526	FALSE
ASV_17137	2735543, 2735541;2735546;2735549;2735714;2735715;2735716, 1918590, 3097298, 3093756, 3079699;3093756, 44197, 869566, 3097325, 2734876;3093766, 3097310, 3097303, 3097290, 1607760, 3014532, 3014485, 3014484, 1817548, 869566;1576524, 270263, 639604, 328237, 86521, 89609, 89608	FALSE
ASV_17249	2586259;2586260	TRUE
ASV_17323	1905833, 236787, 1606603, 1606602, 236787;1411684, 2811676	FALSE
ASV_17327	1169001, 1050072, 1169006, 1050084, 1169003;1967941, 1169003, 1169000	FALSE
ASV_17459	1524186, 1304840, 549348, 549345;1516112, 549349, 549347, 549346	FALSE
ASV_17533	644223, 460519, 4922, 981350, 1099807, 1099808, 169507, 4922;460519	FALSE
ASV_17539	1155433, 1870746, 49258;1003085	FALSE
ASV_1769	1905723, 1905723;2315413, 89963, 2968077, 1918384, 262427, 107757	FALSE
ASV_17707	2066654;2066655, 2066647	FALSE
ASV_17796	45573, 5493, 271339, 271298, 271280, 271299, 234547, 234552, 234507, 234501, 234502, 45525, 45525;45587, 2107227	FALSE
ASV_17852	1905723, 1905723;2315413, 89963, 2968077, 142110, 1918384, 2699462, 262427, 1003175, 107757	FALSE
ASV_17868	1905833, 236787, 1606603, 1606602, 236787;1411684, 2811676	FALSE
ASV_18205	1905723, 1905723;2315413, 89963, 2968077, 142110, 1239448	FALSE
ASV_18209	2081474, 177573, 2849393;2849394;2849395;2849396;2849397, 177560, 1342565, 145470, 1336862;1342609, 1071511, 364019, 283547	FALSE
ASV_1824	39450, 260685, 1905723, 1905723;2315413, 2364126, 2303287, 2968077, 1655534, 2820087, 1290334, 257771, 1614641, 257771;260685, 237470	FALSE
ASV_18245	2081474, 2849393;2849394;2849395;2849396;2849397, 145470	FALSE
ASV_18258	2081474, 177573, 2849393;2849394;2849395;2849396;2849397, 177560, 1342565, 145470, 279590, 1336862;1342609, 1071511, 364019, 283547	FALSE
ASV_18289	2081474, 177573, 6063, 2849409, 2849399, 2849393;2849394;2849395;2849396;2849397, 2849339, 2849337, 2849336, 177560, 1336887, 1342565, 145470, 1336862;1342609, 1071511, 364019, 283547	FALSE
ASV_18367	1606541, 1411661, 722754;1714387	FALSE
ASV_18391	39450, 2661866, 2528240, 1806893, 1695222, 143670, 1905723, 262427, 71861, 1652117, 1764948, 1764946, 1764947, 1764957, 1655529, 2820087, 2591690, 1918384, 1691973, 1239451, 631048, 160611, 319230, 858356, 107757, 427755, 237470, 284798;284799;284802	FALSE
ASV_18569	2606884;2606885	TRUE
ASV_1859	246752, 1582126, 1582128, 1582124;1582125;1582130, 244502, 98291, 1421103, 1582110;1582145, 462886, 462885, 98291;1582111	FALSE
ASV_1861	1804765, 364747, 697910, 1035526, 265592, 365524, 2528237, 2528230, 2528234;2528236, 2528233, 2528232;2528235, 2528231, 2528238, 2302167, 2302166, 2302164, 2302158, 2302163, 2302162, 2302154, 2302157, 2302160, 2302159	FALSE
ASV_18670	1905833, 236787, 1606603, 1606602, 236787;1411684, 2811676	FALSE
ASV_18682	2294129, 2302269, 2302267, 2302266, 1766654;1884248, 1764649, 451781, 1181720	FALSE
ASV_1869	1302792, 220648, 2934475;2934481;2934482, 220647	FALSE
ASV_18754	2609457, 2609455, 2609465, 2609456;2609463, 2609462	FALSE
ASV_18821	1905833, 236787, 1606603, 1606602, 236787;1411684, 2811676	FALSE
ASV_18841	1905833, 236787, 464225, 1606603, 1606602, 236787;1411684, 2811676	FALSE
ASV_18844	1606541, 1411661, 722754;1714387	FALSE
ASV_18857	6549, 38949;94826	FALSE
ASV_19029	2812485, 424542, 412153;424481	FALSE
ASV_19055	39450, 260685, 1905723, 1905723;2315413, 2364126, 2303287, 2968077, 1655534, 2820087, 1290334, 1918384, 257771, 1614641, 257771;260685, 237470	FALSE
ASV_19245	1905833, 236787, 1606603, 1606602, 236787;1411684, 2811676	FALSE
ASV_19261	1905723, 1905723;2315413, 89963, 2968077, 1918384, 262427, 107757	FALSE
ASV_19330	39450, 1905723, 1905723;2315413, 2968077, 2820087, 237470	FALSE
ASV_19559	2302043, 2302042, 2302041, 2302040, 2302039, 2302038, 2302037, 2302036, 2302035, 2302034, 2302030, 2302027, 2302026, 2302025, 2302024, 2302023, 2302022, 2302021, 2302020, 2302019, 2302017, 2302015, 2302014, 2302013, 2302010, 2302009, 2302008, 2302005, 2302004, 2302003, 2302001, 2302000, 2301998, 2301997, 2301996, 2301995, 1048532, 240364, 240364;1497510	FALSE
ASV_19632	1905723, 1905723;2315413, 89963, 2968077	FALSE
ASV_1972	1905723, 1905723;2315413, 2968077	FALSE
ASV_19805	143670, 2661866, 2081639, 2528240, 89963, 1806893, 1695222, 2081638, 244960, 1918384, 71861, 1652117, 1764948, 1764946, 1764947, 1764957, 60595, 2925154, 2661873, 1655529, 1641596, 2982930, 2591690, 1691973, 2735798, 2606406, 1239451, 631048, 160611, 858356, 425808, 427755, 164321, 160610, 284798;284799;284802, 244961	FALSE
ASV_19823	1905833, 236787, 1606603, 1606602, 236787;1411684, 2811676	FALSE
ASV_19849	265524;281058, 265524	FALSE
ASV_19917	1905833, 236787, 1606603, 1606602, 236787;1411684, 2811676	FALSE
ASV_19963	1905833, 236787, 1606603, 1606602, 236787;1411684, 2811676	FALSE
ASV_19964	2066654;2066655, 2066647	FALSE
ASV_19968	1905833, 236787, 1606603, 1606602, 236787;1411684, 2811676	FALSE
ASV_20010	1010554, 1010507, 1010474;1010503;1010513;1010526	FALSE
ASV_20011	1905723, 1905723;2315413, 2968077, 3019568, 2902008	FALSE
ASV_20070	2302043, 2302042, 2302041, 2302040, 2302039, 2302038, 2302037, 2302036, 2302035, 2302034, 2302030, 2302027, 2302026, 2302025, 2302024, 2302023, 2302022, 2302021, 2302020, 2302019, 2302017, 2302015, 2302014, 2302013, 2302010, 2302009, 2302008, 2302005, 2302004, 2302003, 2302001, 2302000, 2301998, 2301997, 2301996, 2301995, 1048532, 240364, 240364;1497510	FALSE
ASV_20077	2302043, 2302042, 2302041, 2302040, 2302039, 2302038, 2302037, 2302036, 2302035, 2302034, 2302030, 2302027, 2302026, 2302025, 2302024, 2302023, 2302022, 2302021, 2302020, 2302019, 2302017, 2302015, 2302014, 2302013, 2302010, 2302009, 2302008, 2302005, 2302004, 2302003, 2302001, 2302000, 2301998, 2301997, 2301996, 2301995, 1048532, 240364, 240364;1497510	FALSE
ASV_20341	1905723, 1905723;2315413, 2968077, 60595	FALSE
ASV_20350	39450, 1905723, 1905723;2315413, 2968077, 2820087, 237470	FALSE
ASV_20614	1884248, 1764662, 1764660, 1400982, 303405, 576716, 582758, 284684, 284676;284681	FALSE
ASV_2069	156133, 284976;284978;284979;284980;284981;284982	FALSE
ASV_20975	136462;200886	TRUE
ASV_2103	1311521, 516040;1131439	FALSE
ASV_2109	39450, 260685, 1905723, 1905723;2315413, 2364126, 2303287, 2968077, 1655534, 2820087, 1290334, 257771, 1614641, 257771;260685, 237470	FALSE
ASV_21119	2294129, 2302269, 2302267, 2302266, 1766654;1884248, 1764649, 451781, 1181720	FALSE
ASV_21120	2294129, 2302269, 2302267, 2302266, 1766654;1884248, 1764649, 451781, 1181720	FALSE
ASV_21162	2710748;2710749;2710750;2710751;2735542;2735547;2735548;2735550;2735551;2735713, 2485343, 328229, 328400	FALSE
ASV_21246	1010554, 1010507, 1010474;1010503;1010513;1010526	FALSE
ASV_21370	1169001, 1050084, 1169003;1967941, 1169003, 1169000	FALSE
ASV_21577	2044941;2828340	TRUE
ASV_21588	2294129, 2302269, 2302267, 2302266, 1766654;1884248, 1764649, 451781, 1181720	FALSE
ASV_21628	2592187, 2592186, 2302198, 2302239, 2302197, 2302227, 2302226, 2302221, 2302196, 2303295, 420259, 2041801, 1960175, 1960174, 1960173, 1960172, 1960171, 1960170, 1850967, 1850958, 1813151, 1762037, 1762038, 49265, 1048533, 340022, 49265;420259, 160265, 349456, 2302224	FALSE
ASV_21729	2903, 38817, 1856765, 1856766, 2483873, 280463, 2903;38817;1663125, 38817;284784;284790, 2903;38817, 44459	FALSE
ASV_21886	1905723, 1905723;2315413, 89963, 2968077, 1918384, 262427, 107757	FALSE
ASV_21907	2710748;2710749;2710750;2710751;2735542;2735547;2735548;2735550;2735551;2735713, 2485343, 328229, 328400	FALSE
ASV_21949	163663;238910	TRUE
ASV_21989	2302043, 2302042, 2302041, 2302040, 2302039, 2302038, 2302037, 2302036, 2302035, 2302034, 2302030, 2302027, 2302026, 2302025, 2302024, 2302023, 2302022, 2302021, 2302020, 2302019, 2302017, 2302015, 2302014, 2302013, 2302010, 2302009, 2302008, 2302005, 2302004, 2302003, 2302001, 2302000, 2301998, 2301997, 2301996, 2301995, 1048532, 240364, 240364;1497510	FALSE
ASV_2199	2302266, 1766654;1884248, 1181720	FALSE
ASV_22030	1905833, 236787, 1606603, 1606602, 236787;1411684, 2811676	FALSE
ASV_2204	156133, 284976;284978;284979;284980;284981;284982	FALSE
ASV_22185	1367452;1367461	TRUE
ASV_22189	1606541, 1411661, 722754;1714387	FALSE
ASV_22227	1905833, 236787, 1606603, 1606602, 236787;1411684, 2811676	FALSE
ASV_22342	1905833, 236787, 1606603, 1606602, 236787;1411684, 2811676	FALSE
ASV_22385	1169001, 1050084, 1169003;1967941, 1169003, 1169000	FALSE
ASV_22398	1169001, 1050072, 1169006, 1050084, 1169003;1967941, 1169003, 1169000	FALSE
ASV_2244	2547360, 187800;2547360, 187800, 2291609, 56195, 2913318, 2827007, 1519747, 947578	FALSE
ASV_2250	265524;281058, 265524	FALSE
ASV_2255	268820;1400434;1400435, 268821, 268820, 268820;463290, 268820;268821	FALSE
ASV_22820	1010556, 1010533, 1010473;1010490;1010542	FALSE
ASV_22933	1010556, 1010533, 1010473;1010490;1010542	FALSE
ASV_2300	1606541, 1411661, 722754;1714387	FALSE
ASV_23205	1606541, 1411661, 722754;1714387	FALSE
ASV_23340	1606541, 1411661, 722754;1714387	FALSE
ASV_23531	1905833, 236787, 1606603, 1606602, 236787;1411684, 2811676	FALSE
ASV_23569	2066664;2066665, 2066691, 2066660, 2066653, 2066676;2066678, 2066683, 195226, 868044	FALSE
ASV_23574	2081474, 177573, 2849393;2849394;2849395;2849396;2849397, 177560, 1342565, 145470, 279590, 1336862;1342609, 1071511, 364019, 283547	FALSE
ASV_23587	1905833, 236787, 1606603, 1606602, 236787;1411684, 2811676	FALSE
ASV_23630	2606882;2606883	TRUE
ASV_23645	2081474, 177573, 2849393;2849394;2849395;2849396;2849397, 177560, 1342565, 145470, 1336862;1342609, 1071511, 364019, 283547	FALSE
ASV_2365	691888, 1258638, 1258628, 1258645, 941124, 105881, 545807, 941140, 941136;941158;941159, 941131	FALSE
ASV_23681	2081474, 177573, 2849393;2849394;2849395;2849396;2849397, 177560, 1342565, 145470, 1336862;1342609, 1071511, 364019, 283547	FALSE
ASV_23693	2081474, 177573, 2849393;2849394;2849395;2849396;2849397, 177560, 1342565, 145470, 1336862;1342609, 1071511, 364019, 283547	FALSE
ASV_23747	1010556, 1010533, 1010473;1010490;1010542	FALSE
ASV_23748	333328, 85810, 1342535;1342537;1342577, 81538	FALSE
ASV_23810	2592063, 237449, 268820;1400434;1400435, 268821, 268820, 268820;463290, 268820;268821	FALSE
ASV_23836	2926, 2932, 2925, 1126604, 1126602, 1126601, 1041877, 1041877;1126601;1126602;1126603;1126604, 1126608, 1126610, 1126608;1126610, 1126605;1126607;1126608;1126609;1126610	FALSE
ASV_23939	56036, 228586, 3486, 3483;228586, 3483, 3485	FALSE
ASV_2411	1905723, 1905723;2315413, 89963, 2968077, 1918384, 262427, 107757	FALSE
ASV_24169	1764241, 1764237;1764239, 2812598	FALSE
ASV_2422	2066654;2066655, 2066647	FALSE
ASV_24250	2301985, 2301983, 2301982, 2301981, 2301980, 2301979, 2301978, 2301977, 2301976, 2301975, 2301974, 2301972, 2301971, 2301970, 2301969, 2301968, 2301967, 2301966, 2301965, 2301964, 2301963, 2301962, 2301961, 2301960, 2301959, 2301957, 2301956, 2301955, 2301954, 2301953, 2301952, 2301951, 2301950, 2301949, 2301948, 2301947;2301973, 2301946, 2301945, 2301944, 2301943, 2301942, 2301941, 2301940, 2301939, 2301938, 2301936, 2301935, 2294183, 451786, 420275, 1762025, 1517499, 1131762, 420259	FALSE
ASV_24285	163516;1514140, 163516	FALSE
ASV_24289	1905723, 1905723;2315413, 89963, 2968077, 192219, 1918384, 262427, 107757	FALSE
ASV_24339	1606541, 1411661, 722754;1714387	FALSE
ASV_24372	1169001, 1050084, 1169003;1967941, 1169003, 1169000	FALSE
ASV_24411	1089246;1089254	TRUE
ASV_2445	2589021, 178342, 178341, 41300, 2579142, 619271, 619270, 225408, 221626;265276;265277, 1032426, 1032435, 614189, 1032428, 1032433, 1032441, 1032429;1032438, 1032427;1032437;1032439, 1032432;1032440, 1032430, 1032436, 1032431, 1032434	FALSE
ASV_24482	1905833, 236787, 1606603, 1606602, 236787;1411684, 2811676	FALSE
ASV_24509	163663;238910	TRUE
ASV_24629	39450, 1905723, 1905723;2315413, 2968077, 2820087, 237470	FALSE
ASV_24633	2302043, 2302042, 2302041, 2302040, 2302039, 2302038, 2302037, 2302036, 2302035, 2302034, 2302030, 2302027, 2302026, 2302025, 2302024, 2302023, 2302022, 2302021, 2302020, 2302019, 2302017, 2302015, 2302014, 2302013, 2302010, 2302009, 2302008, 2302005, 2302004, 2302003, 2302001, 2302000, 2301998, 2301997, 2301996, 2301995, 1048532, 240364, 240364;1497510	FALSE
ASV_24659	1905833, 236787, 1606603, 1606602, 236787;1411684, 2811676	FALSE
ASV_24688	265540;1234815	TRUE
ASV_24739	1905833, 236787, 1606603, 1606602, 236787;1411684, 2811676	FALSE
ASV_24744	2302043, 2302042, 2302041, 2302040, 2302039, 2302038, 2302037, 2302036, 2302035, 2302034, 2302030, 2302027, 2302026, 2302025, 2302024, 2302023, 2302022, 2302021, 2302020, 2302019, 2302017, 2302015, 2302014, 2302013, 2302010, 2302009, 2302008, 2302005, 2302004, 2302003, 2302001, 2302000, 2301998, 2301997, 2301996, 2301995, 1048532, 240364, 240364;1497510	FALSE
ASV_24745	2294129, 2302269, 2302267, 2302266, 1884248, 1766654;1884248, 1764649, 270628, 303402, 1181720	FALSE
ASV_24758	2735543, 2735541;2735546;2735549;2735714;2735715;2735716, 1918590, 3097298, 3093756, 3079699;3093756, 44197, 869566, 3097325, 2734876;3093766, 3097310, 3097303, 3097290, 1607760, 3014532, 3014485, 3014484, 1817548, 869566;1576524, 270263, 639604, 328237, 86521, 89609, 89608	FALSE
ASV_24796	1010556, 1010533, 1010473;1010490;1010542	FALSE
ASV_24804	180941, 1295634, 416578, 1050084, 1050079, 1050077, 1967940, 1168997;1967940, 1168999, 1168997, 1892383, 1071518, 1071516	FALSE
ASV_24880	1905723, 1905723;2315413, 89963, 2968077, 60595, 1918384, 262427, 107757	FALSE
ASV_24927	8019, 8032, 8017;8018, 59291, 8020, 70285, 59296, 8030, 89337;348696, 141825, 8019;74940, 8017;8018;8023, 8022;30962;490388, 59861;348707, 36181, 8023, 90313, 443705, 201498, 62067, 446415, 74940, 8018, 2970949, 700680, 882823, 68504, 473336, 81870, 81868, 81869, 8017, 59861, 8022, 241492, 36180, 8022;316456, 875771	FALSE
ASV_25001	2294129, 2302269, 2302267, 2302266, 1884248, 1766654;1884248, 1764649, 270628, 303402, 1181720	FALSE
ASV_25047	2594217, 2491349, 2772652, 2558024, 2558023, 2558022, 643629, 2506143, 1132301, 2040496, 1104407, 2040457, 2040456, 1431828, 2594211, 2962111, 2962110, 1431835, 1431828;2729988;2729990;2729991;2729992;2729993, 706576;1805947, 44432;1132301;1431824, 1132302, 1339087, 1238239, 1431824, 44432, 2729993, 2040456;2040457, 2758938, 44430	FALSE
ASV_25048	291032, 83372;291032, 376140	FALSE
ASV_25102	1905723, 1905723;2315413, 89963, 2968077, 142110, 1918384, 2699462, 262427, 1003175, 107757	FALSE
ASV_25119	2066664;2066665, 2066660, 2066653, 868044	FALSE
ASV_25260	1169001, 1050084, 1169003;1967941, 1169003, 1169000	FALSE
ASV_25296	2801507, 1171686, 1171678;1171685, 1171684, 1171683, 1171682, 1171681, 1171680, 1171679, 1171677, 1171669;1171676, 1171675, 1171672;1171673, 1171671, 1171670, 1171674, 252315	FALSE
ASV_25387	89963, 268820;1400434;1400435, 268821, 268820, 268820;463290, 268820;268821	FALSE
ASV_25471	1010554, 1010507, 1010474;1010503;1010513;1010526	FALSE
ASV_25631	1311521, 516040;1131439	FALSE
ASV_25646	2598532, 3016982, 3020457, 1683870, 2927305, 2927306, 1519773, 2836782, 2836781, 2836778, 2836777, 2836776, 2836774;2836775, 2836773, 2836769, 2836768, 2836762, 2836761, 2836760, 2836758, 2836757, 1196008, 2836748, 1196007, 2778049, 2183544, 2836747, 324891, 1809752, 1809752;2836770, 307678	FALSE
ASV_25668	1010554, 1010507, 1010474;1010503;1010513;1010526	FALSE
ASV_2589	163663;238910	TRUE
ASV_25935	2066664;2066665, 2066662, 2066660, 2066653, 868044	FALSE
ASV_25942	1806878, 2976940, 372999;373000	FALSE
ASV_2619	1766654;1884248, 1181720	FALSE
ASV_26193	1010487;1010569, 1010567;1010568, 1010543	FALSE
ASV_26210	2301983, 2301982, 2301981, 2301980, 2301979, 2301978, 2301976, 2301975, 2301974, 2301971, 2301970, 2301969, 2301968, 2301967, 2301966, 2301965, 2301964, 2301963, 2301962, 2301961, 2301960, 2301959, 2301957, 2301956, 2301955, 2301954, 2301953, 2301951, 2301950, 2301949, 2301948, 2301947;2301973, 2301946, 2301944, 2301943, 2301942, 2301941, 2301940, 2301939, 2301938, 2301936, 2301935, 2294183, 420275, 1762025	FALSE
ASV_26253	1905833, 236787, 1606603, 1606602, 236787;1411684, 2811676	FALSE
ASV_2629	2042489, 1729940, 2051669, 2051666, 1729940;2051661, 2051660, 2051659, 2051658, 2051657, 2051655, 2051652, 2051649;2051650;2051656;2051668, 130496	FALSE
ASV_26367	2294129, 2302269, 2302267, 2302266, 1766654;1884248, 1764649, 451781	FALSE
ASV_26426	2497682, 1884248, 2675857, 2294129, 2302269, 2302266, 2054278, 3156540, 2014772, 2014777, 2014780, 1655519, 2973586, 3034176, 1796605, 1766654;1884248, 3041873, 1764649, 1747711, 483532, 1561708, 1181720, 1435210, 1400982, 2794251, 1881111, 303400, 2679987, 185983, 669014, 304202, 2267582	FALSE
ASV_26475	1606541, 1411661, 722754;1714387	FALSE
ASV_2650	2812485, 412153;424481	FALSE
ASV_26601	1606541, 1411661, 722754;1714387	FALSE
ASV_26624	1905723, 1905723;2315413, 89963, 2968077, 3086146, 1918384, 262427, 107757	FALSE
ASV_26637	2302894, 2302891, 2302889, 2302888, 2302887, 1907930;2302880, 1764223, 464277, 464279, 464278	FALSE
ASV_2664	447208, 447208;497816	FALSE
ASV_26682	2044941;2828340	TRUE
ASV_267	451786, 420275, 2301945, 2301967, 2301975, 2301983, 2301981, 2301969, 2301976, 2301970, 2301965, 2301979, 2301968, 1762025, 2301947;2301973, 2301962, 2301946, 2301980, 2301949, 2301954, 2301978, 2301961, 2301943, 2301950, 2301985	FALSE
ASV_26714	1010556, 1010533, 1010473;1010490;1010542	FALSE
ASV_26917	1169001, 1050084, 1169003;1967941, 1169003, 1169000	FALSE
ASV_26926	1010554, 1010507, 1010474;1010503;1010513;1010526	FALSE
ASV_27104	1911597, 2302397, 1162085, 1162089;1193138, 1162089	FALSE
ASV_27105	2302043, 2302042, 2302041, 2302040, 2302039, 2302038, 2302037, 2302036, 2302035, 2302034, 2302030, 2302027, 2302026, 2302025, 2302024, 2302023, 2302022, 2302021, 2302020, 2302019, 2302017, 2302015, 2302014, 2302013, 2302010, 2302009, 2302008, 2302005, 2302004, 2302003, 2302001, 2302000, 2301998, 2301997, 2301996, 2301995, 1048532, 240364, 240364;1497510	FALSE
ASV_27136	1764241, 1764237;1764239, 1606473, 2812598, 1764234, 1764235	FALSE
ASV_27172	1606541, 1411661, 722754;1714387	FALSE
ASV_27222	100188, 100188;100190, 50794	FALSE
ASV_27424	163516;1514140, 163516	FALSE
ASV_27425	1169001, 1050072, 1169006, 1050084, 1169003;1967941, 1169003, 1169000	FALSE
ASV_27427	39450, 1905723, 1905723;2315413, 2968077, 2820087, 237470	FALSE
ASV_27435	1606541, 1411661, 722754;1714387	FALSE
ASV_27563	1606541, 1411661, 722754;1714387	FALSE
ASV_27777	2606882;2606883, 1446920, 670440;1446917;2606889, 1446909	FALSE
ASV_27884	260685, 2364126, 2303287, 89963, 1905723, 3019568, 1290334, 257771, 257771;260685	FALSE
ASV_27886	2491349, 2594211, 2040496, 1764827, 1764826, 1764825, 1764824, 1764820, 145522, 2772652, 643629, 72520;301231, 301229	FALSE
ASV_28018	180941, 1295634, 416578, 1050084, 1050079, 1050077, 1967940, 1168997;1967940, 1168999, 1168997, 1892383, 1071518, 1071516	FALSE
ASV_28144	1606541, 1411661, 722754;1714387	FALSE
ASV_28155	1606541, 1411661, 722754;1714387	FALSE
ASV_28247	1606541, 1411661, 722754;1714387	FALSE
ASV_28312	2586259;2586260	TRUE
ASV_28438	2081474, 177573, 2849393;2849394;2849395;2849396;2849397, 177560, 1342565, 145470, 1336862;1342609, 1071511, 364019, 283547	FALSE
ASV_28486	1766654;1884248, 1181720	FALSE
ASV_28591	1905833, 236787, 1606603, 1606602, 236787;1411684, 2811676	FALSE
ASV_2860	2066654;2066655, 2066647	FALSE
ASV_28654	1335122, 555720, 216777, 216777;1244697, 1244698, 265616	FALSE
ASV_28733	2448673;2448674;2448675, 3074400, 3026304, 3026306, 3026305, 3026303, 3026302, 232573, 232572, 342414, 232557	FALSE
ASV_28751	1311521, 516040;1131439	FALSE
ASV_28911	1010556, 1010533, 1010473;1010490;1010542	FALSE
ASV_28979	1764241, 1764237;1764239, 2812598	FALSE
ASV_29000	35677, 35677;44463	FALSE
ASV_29015	260685, 2364126, 2303287, 1905723, 1290334, 1918384, 257771, 262427, 107757, 257771;260685	FALSE
ASV_29033	2609457, 2609455, 2609465, 2609456;2609463, 2609462	FALSE
ASV_29038	2609461, 2609458, 2609457, 2609455, 2609465, 2609456;2609463, 2609462	FALSE
ASV_29042	2609461, 2609457, 2609455, 2609465, 2609456;2609463, 2609462	FALSE
ASV_29133	1606541, 1411661, 722754;1714387	FALSE
ASV_29214	156133, 284976;284978;284979;284980;284981;284982	FALSE
ASV_29271	2302043, 2302042, 2302041, 2302040, 2302039, 2302038, 2302037, 2302036, 2302035, 2302034, 2302030, 2302027, 2302026, 2302025, 2302024, 2302023, 2302022, 2302021, 2302020, 2302019, 2302017, 2302015, 2302014, 2302013, 2302010, 2302009, 2302008, 2302005, 2302004, 2302003, 2302001, 2302000, 2301998, 2301997, 2301996, 2301995, 1048532, 240364, 240364;1497510	FALSE
ASV_29293	1606541, 1411661, 722754;1714387	FALSE
ASV_29313	1606541, 1411661, 722754;1714387	FALSE
ASV_29343	358140, 2710713, 2853271, 2710715, 2732398, 270655, 2884318, 2507897, 2507895, 2507894, 2507893, 2507890, 2507885, 2507882, 2507881, 154508, 2586927, 2579161, 2547799;2555778, 37433, 1266559, 2716349, 43925, 75803, 173497, 420354, 3072, 1861738, 1861735, 1861732, 1861753, 1767115, 1764155, 1628383, 1628384, 1628385, 29647, 2815379, 155715, 1491133, 1521717, 1521746, 1412032, 1412036, 1412035, 1412033, 2773781, 2853273, 2853272, 1244749, 1301218, 1301211, 1301219, 1293078, 1169547, 1077741, 1034627, 3082, 554068, 133490, 2751455, 2749348, 1078440, 1078432, 1071414, 1068931, 1068942, 1068941, 153504;154508, 459634, 312845, 312844, 284983, 133488	FALSE
ASV_29470	2609457, 2609455, 2609465, 2609456;2609463, 2609462	FALSE
ASV_29496	1010554, 1010507, 1010474;1010503;1010513;1010526	FALSE
ASV_29685	265524;281058, 265524	FALSE
ASV_29694	1606541, 1411661, 722754;1714387	FALSE
ASV_29695	2302267, 2302266, 1884248, 1766654;1884248, 1181720	FALSE
ASV_29787	1905723, 1905723;2315413, 89963, 2968077, 1918384, 262427, 107757	FALSE
ASV_29808	2302043, 2302042, 2302041, 2302040, 2302039, 2302038, 2302037, 2302036, 2302035, 2302034, 2302030, 2302027, 2302026, 2302025, 2302024, 2302023, 2302022, 2302021, 2302020, 2302019, 2302017, 2302015, 2302014, 2302013, 2302010, 2302009, 2302008, 2302005, 2302004, 2302003, 2302001, 2302000, 2301998, 2301997, 2301996, 2301995, 1048532, 240364, 240364;1497510	FALSE
ASV_29813	1905723, 1905723;2315413, 89963, 2968077, 3086146, 447210, 1918384, 262427, 107757	FALSE
ASV_30021	420286, 265543;420264	FALSE
ASV_30034	2592063, 237449, 268820;1400434;1400435, 268821, 268820, 268820;463290, 268820;268821	FALSE
ASV_30053	2849430;2849431;2849443, 2849429, 2849423, 1342546	FALSE
ASV_30073	2294129, 2302271, 2302269, 2302267, 2302266, 1884248, 1766654;1884248, 1606595, 1764649, 270628, 2857119, 1181720	FALSE
ASV_30109	1606541, 1411661, 722754;1714387	FALSE
ASV_30153	1606541, 1411661, 722754;1714387	FALSE
ASV_30158	2066664;2066665, 2066660, 2066653, 868044	FALSE
ASV_30196	1606541, 1411661, 722754;1714387	FALSE
ASV_30210	1169001, 1050084, 1169003;1967941, 1169003, 1169000	FALSE
ASV_30355	39450, 1905723, 1905723;2315413, 2968077, 3019568, 2820087, 2902008, 35672, 237470	FALSE
ASV_30401	1606541, 1411661, 722754;1714387	FALSE
ASV_30403	39450, 1905723, 1905723;2315413, 2968077, 2820087, 237470	FALSE
ASV_30421	72677, 1764082, 237470, 2945, 1226012, 39449, 2496629, 2364126, 89963, 3075827, 1905723, 71860, 1764932, 237471, 237471;1905723, 1290334, 142110, 1918384, 2699462, 262427, 1003175, 107757	FALSE
ASV_30763	1764241, 1764237;1764239, 2812598	FALSE
ASV_30811	3085199, 2812598, 1764240, 464278, 156122;284971	FALSE
ASV_30975	2737750, 2737749, 2592178, 2592177, 2592175;2592176, 2592174, 2592173, 1514137, 2301934, 2301933, 2301932, 2301931, 1764901, 1764895, 1764875, 1764892, 1764861, 1764860, 216802, 464227	FALSE
ASV_31102	2152833;2152838, 2152834, 1003027	FALSE
ASV_31169	246752, 1582126, 1582128, 1582124;1582125;1582130, 244502, 1582117;1582120;1582138;1582139, 98291, 1421103, 1582110;1582145, 462886, 462885, 98291;1582111	FALSE
ASV_31181	156133, 284976;284978;284979;284980;284981;284982	FALSE
ASV_31189	1155433, 1870746, 49258;1003085	FALSE
ASV_31221	2042489, 1729940, 2051669, 2051666, 1729940;2051661, 2051660, 2051659, 2051658, 2051657, 2051655, 2051652, 2051649;2051650;2051656;2051668, 130496	FALSE
ASV_31268	1606541, 1411661, 722754;1714387	FALSE
ASV_31311	2302043, 2302042, 2302041, 2302040, 2302039, 2302038, 2302037, 2302036, 2302035, 2302034, 2302030, 2302027, 2302026, 2302025, 2302024, 2302023, 2302021, 2302020, 2302019, 2302017, 2302014, 2302013, 2302010, 2302009, 2302005, 2302004, 2302003, 2302001, 2302000, 2301998, 2301997, 2301995, 1048532, 240364, 240364;1497510	FALSE
ASV_31394	1169001, 1050084, 1169003;1967941, 1169003, 1169000	FALSE
ASV_31424	2301982, 2301980, 2301979, 2301978, 2301974, 2301971, 2301968, 2301966, 2301964, 2301963, 2301962, 2301961, 2301960, 2301959, 2301957, 2301956, 2301955, 2301954, 2301953, 2301951, 2301950, 2301949, 2301948, 2301947;2301973, 2301946, 2301944, 2301943, 2301942, 2301941, 2301940, 2301939, 2301938, 2301936, 2301935, 2294183, 1762025	FALSE
ASV_31487	1606541, 1411661, 722754;1714387	FALSE
ASV_31576	1606541, 1411661, 722754;1714387	FALSE
ASV_31802	2592063, 237449, 268820;1400434;1400435, 268821, 268820, 268820;463290, 268820;268821	FALSE
ASV_3209	1905723, 1905723;2315413, 89963, 2968077, 1918384, 262427, 107757	FALSE
ASV_321	1905723, 1905723;2315413, 2968077	FALSE
ASV_3272	1010554, 1010507, 1010474;1010503;1010513;1010526	FALSE
ASV_3279	1905723, 1905723;2315413, 89963, 2968077, 3086146, 3019568, 447210, 2902008, 1519424, 1918384, 262427, 107757	FALSE
ASV_329	2737752, 265543, 2152835, 1155433, 2316504, 2811639, 1400981, 2590921, 216823, 420264, 2592178, 2592175;2592176, 2592173, 1764895, 2737750, 1764892, 2737749, 265543;420264	FALSE
ASV_3308	1302792, 220648, 1323139, 2934475;2934481;2934482	FALSE
ASV_3389	9685, 9739, 76717, 9515, 9657, 9555, 61853, 9796, 9986, 9590, 9597, 9593, 9606, 9659, 9728;9731;9733;9742;9764;9767;27606;27610;27615;48708;82174;90247;575201;2746895, 9643;9644, 37174, 859984, 34865, 9995;93162, 9764, 9666, 392227, 9925, 30522, 9886;9915;30522;30532;72004;3119969, 9544, 9483, 39410, 9565, 72004	FALSE
ASV_3407	220647, 1302792, 220648, 2934475;2934481;2934482	FALSE
ASV_345	1905723, 1905723;2315413, 2968077, 60595	FALSE
ASV_3502	1766654;1884248, 1181720	FALSE
ASV_3631	1010554, 1010507, 1010474;1010503;1010513;1010526	FALSE
ASV_3725	2044941;2828340	TRUE
ASV_373	1905723, 1905723;2315413, 89963, 2968077, 1918384, 262427, 107757	FALSE
ASV_3755	1905723, 1905723;2315413, 407301, 89963, 3129261, 2968077, 241424, 1886619, 298604, 1918384, 387435, 200894, 60595	FALSE
ASV_3770	2934475;2934481;2934482	TRUE
ASV_378	44446, 3030646, 1804765;3030646, 1073398, 237457, 476440, 658118, 1155431, 1764935, 1606687, 655801, 2302160, 2302159	FALSE
ASV_3877	1905723, 1905723;2315413, 89963, 2968077, 1918384, 262427, 107757	FALSE
ASV_395	1606541, 1411661, 722754;1714387	FALSE
ASV_3963	320064;320135	TRUE
ASV_3978	180941, 1295634, 416578, 1050084, 1050079, 1050077, 1967940, 1168997;1967940, 1168999, 1168997, 1892383, 1071518, 1071516	FALSE
ASV_4016	1905723, 1905723;2315413, 89963, 2968077, 1918384, 262427, 107757	FALSE
ASV_4038	1302792, 220648, 1323139, 2934475;2934481;2934482	FALSE
ASV_4085	1905723, 1905723;2315413, 1519425, 632150, 1034652, 89963, 1428570, 2968077, 3029278, 1918384, 2746694, 1239446, 262427, 107757	FALSE
ASV_4115	2598532, 3016982, 3020457, 1683870, 2927305, 2927306, 1519773, 2836782, 2836781, 2836778, 2836777, 2836776, 2836774;2836775, 2836773, 2836769, 2836768, 2836762, 2836761, 2836760, 2836758, 2836757, 1196008, 2836748, 1196007, 2778049, 2183544, 2836747, 324891, 1809752, 1809752;2836770, 307678	FALSE
ASV_417	2735543, 2735541;2735546;2735549;2735714;2735715;2735716, 1918590, 3097298, 3093756, 3079699;3093756, 44197, 869566, 3097325, 2734876;3093766, 3097310, 3097303, 3097290, 1607760, 3014532, 3014485, 3014484, 1817548, 869566;1576524, 270263, 639604, 328237, 86521, 89609, 89608, 2934524, 2934523, 1562872;1576528;1576529, 1150263, 1460411, 859418;1576522, 859418, 1460410, 1460408	FALSE
ASV_4188	1905723, 1905723;2315413, 89963, 2968077, 1918384, 262427, 107757	FALSE
ASV_419	180941, 1295634, 416578, 1050084, 1050079, 1050077, 1967940, 1168997;1967940, 1168999, 1168997, 1892383, 1071518, 1071516	FALSE
ASV_4381	260685, 2364126, 2303287, 1905723, 1290334, 1918384, 257771, 262427, 107757, 257771;260685	FALSE
ASV_439	35677, 35677;44463	FALSE
ASV_4416	2044941;2828340	TRUE
ASV_4434	1905833, 236787, 1606603, 1606602, 236787;1411684, 2811676	FALSE
ASV_4472	1905723, 1905723;2315413, 89963, 2968077, 1918384, 262427, 107757	FALSE
ASV_4491	1905723, 1905723;2315413, 89963, 2968077, 1918384, 262427, 107757	FALSE
ASV_454	2903, 38817, 1856765, 2483873, 280463, 2903;38817;1663125, 38817;284784;284790, 2903;38817, 2611280	FALSE
ASV_4556	2666234, 6168, 2039256, 1641631, 2557985, 2666230, 137994, 2666496, 1784808, 1784813, 31252, 2666232, 1784805, 1888180, 1888177, 1888178, 31247, 983673, 2496889, 1468194, 2993662;2993663, 2772589, 2735438, 82852	FALSE
ASV_4619	407301, 89963, 1695222, 3129261, 143670, 241424, 71861, 1652117, 1886619, 1655529, 298604, 1918384, 1691973, 1239451, 2684371, 2684370, 2684369, 631048, 160611, 387435, 858356, 200894, 160612, 284798;284799;284802, 66473, 60595	FALSE
ASV_465	1010554, 1010507, 1010474;1010503;1010513;1010526, 1010487;1010569, 1010567;1010568, 1010543	FALSE
ASV_467	1905723, 1905723;2315413, 407301, 89963, 3129261, 2968077, 241424, 1886619, 298604, 1918384, 387435, 200894, 60595	FALSE
ASV_4690	1804765, 364747, 697910, 365524, 1035526, 265592, 2528237, 2528230, 2528234;2528236, 2528233, 2528232;2528235, 2528231, 2528238, 2302167, 2302166, 2302164, 2302158, 2302163, 2302162, 2302154, 2302157, 2302160, 2302159	FALSE
ASV_4705	1162089;1193138, 1162089	FALSE
ASV_4708	1403701, 1651142, 2744121, 2744119, 2744116, 2744112;2744113;2744114, 2744111, 1303913	FALSE
ASV_471	1010556, 1010533, 1010473;1010490;1010542	FALSE
ASV_4760	2044941;2828340	TRUE
ASV_4767	1905723, 1905723;2315413, 89963, 2968077, 1918384, 262427, 107757	FALSE
ASV_4809	1336820, 942650, 1342608, 1342651, 1336869;1342624, 1336815, 1342607, 1336879;1342652	FALSE
ASV_4882	2066664;2066665, 2066660, 2066609, 2066653, 2066686, 3038467, 3038469, 862916, 2138295, 868044	FALSE
ASV_4988	3097290, 2735543, 2735541;2735546;2735549;2735714;2735715;2735716, 396355, 1918590, 3097298, 3093756, 3079699;3093756, 44197, 869566, 3097325, 2734876;3093766, 3097310, 3097303, 1607760, 3014532, 3014485, 3014484, 1817548, 869566;1576524, 270263, 639604, 328237, 86521, 89609, 89608	FALSE
ASV_5034	2044941;2828340	TRUE
ASV_5082	407301, 89963, 1695222, 3129261, 143670, 241424, 71861, 1652117, 1886619, 1655529, 298604, 1918384, 1691973, 1239451, 2684371, 2684370, 2684369, 631048, 160611, 387435, 858356, 200894, 160612, 284798;284799;284802, 66473, 60595	FALSE
ASV_5086	2737750, 2737749, 2592178, 2592175;2592176, 2592173, 1764895, 1764892, 464227	FALSE
ASV_5091	1905723, 1905723;2315413, 89963, 2968077, 1918384, 262427, 107757	FALSE
ASV_511	39450, 260685, 1905723, 1905723;2315413, 2364126, 2303287, 2968077, 1655534, 2820087, 1290334, 1918384, 257771, 1614641, 257771;260685, 237470	FALSE
ASV_5127	2294129, 2302269, 2302267, 2302266, 1884248, 1766654;1884248, 1764649, 270628, 303402, 1181720	FALSE
ASV_5193	2066664;2066665, 2066660, 2066653, 868044	FALSE
ASV_5274	2302266, 1766654;1884248, 1181720	FALSE
ASV_5305	1905723, 1905723;2315413, 89963, 2968077, 1918384, 262427, 107757	FALSE
ASV_5387	1905723, 1905723;2315413, 89963, 2968077, 1918384, 262427, 107757	FALSE
ASV_544	2066664;2066665, 2066660, 2066653, 868044	FALSE
ASV_5464	320064;320135	TRUE
ASV_5500	281028;563767	TRUE
ASV_5622	2735543, 2735541;2735546;2735549;2735714;2735715;2735716, 1918590, 3097298, 3093756, 3079699;3093756, 44197, 869566, 3097325, 2734876;3093766, 3097310, 3097303, 3097290, 1607760, 3014532, 3014485, 3014484, 1817548, 869566;1576524, 270263, 639604, 328237, 86521, 89609, 89608	FALSE
ASV_5625	1905723, 1905723;2315413, 2968077, 3019568, 2902008	FALSE
ASV_574	1905723, 1905723;2315413, 89963, 2968077, 1918384, 262427, 107757	FALSE
ASV_5788	1905723, 1905723;2315413, 89963, 2968077, 3019568, 2902008, 1519424, 1918384, 262427, 107757	FALSE
ASV_5796	1695222, 143670, 71861, 1652117, 1655529, 1691973, 1239451, 439559, 631048, 160611, 858356, 284798;284799;284802	FALSE
ASV_5898	1010554, 1010507, 1010474;1010503;1010513;1010526	FALSE
ASV_5958	1905723, 1905723;2315413, 2968077	FALSE
ASV_6	1302792, 220648, 2934475;2934481;2934482, 220647	FALSE
ASV_6051	1606541, 1411661, 722754;1714387	FALSE
ASV_614	49265, 420259, 49265;420259, 2302239, 2302221, 1960174, 1960172, 1960171, 1960173, 1960170, 2302224	FALSE
ASV_6496	2590921, 1850950, 1850949, 1850948, 1907792, 33643, 2590921;2590922	FALSE
ASV_6563	1905723, 1905723;2315413, 89963, 2968077, 1918384, 262427, 107757	FALSE
ASV_6611	1905723, 1905723;2315413, 89963, 2968077, 142110, 1918384, 2699462, 262427, 1003175, 107757	FALSE
ASV_6631	2081474, 177573, 2849393;2849394;2849395;2849396;2849397, 177560, 1342565, 145470, 1336862;1342609, 1071511, 364019, 283547	FALSE
ASV_6698	1766654;1884248, 1181720	FALSE
ASV_6699	2302894, 2302891, 2302889, 2302888, 2302887, 1907930;2302880, 1764223, 464277, 464279, 464278	FALSE
ASV_6910	1905833, 236787, 1606603, 1606602, 236787;1411684, 2811676	FALSE
ASV_6923	698789, 1131260, 1342707, 458503, 1342547, 458502;1336816, 1342635;1342636, 554634, 86016	FALSE
ASV_6931	1524186, 1304840, 549348, 549345;1516112, 549349, 549347, 549346	FALSE
ASV_6934	1524186, 1304840, 549348, 549345;1516112, 549349, 549347, 549346	FALSE
ASV_6941	1311521, 516040;1131439	FALSE
ASV_6955	1169001, 1050084, 1169003;1967941, 1169003, 1169000	FALSE
ASV_6985	1606541, 1411661, 722754;1714387	FALSE
ASV_7015	1010554, 1010507, 1010474;1010503;1010513;1010526	FALSE
ASV_7046	1010554, 1010507, 1010474;1010503;1010513;1010526	FALSE
ASV_7146	1905723, 1905723;2315413, 1519425, 632150, 1034652, 89963, 1428570, 2968077, 3029278, 1918384, 2746694, 1239446, 262427, 107757	FALSE
ASV_7213	1695222, 3129261, 143670, 3086146, 71861, 1652117, 1886619, 447210, 1655529, 1918384, 1691973, 1239451, 2684371, 2684370, 2684369, 631048, 160611, 858356, 160612, 284798;284799;284802, 66473	FALSE
ASV_7224	1905723, 1905723;2315413, 89963, 2968077, 1918384, 262427, 107757	FALSE
ASV_730	291032, 83372;291032, 376140	FALSE
ASV_7302	72677, 1764082, 237470, 2945, 1226012, 39449, 2496629, 2364126, 3075827, 1905723, 71860, 1764932, 237471, 237471;1905723, 1290334	FALSE
ASV_7352	416832;1973158, 2913304, 187796, 416832	FALSE
ASV_7354	2301982, 2301980, 2301979, 2301978, 2301974, 2301971, 2301968, 2301966, 2301964, 2301963, 2301962, 2301961, 2301960, 2301959, 2301957, 2301956, 2301955, 2301954, 2301953, 2301951, 2301950, 2301949, 2301948, 2301947;2301973, 2301946, 2301944, 2301943, 2301942, 2301941, 2301940, 2301939, 2301938, 2301936, 2301935, 2294183, 1762025	FALSE
ASV_7410	1905723, 1905723;2315413, 89963, 2968077, 1918384, 262427, 107757	FALSE
ASV_7449	1905723, 1905723;2315413, 89963, 2968077, 1918384, 262427, 107757	FALSE
ASV_7491	1905723, 1905723;2315413, 89963, 2968077, 1918384, 262427, 107757	FALSE
ASV_751	2926, 2932, 2925, 1126604, 1126602, 1126601, 1041877, 1041877;1126601;1126602;1126603;1126604, 1126608, 1126610, 1126608;1126610, 1126605;1126607;1126608;1126609;1126610	FALSE
ASV_7523	49258, 451791, 1764901, 1764875, 49258;1003085	FALSE
ASV_7576	2081474, 177573, 2849393;2849394;2849395;2849396;2849397, 177560, 1342565, 145470, 279590, 1336862;1342609, 1071511, 364019, 283547	FALSE
ASV_7660	2737750, 2737749, 2592178, 2592175;2592176, 2592173, 1764895, 1764892, 464227	FALSE
ASV_7681	2302266, 1766654;1884248, 1181720	FALSE
ASV_7702	246752, 1582126, 1582128, 1582124;1582125;1582130, 244502, 1582117;1582120;1582138;1582139, 98291, 1421103, 1582110;1582145, 462886, 462885, 98291;1582111	FALSE
ASV_7747	260685, 2364126, 2303287, 1905723, 1641413, 1641414, 3019568, 1290334, 1918384, 2812033, 257771, 1124241, 257771;260685	FALSE
ASV_7923	1905723, 1905723;2315413, 2968077	FALSE
ASV_8	1905723, 1905723;2315413, 89963, 2968077, 1918384, 262427, 107757	FALSE
ASV_8060	1606541, 1411661, 722754;1714387	FALSE
ASV_8085	156133, 284976;284978;284979;284980;284981;284982, 1764142, 464276, 41886	FALSE
ASV_8163	1905723, 1905723;2315413, 89963, 2968077, 1918384, 262427, 107757	FALSE
ASV_8356	1905723, 1905723;2315413, 89963, 2968077, 1918384, 262427, 107757	FALSE
ASV_839	3085199, 2812598, 1764240, 464278, 156122;284971, 2302894, 2302891, 2302889, 2302888, 2302887, 1907930;2302880, 1764223, 464277, 464279, 2302898, 2302895;2302896, 2302882, 2302881, 2661830, 2302890, 2302897, 2661826, 2302893, 2661831, 2302879, 2661827	FALSE
ASV_8407	1905723, 1905723;2315413, 89963, 2968077, 407301, 1918384, 262427, 107757	FALSE
ASV_8436	1311521, 516040;1131439	FALSE
ASV_8442	1905723, 1905723;2315413, 89963, 2968077, 1918384, 262427, 107757	FALSE
ASV_8451	2735543, 2735541;2735546;2735549;2735714;2735715;2735716, 1918590, 3097298, 3093756, 3079699;3093756, 44197, 869566, 3097325, 2734876;3093766, 3097310, 3097303, 3097290, 1607760, 3014532, 3014485, 3014484, 1817548, 869566;1576524, 270263, 639604, 328237, 86521, 89609, 89608	FALSE
ASV_8454	1169001, 1050084, 1169003;1967941, 1169003, 1169000	FALSE
ASV_8457	2081474, 177573, 2849393;2849394;2849395;2849396;2849397, 177560, 1342565, 145470, 1336862;1342609, 1071511, 364019, 283547	FALSE
ASV_847	1524186, 1304840, 549348, 549345;1516112, 549349, 549347, 549346	FALSE
ASV_8544	39450, 260685, 1905723, 1905723;2315413, 2364126, 2303287, 2968077, 1655534, 2820087, 1290334, 257771, 1614641, 257771;260685, 237470	FALSE
ASV_8573	1524186, 1304840, 549348, 549345;1516112, 549349, 549347, 549346	FALSE
ASV_8585	2926, 2932, 2925, 1126604, 1126602, 1126601, 1041877, 1041877;1126601;1126602;1126603;1126604, 1126608, 1126610, 1126608;1126610, 1126605;1126607;1126608;1126609;1126610	FALSE
ASV_8825	260685, 2364126, 2303287, 1905723, 1641413, 1641414, 3019568, 1290334, 1918384, 2812033, 257771, 1124241, 257771;260685	FALSE
ASV_8920	5002, 5002;198839, 5005	FALSE
ASV_8958	1806893, 1695222, 3129261, 143670, 71861, 1652117, 1886619, 1655529, 2591690, 1691973, 1239451, 631048, 160611, 858356, 284798;284799;284802	FALSE
ASV_8997	2081474, 177573, 2849393;2849394;2849395;2849396;2849397, 177560, 1342565, 145470, 1336862;1342609, 1071511, 364019, 283547	FALSE
ASV_902	265540, 265540;1234815, 2302224	FALSE
ASV_908	576748, 264121, 256004;264121, 662079, 662078, 2934432	FALSE
ASV_9105	1606541, 1411661, 722754;1714387	FALSE
ASV_9252	1905723, 1905723;2315413, 89963, 2968077, 1918384, 262427, 107757	FALSE
ASV_9276	3029, 2867499, 478127, 1713627, 478124, 478122, 478121, 354589, 195065;296652, 356657	FALSE
ASV_9284	2926, 2932, 2925, 1126604, 1126602, 1126601, 1041877, 1041877;1126601;1126602;1126603;1126604, 1126608, 1126610, 1126608;1126610, 1126605;1126607;1126608;1126609;1126610	FALSE
ASV_9436	1905723, 1905723;2315413, 89963, 2968077, 1918384, 262427, 107757	FALSE
ASV_9449	1816782, 1524186, 1304840, 549348, 549345;1516112, 549349, 549347, 549346, 549343, 549342	FALSE
ASV_9488	260685, 2364126, 2303287, 1905723, 1290334, 257771, 257771;260685	FALSE
ASV_9618	1905723, 1905723;2315413, 89963, 2968077, 1918384, 262427, 107757	FALSE
ASV_9620	2081474, 177573, 2849393;2849394;2849395;2849396;2849397, 177560, 1336887, 1342565, 145470, 1336862;1342609, 1071511, 364019, 283547	FALSE
ASV_9778	1905723, 1905723;2315413, 89963, 2968077, 142110, 1918384, 2699462, 262427, 1003175, 107757	FALSE
ASV_9783	1905833, 236787, 1606603, 1606602, 236787;1411684, 2811676	FALSE
ASV_9847	1606541, 1411661, 722754;1714387	FALSE
