1000413
1000995
100188
100190
1003019
1003021
1003027
1003031
1003048
1003049
1003062
1003067
1003085
1003135
1003175
1003302
1003305
1003322
1003324
1003325
1003329
1004399
1006188
1006551
100783
100830
1008897
1008898
1010424
1010425
1010426
1010430
1010433
1010434
1010435
1010436
1010437
1010438
1010439
1010442
1010443
1010450
1010452
1010453
1010454
1010455
1010456
1010457
1010459
1010461
1010462
1010463
1010465
1010467
1010468
1010470
1010471
1010473
1010474
1010487
1010490
1010493
1010498
1010500
1010503
1010505
1010506
1010507
1010510
1010513
1010526
1010533
1010535
1010542
1010543
1010544
1010547
1010554
1010556
1010567
1010568
1010569
101662
101924
10201
10228
1030540
1030541
1030542
1030544
1030545
1030547
1030548
1030549
1032426
1032427
1032428
1032429
1032430
1032431
1032432
1032433
1032434
1032435
1032436
1032437
1032438
1032439
1032440
1032441
1032745
1034616
1034627
1034652
1034813
1034814
1034816
1034817
1034831
1035519
1035520
1035522
1035523
1035524
1035525
1035526
1035528
1035529
1035838
1036810
1037237
1037239
1038839
1041877
1042646
1043166
1043719
1043720
1043721
1043726
1043733
1043734
1043736
1043737
1043741
1045403
1045404
1046322
104721
1048532
1048533
1048732
1049796
1050072
1050077
1050079
1050084
1050090
1050093
1050096
1050102
105023
1050714
1051707
1051708
1051727
1051732
1051734
1051736
1052040
1054023
1055000
1056814
105876
105881
106276
1064589
106537
106539
106542
106543
1068931
1068941
1068942
1069094
1069099
1069103
1069743
1071383
1071414
1071511
1071516
1071518
1073398
1073941
107395
1075834
107757
107758
1077741
1078432
1078440
1079764
1081906
1082607
1082693
1082699
108501
1087309
1089246
1089254
109042
1090589
1091465
1091472
1091473
1091474
1091482
109239
1093678
109671
109867
109870
109881
109890
109894
109897
109902
109903
109952
109953
109966
1099807
1099808
110070
110073
110093
1104381
1104407
1104440
1105129
1108076
110816
1109176
1109178
1109190
1115690
1117028
1117331
111862
1118981
112138
1122278
1123717
1123960
1124163
1124229
1124230
1124241
112456
1125681
1125951
1126580
1126601
1126602
1126603
1126604
1126605
1126607
1126608
1126609
1126610
1126667
1127133
1127202
1127203
1127401
1128109
112819
1129382
1129410
1131260
1131436
1131437
1131438
1131439
1131441
1131762
1132301
1132302
1132523
1134066
1134073
1134074
1134079
1134687
1136018
1136322
113644
1137318
1139989
1140381
114067
114068
114070
114071
1141711
114244
1143167
1143169
1144756
1145023
114615
1146997
1147133
114959
1150263
1151058
1151059
1155186
1155428
1155429
1155431
1155432
1155433
1155435
1155436
1155437
1155438
1155554
1156965
1157692
1157699
1157700
1157701
1158033
1162085
1162089
1165722
1167625
1167876
116789
1168181
1168856
1168997
1168999
1169000
1169001
1169003
1169006
1169131
1169132
1169547
1169886
116989
1170228
1170544
1170553
1171669
1171670
1171671
1171672
1171673
1171674
1171675
1171676
1171677
1171678
1171679
1171680
1171681
1171682
1171683
1171684
1171685
1171686
1176376
1176437
1176540
1177091
1177109
1177112
118079
1181720
1181996
118321
1183870
1186198
1186237
1186922
1189302
119094
1193135
1193136
1193138
1193141
119368
119369
119370
119372
1194294
1194445
1196007
1196008
1196157
1196158
1198650
1198651
120299
120300
120371
120431
120444
1207439
1208877
1209075
120984
121006
1210425
121138
1212670
1213238
1214253
1214254
1214255
1214256
1215376
1215679
1216015
1216629
1217138
1217400
1222186
122233
122240
1225972
1226012
1227732
1229646
1229648
1229649
1229974
1230018
1230019
1230094
1230118
1230320
1233125
1233128
1233129
1233130
1233139
1233143
1233144
1233153
1233154
1233155
1234425
1234578
1234815
1234817
1234819
1234821
1234866
1234970
1234982
1234983
1234984
1238239
1238470
1239446
1239447
1239448
1239449
1239450
1239451
1240125
1242266
1242269
1242270
1243177
124337
124338
124339
1244596
1244696
1244697
1244698
1244749
1244777
1245919
1246302
1246580
1246581
1246788
1246789
1246791
1246797
1246799
1249456
1249553
1254443
1255118
1258628
1258638
1258645
1259761
1261427
1261641
1262060
1262062
1262066
1262067
1262068
1262069
1262070
1262087
1262089
126422
1266559
1266866
1267452
127145
1272193
127229
1272317
1273161
1273570
1273571
1274397
1274398
1274486
1274933
127562
127567
1276030
1276039
1276092
1276093
1276138
1276170
1276173
128017
128131
1283839
1286072
1286073
1286077
1286872
1286873
1286876
1287646
1290334
1290986
1291058
1291152
129185
129187
129277
1293078
1294205
1294206
1294207
1295631
1295633
1295634
1297756
12993
12997
1301211
1301218
1301219
1301587
1302387
1302792
1303139
1303141
1303144
1303153
1303155
1303156
1303159
1303165
1303167
1303913
1303917
1304840
130496
1307430
1308625
1308629
1308635
1308642
1308664
1308665
1308666
130987
1311516
1311521
1311769
1312088
131223
1315715
131612
1321398
1321399
1321401
13221
1323139
132407
132611
1326760
1326775
1326776
1326783
1326985
1326991
1328066
1332101
1333877
133427
133488
133490
1334925
1334934
1334967
1334970
1335100
1335101
1335110
1335111
1335120
1335122
1336729
1336815
1336816
1336820
1336850
1336862
1336869
1336879
1336887
1336888
1336929
1339087
1340839
1341611
1341612
1342535
1342537
1342546
1342547
1342565
1342577
1342607
1342608
1342609
1342624
1342635
1342636
1342639
1342651
1342652
1342682
1342707
1343134
1343137
1343140
1345006
1345010
1345012
1345018
1345019
1345091
1346247
1346494
1346497
1346585
1346586
134763
134795
134796
134797
134799
1348343
1348406
1352462
1353797
135477
135516
1357977
13608
136085
136183
136184
136459
136462
1366313
1366867
1366869
1366870
1366900
1367441
1367452
1367454
1367459
1367461
136950
137466
1379266
137994
1382317
1384505
138539
138849
1388815
1388822
1388847
1388867
1388872
1388885
138984
1390973
1390974
139175
1395669
1398087
1398096
139980
1400203
1400426
1400427
1400429
1400434
1400435
1400981
1400982
1401163
1401168
1401179
1401180
1401181
1401183
1401186
1401188
1401196
1401349
1401354
1402965
1403701
140455
140469
140487
140496
1407008
1407009
1407623
1407743
1411642
1411661
1411662
1411684
1411924
1411943
1411952
1412032
1412033
1412035
1412036
1414760
1416937
1418078
141825
1420636
1420639
1420817
142110
1421103
1421134
1421139
1421154
1423344
1425477
142656
1427729
1428408
1428570
1429247
1431123
1431824
1431828
1431835
1432298
1432569
1432660
1434936
1434982
1435005
1435210
143670
143672
1437071
1437072
1437073
1437108
1437326
1439503
1440072
1441599
1442557
1443164
1446909
1446910
1446916
1446917
1446919
1446920
1449635
1449637
1449638
1449639
1449640
1449641
1449642
1449644
1449645
1449646
1449647
1449649
1449680
145168
1453603
1453980
145470
145522
1460408
1460410
1460411
1461541
1461544
1461550
1462468
1464143
146760
1468194
1469146
1470270
1470272
1470871
1472678
1477495
147767
147769
1482936
1482938
1483711
1484060
1484061
1485257
1485258
1485259
1485260
1485261
1485262
1485263
1486432
1486433
1486434
1486436
1487556
1487566
1487567
1487569
1487589
1487591
1487713
1488662
1488663
1489738
148987
148993
1491133
1497398
1497405
1497406
1497510
1497673
1498855
1499625
1500003
1501438
150278
1503408
1504882
150597
150599
150622
150623
151026
151027
151047
1514137
1514138
1514140
1514168
1514174
1516112
1517499
1518552
1519423
1519424
1519425
1519565
1519747
1519773
1520142
1521717
1521746
1522259
1523459
1524178
1524179
1524180
1524181
1524183
1524184
1524186
1524187
1524201
1524202
1525078
1526603
1527659
1527793
1527799
1527808
1527828
1527829
1529363
1529375
1530226
1530232
1530233
153055
153504
153648
1537144
1537145
1537659
1537691
1537692
1537693
1537694
1537695
1537697
1537698
1537840
1537841
1537842
1538291
1538619
1539906
1544721
154508
1545445
1545446
1545447
1547851
1548725
155715
1560001
1561082
156122
156128
156130
156133
156134
1561708
1561719
156173
156174
156178
156216
156217
156230
1562301
1562322
1562391
1562708
1562715
1562717
1562719
1562872
1563420
1563666
1565494
1566677
1567104
156761
156848
1568939
157126
1571434
1571436
1571437
1571438
1571444
1571446
1571447
1571448
1571452
1573495
1576522
1576524
1576528
1576529
157739
1577480
1577725
1577746
1582110
1582111
1582117
1582120
1582122
1582124
1582125
1582126
1582128
1582130
1582138
1582139
1582145
1585996
1590146
159297
1594485
1595878
159748
159749
160216
160256
160265
1603444
1603687
1603987
1605268
160603
160610
160611
160612
160615
160617
160619
160623
1606473
1606478
1606541
1606590
1606594
1606595
1606597
1606600
1606602
1606603
1606605
1606606
1606607
1606608
1606614
1606626
1606687
1606691
1606694
1606697
1606698
1606706
1606711
1606869
1606870
1607760
1607777
1607838
1607853
1607870
1607871
1607895
1607965
1607972
161039
161048
161051
161053
1610580
1611985
1611986
1614639
1614641
1618205
162275
1628163
1628164
1628383
1628384
1628385
1629645
1631189
1631558
1634377
1634379
163503
163516
163663
1638942
1638945
1638946
1641406
1641413
1641414
1641588
1641589
1641595
1641596
1641631
1642025
1642853
164321
1643342
1643343
1648206
1651142
1652117
1655519
1655526
1655527
1655529
1655534
1655535
1655536
1655541
1657017
1659175
166039
1661152
166266
1663125
1664039
1664046
1664368
1667325
167535
1675844
1676990
167748
1677971
1677976
1677977
1677980
1677984
1678892
1679438
167961
1682430
1683196
1683235
1683346
1683362
1683373
1683383
1683394
1683866
1683870
1684125
1684133
168559
168561
168562
168566
168567
168570
168573
168724
168733
168738
168767
168769
168771
1689196
1689221
1689237
1690073
169011
1690225
1691399
1691973
1691974
169507
1695222
1697963
1698418
169954
1701531
1702109
1706450
1708655
1708656
1709088
1709439
1709936
1709941
171202
171204
171206
171207
171209
171210
171212
171213
171216
171217
171219
171221
1712417
1712805
1713627
1714387
1715237
1715697
171881
1720305
172267
172621
172717
1729940
173497
173654
1736673
1742513
1742621
1743397
174412
1744892
1747707
1747710
1747711
175006
1752933
1755686
1756192
1756194
1756244
1757903
1760868
1761466
1762016
1762025
1762027
1762028
1762029
1762031
1762032
1762033
1762034
1762035
1762036
1762037
1762038
1762039
1762040
1762041
1762042
1764082
1764142
1764143
1764146
1764147
1764148
1764149
1764150
1764151
1764152
1764155
1764201
1764212
1764223
1764234
1764235
1764237
1764238
1764239
1764240
1764241
1764258
1764259
1764602
1764603
1764606
1764608
1764609
1764611
1764612
1764613
1764614
1764618
1764619
1764620
1764621
1764622
1764623
1764625
1764626
1764627
1764630
1764632
1764633
1764636
1764637
1764638
1764639
1764641
1764642
1764643
1764644
1764645
1764648
1764649
1764660
1764662
1764811
1764820
1764824
1764825
1764826
1764827
1764830
1764831
1764832
1764835
1764838
1764839
1764841
1764842
1764843
1764846
1764847
1764849
1764850
1764852
1764853
1764854
1764855
1764858
1764860
1764861
1764866
1764867
1764868
1764869
1764870
1764871
1764872
1764873
1764874
1764875
1764876
1764877
1764878
1764879
1764880
1764882
1764883
1764885
1764886
1764891
1764892
1764893
1764894
1764895
1764898
1764901
1764902
1764903
1764904
1764908
1764919
1764920
1764921
1764922
1764923
1764925
1764932
1764933
1764935
1764936
1764940
1764941
1764946
1764947
1764948
1764950
1764951
1764952
1764953
1764954
1764957
1764966
1764967
1764970
1764972
1765072
1766214
1766654
1767115
1772214
177560
177573
1778434
1779277
1779279
1779280
1779351
1779407
1779492
1779493
1779510
1779547
1779593
178273
178341
178342
178361
178364
178378
1784805
1784808
1784813
178779
1792275
1792616
1794730
1794743
1795181
1795199
1795254
1796605
179791
1798948
1798950
1803938
1804149
180472
1804765
1805947
1806878
1806893
180940
180941
1809752
1810344
181047
1810842
1810875
1810881
1810882
181122
1812833
1813146
1813148
1813149
1813151
181621
181622
1816281
1816282
181653
1816782
1817539
1817540
1817548
181808
1821547
182556
1825700
1825705
1825706
1825708
1825709
1825713
1825716
1825721
1825722
1825724
1825905
1827188
1828572
1833789
183504
183592
1836945
1838034
1838041
1838159
1840408
184213
184500
184502
184504
184747
184761
1848757
1848823
1848828
1848830
1850948
1850949
1850950
1850951
1850952
1850954
1850955
1850956
1850957
1850958
1850959
1850961
1850962
1850966
1850967
1850968
1851737
1852269
1852270
1852694
1856765
1856766
185688
185695
185983
1860143
186022
186025
186027
186038
186039
186040
186043
1861732
1861735
1861738
1861753
1864495
1864603
1864604
1864606
1864611
1864612
1864614
1864615
1864616
1864621
1869227
1870746
1872691
1873229
1873492
1874130
187593
187796
187800
187809
1881111
1881117
188185
1881983
1884248
188541
1886619
1886798
1888177
1888178
1888180
188950
188957
1891026
1891229
1891230
1891231
1891239
1891244
1892383
1892415
1892433
1892629
1892842
189332
189333
1895336
1895586
1895587
1895641
1896765
1898410
1898749
190215
1902918
1902928
1903576
190468
1905288
1905564
1905722
1905723
1905724
1905832
1905833
1905834
1905848
1906469
1906486
1907792
1907928
1907929
1907930
1907931
1908219
1908225
1908226
1908227
1908230
1908232
1908244
1908245
1908247
1909704
1911593
1911597
1911598
1911688
1912075
1912850
1912851
1912960
191333
191334
1913989
1915358
1918381
1918382
1918384
1918590
1920001
1920009
1920010
1921602
192219
1922284
1922286
1923966
1923967
1923972
1923973
1925001
1925337
1925416
1925417
1925540
1926331
1927140
1927822
1928008
1928728
1929015
1929981
1929982
1931081
1932332
1932395
1932399
1932413
1932415
1932419
1932427
1932610
1933310
1935389
1936241
1936264
1936265
1936266
1937690
194549
194597
195065
195068
195071
1950760
1950802
1951641
195226
195259
195275
1953455
1953732
1953733
1953734
1953735
1953736
1953737
1953738
1953739
1954353
195504
1955041
1955399
1955432
1955561
1955562
1955563
1955565
1955566
1955568
1955569
1955572
1956399
1956771
195873
1959106
195935
195967
195969
1960165
1960167
1960168
1960169
1960170
1960171
1960172
1960173
1960174
1960175
1960179
1960180
1960181
1960182
1960183
1960184
1960185
1960186
1960187
1960188
1960189
1960190
1960191
1960192
1960193
1960194
1960195
1960716
196075
1960768
1961811
1963845
1964215
1965466
1967940
1967941
1967943
1968775
1969917
1969918
1973076
1973080
1973086
1973158
1973196
197753
197754
197759
1978334
1978355
197858
197902
1979790
1979791
1979792
1979793
1979794
1979795
1979797
1979798
1979799
1979800
1979821
1979822
1979823
1979824
1979834
1979835
1979837
1979838
1979851
1979855
1979858
1979860
1979864
1979865
1979870
1979872
1980021
1980027
1980070
1980073
1980407
1981936
1981941
1981944
1981945
1981946
1982007
1982022
1982023
1982027
1982029
1982030
1982032
1982034
198241
1983341
1985157
1985347
1987568
198839
198924
2003111
2004639
2004657
2004992
2005513
2006546
2006705
2008368
2008759
2008787
2008789
200886
200894
200895
2009197
201153
2011653
2011832
2011916
2011922
2012134
2012159
2012224
2012228
2012279
2012318
2012326
2014765
2014768
2014769
2014770
2014772
2014774
2014777
2014780
2014785
201498
2015012
2016247
2016248
201645
201679
201685
201687
2018028
2018307
2018477
2018692
2018708
201963
2021999
2022000
2022001
2022002
2022003
2022691
2023682
2023685
2023689
2023888
2024625
2025184
2025196
2025403
2026243
2026297
2026621
2027451
2028469
2030826
2030947
2030973
2030985
2031018
2031055
2031062
2031064
2031091
2031096
203191
2036684
2036686
2036726
2037922
2038138
2038148
2038323
2039256
2039479
2040456
2040457
2040458
2040496
2040628
2041152
2041159
2041776
2041783
2041785
2041786
2041788
2041800
2041801
2041803
2041805
2041811
2041814
2041820
2041821
2041828
2042489
2042491
2042495
2042500
2042504
2044469
2044941
2047667
2048002
2049438
2049902
2051559
2051649
2051650
2051652
2051655
2051656
2051657
2051658
2051659
2051660
2051661
2051666
2051668
2051669
2052683
2052947
2053059
2053100
2053114
2054278
2055248
2056252
2056977
2056978
2056980
2056981
2056989
2057146
2057234
2057897
2058121
2058400
2059054
2060208
2060209
2064960
206566
2066531
2066609
2066647
2066649
2066653
2066654
2066655
2066660
2066662
2066664
2066665
2066674
2066676
2066678
2066683
2066684
2066686
2066691
2067434
2069422
2070707
2070710
2071690
2072196
2072415
2072849
207955
2080625
2081474
2081638
2081639
2082234
2082235
2082236
2082250
2083000
2083298
2086364
2086366
209423
2094247
2094254
2099341
2099459
2099463
2100757
210444
210449
210625
210626
2107227
2107305
210733
2107739
2108192
210843
2109568
2109569
2109570
2109572
2109573
2109851
211012
211016
211094
2115823
2115826
2126169
2126179
2126242
2126271
2126442
213597
213603
2136297
2137514
2137954
2138295
214821
2152760
2152833
2152834
2152835
2152837
2152838
2163036
216730
216734
216741
216750
216760
216762
216763
216764
216766
216767
216768
216774
216777
216801
216802
216823
216885
216892
216896
216897
216921
216927
2169487
2169678
216975
217165
2171717
2172510
2172522
2174416
2176022
2176029
2183544
218683
219168
2200922
2200933
2200936
2201222
2202701
2203275
2203424
2203427
2204102
2204106
2204107
2204109
2204114
2204120
2204122
2204123
2204132
2204137
220647
220648
221625
221626
2217853
2217911
2219207
2219684
2219862
2219883
221995
222015
222018
2231049
2231650
2231652
2231660
2234095
223573
2248714
225107
225408
2259401
2259524
2259762
2267582
2267586
2267898
2268653
2268699
2268910
2268987
2283692
2283793
228456
228586
228594
2291002
2291095
2291467
2291609
2292662
2294036
2294129
2294183
2294190
2294191
2301211
2301929
2301930
2301931
2301932
2301933
2301934
2301935
2301936
2301938
2301939
2301940
2301941
2301942
2301943
2301944
2301945
2301946
2301947
2301948
2301949
2301950
2301951
2301952
2301953
2301954
2301955
2301956
2301957
2301959
2301960
2301961
2301962
2301963
2301964
2301965
2301966
2301967
2301968
2301969
2301970
2301971
2301972
2301973
2301974
2301975
2301976
2301977
2301978
2301979
2301980
2301981
2301982
2301983
2301985
2301986
2301987
2301988
2301989
2301990
2301991
2301992
2301993
2301994
2301995
2301996
2301997
2301998
2301999
2302000
2302001
2302002
2302003
2302004
2302005
2302007
2302008
2302009
2302010
2302011
2302013
2302014
2302015
2302017
2302018
2302019
2302020
2302021
2302022
2302023
2302024
2302025
2302026
2302027
2302028
2302029
2302030
2302031
2302032
2302033
2302034
2302035
2302036
2302037
2302038
2302039
2302040
2302041
2302042
2302043
2302044
2302052
2302053
2302054
2302055
2302056
2302057
2302059
2302060
2302061
2302063
2302064
2302065
2302066
2302067
2302068
2302069
2302070
2302071
2302072
2302073
2302074
2302076
2302077
2302079
2302080
2302082
2302083
2302084
2302085
2302086
2302087
2302088
2302089
2302090
2302091
2302092
2302093
2302094
2302095
2302096
2302097
2302098
2302099
2302100
2302101
2302102
2302103
2302104
2302105
2302106
2302107
2302111
2302113
2302114
2302115
2302116
2302117
2302118
2302120
2302121
2302122
2302123
2302124
2302130
2302133
2302134
2302135
2302138
2302139
2302140
2302142
2302145
2302154
2302157
2302158
2302159
2302160
2302162
2302163
2302164
2302166
2302167
2302168
2302169
2302170
2302171
2302172
2302173
2302174
2302175
2302176
2302177
2302178
2302179
2302180
2302181
2302182
2302183
2302184
2302185
2302186
2302189
2302190
2302191
2302192
2302193
2302194
2302196
2302197
2302198
2302199
2302200
2302201
2302202
2302203
2302204
2302205
2302206
2302207
2302208
2302209
2302210
2302211
2302212
2302213
2302214
2302215
2302216
2302217
2302218
2302219
2302220
2302221
2302222
2302223
2302224
2302225
2302226
2302227
2302228
2302229
2302230
2302231
2302232
2302233
2302234
2302235
2302236
2302237
2302238
2302239
2302240
2302241
2302242
2302243
2302244
2302246
2302247
2302248
2302249
2302250
2302251
2302252
2302253
2302254
2302255
2302257
2302258
2302260
2302261
2302262
2302264
2302265
2302266
2302267
2302269
2302270
2302271
2302272
2302397
2302401
2302879
2302880
2302881
2302882
2302887
2302888
2302889
2302890
2302891
2302893
2302894
2302895
2302896
2302897
2302898
2302942
2303002
2303003
2303162
2303164
2303167
2303168
2303169
2303171
2303172
2303177
2303238
2303243
2303244
2303248
2303249
2303250
2303251
2303252
2303254
2303255
2303258
2303262
2303263
2303264
2303265
2303267
2303268
2303275
2303278
2303280
2303282
2303283
2303285
2303286
2303287
2303288
2303289
2303290
2303291
2303292
2303293
2303294
2303295
2303674
2303675
230409
230410
230411
230412
230413
230415
230419
230420
2304654
2304709
2305714
2306908
2315412
2315413
2315414
2315415
2315904
2316437
2316501
2316504
2316508
2316509
2316510
2316512
2316531
2316533
2316571
2316632
2316634
2316637
2316663
2316910
2316917
2320254
2320803
232287
232288
232557
232572
232573
232859
232897
232941
233186
233187
2340796
234501
234502
234507
234547
234552
234581
234597
235079
235081
2364126
236787
237398
237448
237449
237450
237452
237453
237455
237457
237470
237471
238746
238910
240228
240361
240364
240571
240818
241424
241492
2419807
2419808
2419809
2419810
2420178
2420342
242046
242159
244423
244502
244770
2448168
244865
2448673
2448674
2448675
2448773
244960
244961
244962
244963
246121
2461490
246728
246752
247150
247438
2480976
2482830
2483873
248476
248477
248481
2485343
248754
2489074
2491349
2492455
2493094
2496629
2496889
2497411
2497682
2499985
2506109
2506143
2506144
2506252
2506279
2507881
2507882
2507885
2507890
2507893
2507894
2507895
2507897
2508582
2510583
2511775
2511779
251331
251332
251475
251482
251503
2516999
252312
252313
252315
252529
252669
252681
252682
252698
2527708
2528026
2528106
2528215
2528217
2528218
2528220
2528221
2528223
2528224
2528225
2528230
2528231
2528232
2528233
2528234
2528235
2528236
2528237
2528238
2528240
2528405
2528785
2530480
2530481
2546677
2547360
2547364
2547605
2547608
2547616
2547617
2547799
254931
2555684
2555778
2555874
2557542
2557985
2558022
2558023
2558024
256004
2560040
2562141
2562335
2563083
2563896
2565579
2569541
2569856
2570296
2570928
2571260
2571262
2572164
2574745
2575364
2575707
2576346
2576788
2576789
257771
2579142
2579161
2579918
2580214
258031
2582424
2583061
2584052
2585089
2585842
2586193
2586236
2586237
2586238
2586250
2586259
2586260
2586740
2586927
2586954
2587268
2587269
2588357
2588868
2588870
2589021
2589121
2589376
2589718
2589853
2590415
2590420
2590760
2590762
2590921
2590922
2591339
2591690
2592063
2592167
2592168
2592169
2592170
2592171
2592173
2592174
2592175
2592176
2592177
2592178
2592180
2592181
2592182
2592183
2592184
2592185
2592186
2592187
2592188
2592189
2592231
2592232
2593073
2593264
2593996
2594182
2594211
2594217
259652
2597072
2597375
2597714
2597715
2598115
2598532
2598537
2598538
2598539
2598540
2598541
259897
259925
2601260
2601838
2605647
260576
260577
2606406
2606411
260672
260675
260685
2606879
2606882
2606883
2606884
2606885
2606886
2606887
2606889
2608609
2609215
2609216
2609224
2609226
2609228
2609426
2609427
2609428
2609429
2609430
2609431
2609455
2609456
2609457
2609458
2609461
2609462
2609463
2609465
2609847
261098
2611280
2611340
2611346
2613926
2615114
261843
261845
261850
262427
262778
262971
263736
264059
264121
264659
2651984
2651985
2651990
2651992
2651995
2651997
2651999
2652000
2652001
2652002
2652003
2652011
2652026
2652027
2652028
2652035
2652038
2652159
2652160
2652161
2652169
2652393
2652724
265276
265277
2652865
2652905
2654834
265524
265525
265534
265537
265540
265543
265544
265549
265550
265551
265559
265563
265564
265572
265584
265591
265592
265616
2661562
2661563
2661567
2661826
2661827
2661830
2661831
2661850
2661856
2661857
2661859
2661860
2661861
2661862
2661863
2661866
2661873
2661874
2662319
2663028
2663273
2664135
2666230
2666232
2666234
2666496
2669293
267565
267566
267567
2675857
2676190
267982
267983
2679987
2681712
2681713
2681715
2684369
2684370
2684371
268526
268819
268820
268821
268827
2691101
2691108
2691109
2692273
269405
2699462
2699880
270263
2703868
2704024
2704347
270628
270655
270676
2707304
2707733
2710713
2710715
2710748
2710749
2710750
2710751
271280
271298
271299
271337
271339
2713495
2713606
2715112
2715897
2716349
2716527
2716572
2716576
2716593
2716595
271677
271679
271692
2717036
2717462
2719951
2719952
2720066
2720629
2721090
2725424
2728130
2728132
2728133
2728134
2728135
2728152
2729988
2729990
2729991
2729992
2729993
2730044
273040
273041
2731294
2731298
2731482
2731686
27322
2732398
2733396
2734876
2735257
2735407
2735410
2735413
2735438
2735541
2735542
2735543
2735546
2735547
2735548
2735549
2735550
2735551
2735713
2735714
2735715
2735716
2735798
2737176
2737745
2737746
2737747
2737748
2737749
2737750
2737751
2737752
2737756
2737758
2737759
273904
273907
274049
2744027
2744111
2744112
2744113
2744114
2744116
2744119
2744121
2744293
2744295
2745540
2745614
2746694
2746695
2746895
2747904
2748896
2749348
2750426
2750428
2750429
2750446
2750447
2750701
2751455
2752756
2757713
2758191
2758218
2758938
2759753
2759754
2760439
27606
27610
27615
2762064
2762493
2764997
2767005
276838
2770853
2770982
2772589
2772652
2773781
2774420
2774423
2774425
2778049
2778481
2779649
2780016
27804
27808
2780912
278122
2782299
2787175
2790055
2792856
2793746
2793793
27940
2794042
2794045
2794251
2794254
2795197
2795480
2795483
2795486
2795494
2795626
279580
279590
27963
279640
279643
27992
2799442
27996
28001
28014
2801507
2802091
2802116
2803945
280463
2805718
2805719
2805720
2805721
2805722
2805724
2805728
2805730
2805731
2805969
2808947
2809013
2809014
2810071
281028
281058
2811639
2811645
2811675
2811676
2811679
2811687
2811693
2811699
2811703
2811704
2811705
2811712
2811754
2811764
2812033
2812044
2812050
2812470
2812473
2812476
2812479
2812484
2812485
2812486
2812568
2812571
2812579
2812584
2812594
2812598
2812611
2812885
2813895
2813927
2813928
2813929
2813931
2814890
2815379
2815383
2815386
281609
281610
281612
2816198
2816827
2817658
281835
281842
281844
2820079
2820087
2820152
2820153
2820166
2820187
282304
2823260
2827003
2827007
2827260
2828340
2828774
2828848
2828859
2829
2831131
283435
2835129
2835132
283519
2835223
283547
2836747
2836748
2836753
2836757
2836758
2836760
2836761
2836762
2836768
2836769
2836770
2836771
2836773
2836774
2836775
2836776
2836777
2836778
2836781
2836782
2837474
2837575
283781
283783
283909
2841288
2841292
2841337
2841836
2843
284676
284681
284684
284757
284784
284790
284793
284798
284799
284802
2849305
2849336
2849337
2849339
2849340
2849393
2849394
2849395
2849396
2849397
2849399
2849408
2849409
2849410
2849411
2849423
2849429
2849430
2849431
2849443
284967
284968
284971
284976
284978
284979
284980
284981
284982
284983
2850
2853271
2853272
2853273
2854
2856
2857114
2857116
2857119
2857121
2857157
28583
2859620
2859628
2859677
285985
286094
2861129
2861130
2861131
2861132
2861133
2861135
2861139
2861142
2861144
2861146
2861152
2862725
2863858
2864107
2864108
2864110
2864112
2864115
2864116
2864117
2864119
2864120
2864123
2864124
2864125
2864126
2864128
2864129
2864130
2864132
2864386
2864387
2864388
2865174
2866270
2866271
2867499
2867549
2876143
2876884
2878688
287888
287889
2879603
2879604
2879606
2879607
2880
2880619
288134
28835
2884318
288543
288549
2893593
289378
2898037
2898038
2898042
2898043
2898045
2898046
2898052
290072
290074
290075
2902008
2902113
2903
2906505
2906510
2906512
2906513
290838
290840
290841
290842
290843
290844
2908544
2908639
2908640
2909349
2909459
2909501
2909524
2909809
2909855
2909856
291030
291031
291032
291207
291213
291215
291216
291217
291221
291223
291243
2912881
2912898
2912903
2912904
2912905
2912941
2912989
2913304
2913318
2914002
2914903
2914905
2914906
29158
2916
29176
2919
29190
2919512
2919514
2919516
2920
29207
2922312
2923
2923016
2925
2925154
2925399
2926
2926554
2926555
2927232
2927234
2927305
2927306
2927654
2927796
292790
2927974
2929146
2929149
2929150
2929152
2931363
293193
293194
2932
293205
2932433
293274
293275
2934410
2934416
2934420
2934421
2934424
2934427
2934432
2934468
2934474
2934475
2934481
2934482
2934490
2934502
2934503
2934509
2934520
2934523
2934524
2934526
2934529
2934541
2934543
2934547
2934557
2936456
2936821
2937416
293850
2943812
2945
2946
294744
29484
2950
2950442
2957
295837
2959
29618
2962066
2962110
2962111
2962870
2962871
2963888
29647
296587
296588
296590
296652
2968077
2968501
2968502
2968503
2968505
2968506
2969
2970949
2971362
2971496
2972751
2973586
2974346
2974946
2974948
2974960
297517
2976774
2976940
2976942
297794
2978472
298137
2982930
29833
2983578
298366
2984087
2984093
2984345
2984346
2984350
2984353
2984355
2984361
2984362
2984365
2984366
298441
298479
298485
2984886
298604
2986984
2991858
2992005
299204
299206
2992111
2992872
2992935
2993662
2993663
2993811
2994320
2995691
2996
2997250
2998111
299883
299886
3003917
300410
3005
301222
301224
301225
301226
301229
301231
301235
301236
3014285
3014484
3014485
3014510
3014511
3014532
3015964
3015970
3015971
3015987
3015990
301696
3016982
3018275
3019568
3020457
3026302
3026303
3026304
3026305
3026306
30282
3028228
30288
3028841
3028918
3029
30290
3029278
30295
30297
3030646
3032086
3032621
303400
303402
303405
303406
3034176
3035570
3036234
3038383
3038438
3038441
3038442
3038444
3038445
3038446
3038447
3038448
3038449
3038450
3038451
3038467
3038468
3038469
3038497
3038499
3038522
3038534
3038942
3038979
3039571
3041873
304202
3042507
304322
3043345
3043346
3044342
3046266
3049173
3051125
30522
30532
3053542
3053594
3053599
3053840
3058420
3061298
3061522
3061869
3064434
3064436
3064447
3065438
3065647
3068899
3068901
3068912
3070769
3071738
3072
307245
3074400
3075330
3075557
3075600
3075827
307619
307678
3078916
307925
3079619
3079699
3080383
3081669
3081764
3081772
3082
3082455
3085199
308599
308600
308610
3086146
308616
308659
308662
3092284
3092287
3093756
3093766
3095172
3095324
30962
3097027
3097290
3097298
3097303
3097310
3097325
3098094
3101565
3101757
310374
310375
310551
310565
310591
310597
3105985
310758
310759
310761
310801
310905
311239
3113363
3114359
3118630
3119969
3123357
3123358
31247
31252
3126173
31276
312844
312845
3128484
3129261
3133133
3133389
31354
3139251
3140242
3140896
314250
314251
314514
314515
314517
314519
314529
3153665
3153666
3153811
315533
3156025
3156540
3158539
315938
316456
319061
319230
319727
319731
319734
320064
320134
320135
320166
32052
321428
321438
321441
322594
3229849
3230861
323299
323307
323310
323323
323328
3233623
3234298
323453
3235145
324620
324621
324623
324672
324675
324873
324891
32570
32597
326279
327054
327391
3279442
327968
328229
328237
328348
328349
328400
328428
329442
329443
329474
329475
329973
331095
331608
331610
332761
3329432
333133
333328
333350
3344393
334868
33505
335489
335913
335918
335992
33640
33642
33643
33645
33649
33657
33658
33659
337180
3373029
3374256
337443
337527
3378928
338211
339963
339964
340022
340023
340024
340078
340170
340201
340370
340371
342414
342416
344322
344402
34590
346240
346241
3483
3485
3486
34865
348696
348707
349456
349748
35052
35084
350847
35126
35128
35130
35142
35155
35170
352255
352264
352384
352465
354441
354587
354588
354589
354590
355633
355634
355897
355900
356657
35672
35677
35679
35682
35684
35687
358140
358434
35849
359166
360534
360536
360655
360661
360706
36121
36130
361426
361427
36180
36181
36321
363325
363326
363907
363908
364019
364747
365351
365367
365371
3654
365524
3656
365608
366429
366433
366441
366588
366601
3668
367905
367912
367925
368045
368449
36881
36898
369785
369786
370103
370574
37097
371681
371682
37174
3726
372999
373000
373042
373093
37318
37319
373401
373514
37360
374047
37433
37475
3752
37520
376140
37621
376353
37641
37642
376791
377844
37862
379107
382364
382365
382373
382377
382386
382387
382388
382397
382530
382703
382710
384957
385413
385415
385419
386303
386304
387435
38760
38817
388226
38824
38833
38836
388735
388800
388808
388810
389060
389328
389330
389333
38949
389492
392227
392739
392741
393035
393036
393878
39408
39410
39437
39447
39449
39450
39455
39473
394741
394743
394749
394750
394801
395882
396044
396344
396345
396355
39714
39717
397539
397552
397554
397560
397580
39843
399303
400755
400756
400838
4016
4023
402376
402379
402395
402429
4025
40252
402583
4026
402881
40357
403677
404293
404945
405007
407037
407208
407301
408072
4081
409302
409853
40986
410623
410738
41120
4113
412152
412153
412154
412156
412157
412158
412164
41300
413064
413642
413900
413972
414396
41457
414672
414673
416573
416578
416803
416832
417073
41793
418113
418244
418357
41875
41877
41880
41886
418910
418940
418943
418946
418974
420258
420259
420260
420261
420264
420275
420281
420283
420286
420354
420474
420477
420540
420557
420568
420571
420782
423203
423204
423205
423206
423207
42384
424481
424482
424484
424526
424542
424544
424547
425805
425807
425808
425813
426623
426624
426625
426631
426632
426633
426635
426636
426637
426639
426669
426678
427275
427311
427313
42738
42750
42767
427755
429153
429241
429458
429460
429461
430713
431399
431580
431593
433382
433413
433418
433500
433501
433740
434030
436017
43686
437443
437763
437764
437766
437767
43851
438879
439208
43925
43935
439494
439559
44056
44093
44114
44190
44197
442490
443705
444102
44418
44430
44432
44440
44445
44446
44447
44457
44459
44463
446415
446482
447208
447210
447216
447962
449101
449130
44932
450187
45100
45107
451781
451786
451791
45314
45351
453764
454269
454271
45521
45522
45525
455357
45573
45587
45621
457359
457375
45763
457664
457694
457751
457753
457824
457827
45834
458502
458503
458517
458884
459333
459341
459342
459501
459634
460163
460519
462885
462886
463189
463290
463362
463619
463620
463621
463622
463623
463624
464218
464225
464226
464227
464228
464236
464237
464238
464242
464258
464276
464277
464278
464279
46462
464988
464989
464990
465777
465792
468042
46947
46948
47071
471275
471278
471281
471282
471943
47281
473336
473817
475233
4757
4760
476100
476440
478118
478121
478122
478124
478127
478131
478398
478667
478668
47934
47963
47965
47966
47967
47968
47983
480255
481301
48144
48146
4816
483369
483370
483532
484804
485973
485977
48708
4872
487643
488588
4903
490388
4922
49231
49238
49239
49240
49246
49249
49258
49260
49261
49265
492768
493464
493907
497490
497513
497729
497816
497994
497999
498005
498518
49969
500057
5002
5005
501547
501608
501609
50273
502946
502949
502950
502968
50342
504061
50417
507447
50794
508771
509997
510610
51076
51139
512230
512232
512240
51294
51314
51316
513288
515461
515473
515478
515481
515482
515487
515659
516040
516368
516369
517304
519315
51983
520133
52066
521395
523209
524312
524895
524898
524900
524917
52518
526559
527039
527499
529148
529466
529682
52970
530540
531822
533365
53479
535066
53616
536292
540059
540482
541018
541227
543857
544511
544692
544707
545807
547557
5480
5482
548875
549204
5493
549342
549343
549345
549346
549347
549348
549349
550474
552310
552662
552871
552936
554068
554453
554634
554911
55513
55529
55567
555717
555720
555756
55617
55715
558848
559844
56036
561169
56195
56245
563736
563738
563740
563749
563750
563758
563760
563767
565004
566462
566474
566475
569439
569956
571951
573501
575201
5756
57653
57656
576716
576745
576747
576748
576781
5778
578965
578975
578981
57903
579062
579357
579372
580051
580056
580057
5803
5804
5807
5811
58159
58161
582758
583367
584794
584866
585572
5866
5872
587315
5876
58815
588208
588326
588336
588406
588726
589955
592142
59291
59296
593439
59669
5974
59861
599895
6058
60584
60595
6062
6063
6100
610365
6116
61334
61337
614189
6145
614669
6168
617173
61853
619270
619271
619275
619276
619277
619278
62067
622439
622781
626261
626736
626737
627966
627967
629751
629752
629753
629754
629759
629760
629761
629762
629763
629764
630538
631048
631387
632150
633638
6344
63541
637470
637492
637539
637540
637541
637542
637543
637544
639604
640130
641211
641229
642553
643629
644164
644166
644168
644169
644170
644174
644175
644176
644177
644178
644179
644181
644223
64471
644973
64504
64505
64511
64517
64518
64524
64525
645299
645398
645452
64668
64707
647106
64923
649610
649857
650052
650053
650509
651205
651450
651451
652932
65408
6549
6550
6551
655474
655705
655750
655751
655801
656068
6573
6577
658077
658118
659331
659878
661162
661989
662006
66201
662012
66205
66206
66207
662078
662079
66208
66209
66210
66211
66212
66213
66214
66215
663229
663693
66398
66456
66465
66468
66471
66473
665965
666509
667510
66791
669014
670430
670438
670440
670709
671422
672013
672227
672929
672931
673113
67415
675671
676789
67781
6837
684664
68504
685750
685760
686318
686696
686713
686723
686729
686730
686738
687160
687265
687944
687948
690716
691888
692279
692525
692697
692905
692907
693125
693130
693131
693132
693156
693161
693631
693912
693917
693924
696133
696180
696184
696186
696961
697907
697909
697910
698476
698789
698872
698876
699226
699227
699229
699233
700680
701802
701803
701804
70189
702563
70285
703034
703915
703969
703971
70448
70450
705413
70604
706576
707163
708511
71001
714602
714603
714605
714607
714608
714609
714610
714611
715245
71566
715966
715975
715976
715980
715987
717091
718187
718188
71860
71861
72004
722754
72520
72548
72554
72675
72677
73001
732115
73818
73915
741088
741090
74433
745345
746505
746506
74861
748992
749002
749004
749231
749232
74940
754409
75712
75744
75745
75803
758569
758750
758751
759959
7602
7603
7604
7612
7616
762664
762665
7634
763493
763527
763528
763529
763530
763931
763934
7641
7646
7656
7663
7668
7671
76717
767269
768832
769005
769006
7729
77300
77925
77926
77927
77928
77931
79795
79894
8017
8018
8019
8020
8022
8023
8030
8032
8049
80720
81528
81535
81538
81543
81636
81824
81868
81869
81870
82174
82852
82926
82952
83219
83371
83372
83478
84301
856786
85810
858356
859418
859653
859984
86007
86016
860588
862254
862916
864691
86521
86608
86610
866871
866872
866873
866874
866875
866876
866877
866878
866879
866880
866881
866882
866883
866884
866886
866887
866888
868044
86837
86898
869566
87105
871236
873086
873089
873090
873092
873093
875483
875771
877583
879532
880219
880235
880261
880432
880613
880617
881003
881918
882823
883838
885403
88552
886263
890091
891395
89337
89595
89608
89609
89957
89963
90247
90313
904677
904825
907947
908977
9091
90936
90962
9103
911317
911676
91992
92126
925652
92981
93162
933485
933807
933808
933834
934066
935693
936128
936282
93696
937756
937820
938105
93832
939291
93931
93934
939359
941124
941131
941136
941140
941158
941159
941460
942634
942637
942650
942689
945680
947090
947545
947550
947578
94826
9483
948313
948960
9515
9544
9555
9565
95749
9590
9593
9597
9606
9643
9644
9657
9659
96639
9666
96788
9685
96912
9728
9731
9733
9739
9742
97485
97487
97488
97489
9764
9767
9796
979697
980545
981202
981317
981320
981321
981350
98217
98291
983145
983673
986735
987156
9886
989201
989232
989472
990195
990294
9915
99155
992260
9925
994334
994335
994337
994381
994786
9986
99928
999463
9995
999882
