ASV	Multi_taxID_entry	USED
ASV_10089	50225, 50207, 92907, 41550, 416131, 1220052, 1903714, 1954296, 1972656, 1954295, 1954291, 379268, 1053381, 1522193, 112408, 1532325, 305361, 4222, 1954286, 121177, 123810, 40592, 123806, 1809698, 143172, 434692, 1552228, 231818, 1234499, 92906;1261132, 4236, 56535, 41486, 69404, 69405, 2547412, 265785, 13427, 119182, 4265, 92921, 41561, 1224295, 112788, 859427, 268104, 1041103, 90037, 2710643, 170727, 333970, 189230, 221204, 143190	FALSE
ASV_10096	109743, 182055, 1574080, 1922184, 1398758, 282373, 40145, 1398937, 1472000, 1358933, 604282, 341943, 190371, 289421, 51221, 456999, 40145;47476, 56183	FALSE
ASV_10113	73431, 1320671, 1320681, 707724;1081868;1320672	FALSE
ASV_10133	2604071, 33653, 167961;1764937, 2939511, 427040, 409286, 127151, 1162744	FALSE
ASV_10148	8014, 56723, 13489, 29151, 195611, 137520, 34816, 761803, 94946, 13489;94946;761803, 61084	FALSE
ASV_10151	256004;264121, 662079, 662078	FALSE
ASV_10161	1312089;1312103;1312105, 627966	FALSE
ASV_10224	2715280, 2715282, 36630, 746128, 3110706, 3080930, 5061, 5065, 1287682, 1684064, 45372, 279138, 279137, 340414, 1354928;1517513, 340412, 41047, 1517514, 1517513, 1907244, 2079209, 91492, 1309686, 1774284, 454252, 1517512, 2082511, 2601843, 1907481, 1907480, 91491, 1907209, 1907208, 1907207, 75552, 293939, 41057, 1226384, 286432, 41049, 388753, 1245746, 454254, 75551, 151553, 1194566, 1220166, 1245748, 1806848, 1825619, 41052, 36631, 1602734, 2713054, 1747902	FALSE
ASV_10376	1607969, 1607966;1607967;1607968;1607971;1607974	FALSE
ASV_10439	92955, 92955;104405	FALSE
ASV_10462	1198971, 143670, 2292165, 1695222, 1691974, 1691973, 71861, 1652117, 1655535, 631048, 160611, 858356, 289378, 284798;284799;284802, 284797	FALSE
ASV_10464	284684, 284676;284681, 1677987, 1677983, 1677981, 1677972, 1677985, 1677982, 1677984, 1677973, 357350	FALSE
ASV_10495	268820;268821	TRUE
ASV_10528	259040, 266818;266820	FALSE
ASV_10558	3016982, 2881280, 1519773, 2836766;2836767, 2836765, 2836763, 2836761, 2836759, 2836758, 324890	FALSE
ASV_10588	1172189, 94289, 742176, 99912;1172189, 200599	FALSE
ASV_10599	35677, 35677;44463	FALSE
ASV_10610	1312089;1312103;1312105, 2026621	FALSE
ASV_1064	2066645, 2066664;2066665, 2066608, 2066653, 2066652, 2066686, 862916, 1940680	FALSE
ASV_10645	268820;463290	TRUE
ASV_10657	1198971, 143670, 1695222, 1691974, 1691973, 71861, 1652117, 1736631, 60595, 1655535, 2067435, 106539, 2684370, 631048, 2699462, 160611, 66473, 319230, 858356, 107757, 289378, 240361, 160612, 284798;284799;284802, 284797	FALSE
ASV_10686	760132, 328562, 470419, 2751900, 2614888, 2614890, 2614889, 2614891, 2614893, 2614892, 2614888;2614889;2614890;2614892	FALSE
ASV_10702	1000990, 119497, 119497;119529, 284699	FALSE
ASV_1073	2903, 1856765, 280463, 2903;38817;1663125, 38817;284784;284790, 38817, 2903;38817, 1856766	FALSE
ASV_10815	2724370, 2865343, 2865269, 2865559, 2865190, 2865170, 2780335, 2780240, 2780240;2865196, 2780313, 2780184, 1445003, 2725113	FALSE
ASV_1083	39449, 71860, 2968077, 1290334, 257771, 257771;260685	FALSE
ASV_10862	1198971, 143670, 1695222, 1691974, 1691973, 71861, 1652117, 1655535, 631048, 160611, 858356, 289378, 284798;284799;284802, 284797	FALSE
ASV_10938	1805497, 5278, 5005, 115111, 231218, 106004, 480363, 5002;198839, 1709941, 672585	FALSE
ASV_1097	86556;639591, 86556, 639591, 1460409;1460412, 1460410, 270263, 1460408, 44243, 86518, 1499518, 125323	FALSE
ASV_11021	2066033, 1720109, 1720110, 1169002;1967944, 1967943, 1169001, 1050079, 626736, 1169005	FALSE
ASV_1104	2152760, 355634, 431563, 1923966, 2014769, 1752179, 265549;265559	FALSE
ASV_11099	2606882;2606883	TRUE
ASV_11298	328570, 2712102, 2501652, 513426, 1643395, 1643394, 2987705, 2987704, 861490, 2915640, 44925, 3003226, 1643393, 1806067, 2839827, 2814046, 513425, 470412, 542703, 542705, 2608285, 470411;1285666, 1285667, 908899, 475660, 546832, 1285673, 861502, 861503, 861501, 2608291, 518607, 518606, 2501657, 2073168	FALSE
ASV_1132	6550, 40252, 6549, 2840390;2840391;2840392;2840393;2840394, 2840387;2840389, 2840388, 2840382, 6551, 29158, 61353	FALSE
ASV_11343	2015895, 2015894, 1366059, 316203, 500023, 316177, 499908, 499907, 2837385, 316211, 168756, 2747905, 316226, 316191, 316177;316209;316211	FALSE
ASV_11344	2066691, 2066605, 2066677;2082969, 2066676;2066678, 2066648, 2066683, 2066603;2066604, 2138295, 1561082, 2138296, 1052044, 195226, 2138294	FALSE
ASV_11358	1885215, 1885165, 1885164, 1885196, 1885190, 1885187, 1885184, 1885148, 1885146, 1885221, 2750018, 34136, 1330484, 162068, 1885145, 1889083, 1812945, 1885223, 1885222, 1330485, 1885180, 1885214, 1885181, 1885153, 1885177, 1885207, 1885206, 1885175, 1885174, 1885208, 1885176, 1885179, 1885151, 1885144, 2750017, 2750015, 2750014, 2750016, 2856740, 2857040, 2856741, 2857044, 2857042, 2856738, 2856739, 1885201;1885202;1885203;1885204;1885211, 1889114, 1889112, 1889088, 1889108	FALSE
ASV_11416	1198971, 143670, 2292165, 1695222, 1691974, 1691973, 71861, 1652117, 1655535, 631048, 160611, 858356, 289378, 284798;284799;284802, 284797	FALSE
ASV_1143	1859892, 1859877, 1859813;1859894, 1859796, 1859795;1859893, 1859745, 1859724;1859737;1859773;1859780;1859891, 1817491, 1817490, 1817489, 1817488, 1817487, 1817486, 1817485, 1817493;1817494;1859755;1859776;1859835, 1817511, 1817510, 1817484, 1817483, 1817482, 1817481, 1817503;1817504, 1817480, 1817479, 1817478, 1817477;1859808;1859821;1859918	FALSE
ASV_11485	39449, 71860, 2968077, 1290334, 257771, 257771;260685	FALSE
ASV_11541	627963;1816783	TRUE
ASV_1164	3016982, 2881280, 1519773, 2836766;2836767, 2836765, 2836763, 2836761, 2836759, 2836758, 324890	FALSE
ASV_11655	5885, 1633599, 5885;1683301	FALSE
ASV_11659	2598555, 2598532, 2836749, 1683870, 1684125, 2927301, 2927306, 2836774;2836775, 2836773, 2778049, 187758, 324891, 1809752, 1809752;2836770	FALSE
ASV_1167	5082, 5081, 1108849, 5076, 254876, 60169, 40296, 5074, 1552301, 1508384, 36656, 36651, 60172, 27334, 5075, 36653, 480348, 480338, 480335, 447241, 69787, 197659, 29845, 68879, 36654, 47248, 395885, 293559, 29841, 293379, 5078, 422972, 128435, 1459053, 48697, 1132638, 5076;36653;40296, 1902614, 2755110, 1304712, 1354841, 1343368, 2607994, 60174, 36646, 1882269, 1303717, 1303720, 353636, 74831, 1440505, 1097015, 713919, 1519644, 1303716, 70105, 2607995, 254877, 1853271, 1725062, 1702019, 1702018, 1702021, 1524950, 1225622, 1702023, 1792511, 1701996, 1010449, 1702020, 1525339	FALSE
ASV_11742	266818;266820	TRUE
ASV_1181	186038, 186040, 186038;186040, 210449, 186037, 912665, 2315413	FALSE
ASV_1182	1198971, 143670, 1695222, 1691974, 1691973, 71861, 1652117, 1655535, 631048, 160611, 858356, 289378, 284798;284799;284802, 284797, 1239451	FALSE
ASV_11830	1874203, 99909, 99909;2593266	FALSE
ASV_11834	620489, 529148, 37469, 529209, 1763832, 1446102, 529288, 529286, 1763831, 2546068, 221998, 717732, 993108, 529148;529209	FALSE
ASV_11868	519246, 200279, 887148, 887147, 145852, 2056071, 199745, 2715088, 2056069, 145850, 2715087, 4608, 464070, 145848, 2056062, 98750, 650149, 37724, 445137, 116551, 2715086, 2056052, 2056050, 211957, 145842, 145840, 464041, 145838, 2715081, 2715085, 1227977, 4556, 906889, 464034, 2358306, 112509, 4565, 345914, 345912, 1940274, 366488, 366476, 3917, 52152, 6689, 2038770, 2038769, 1747705, 399722, 665525, 665499, 39947, 159298, 416025, 1892228, 640618, 1443526, 3105834, 2030759, 2030756, 2030755, 2030754, 2030752, 2030751, 1892227, 87477, 2030750, 470288, 376137, 2030749, 391975, 1440556, 2030748, 388721, 2030747, 366486, 1159240, 2030746, 345913, 2030744, 446913, 222563, 28479, 640591, 1793980, 100810, 366483, 366482, 1793977, 366481, 1211477, 376127, 29679, 1440522, 366478, 2030743, 2030742, 2030740, 2030741, 1440529, 1440528, 2030730, 1735965, 1440527, 1440526, 2030725, 1642856, 2030721, 2030718, 2030717, 2030716, 2896444, 2030714, 2030712, 2030710, 2030708, 2030706, 2030705, 2030704, 2030703;2030713, 2030703, 2030699, 549216, 2030697, 2030695, 2030694, 2528740, 2030692, 2030691, 2030690, 1440524, 2030684, 2030683, 37723, 511983, 391962, 2030682, 258806, 1000416, 2030681, 395286, 497293, 2030680, 2030732, 2030679, 640614, 376118, 570168, 2030678, 535810, 640613, 2030677, 570167, 640610, 1853057, 2030673, 395285, 2030672, 1898930, 2030671, 1853056, 446143, 2030669, 29668, 640619, 446142, 2030667, 669640, 2030666, 1891462, 2030665, 1155255, 2030663, 640602, 2030661, 389630, 640600, 640601, 2030660, 1617934, 4498, 389629, 52139, 286619, 391980, 2030656, 286491, 96047, 1159253, 63632, 345920, 345918, 2030652, 345916, 2030651, 2030650, 345915, 204232, 2030649, 39946, 1771142, 146640, 4530, 318049, 4568, 4491, 40148, 29695, 1478600, 1243769, 1478599, 4529, 65489, 4538, 4537, 4528, 40149, 4538;65489, 2998809, 4530;39946, 4522, 2969168, 2705378, 145847, 2969167, 145844, 464045, 2969166, 254158, 2056037, 464037, 211946, 2939664, 89674, 89676, 89678, 944502, 52153, 2056060, 2939658, 29677, 2939657, 89679, 4606, 2907183, 1343465, 2907173, 55777, 55762, 55763, 52137, 55767, 2907180, 2907179, 468976, 55769, 1708984, 55771, 2907175, 52147, 1560087, 2907174, 254125, 2550840, 2550839, 55770, 55773, 52150, 37721, 55764, 4572, 200361, 85692, 218142, 4577, 38689, 4550, 568980, 49769, 4521	FALSE
ASV_119	201685, 114071, 503039, 670708, 544705, 114067, 507447, 2779383, 114067;134763, 134763	FALSE
ASV_11906	65357, 884621, 2780433, 890382, 890382;904126	FALSE
ASV_12083	1312089;1312103;1312105, 627966	FALSE
ASV_12113	627963;1816783	TRUE
ASV_1216	1859892, 1859877, 1859813;1859894, 1859796, 1859795;1859893, 1859745, 1859724;1859737;1859773;1859780;1859891, 1817491, 1817490, 1817489, 1817488, 1817487, 1817486, 1817485, 1817493;1817494;1859755;1859776;1859835, 1817511, 1817510, 1817484, 1817483, 1817482, 1817481, 1817480, 1817479, 1817478, 1817477;1859808;1859821;1859918	FALSE
ASV_1218	1204331, 1204330, 1204305, 1204304, 1204326;1204327, 95549, 638949, 116183, 316610, 261891, 502784, 261894, 261892, 95551, 95550	FALSE
ASV_12295	97169, 3352, 97170, 45372, 78260, 78261, 78260;97168, 71633, 3339;3349;3350;3352;3353;49510;55062;71641;71647;71650;77912;88731;88732;164242;261913	FALSE
ASV_1236	256004;264121, 662079, 662078	FALSE
ASV_12394	1126604, 1126602, 1126601, 1041877, 1041877;1126601;1126602;1126603;1126604, 1126609, 1126608, 1126608;1126609, 1126610, 1126608;1126610, 1126607;1126608;1126609;1126610, 1126605;1126607;1126608;1126609;1126610	FALSE
ASV_12419	1973882, 160604, 2961, 459614, 160604;261828;261829	FALSE
ASV_12498	3016982, 2881280, 1519773, 2836776, 2836766;2836767, 2836765, 2836763, 2836761, 2836759, 2836758, 324890	FALSE
ASV_12581	702025;702026	TRUE
ASV_12686	198225, 198225;461118	FALSE
ASV_12852	2984361, 2984356, 2984355;2984366, 2984355, 2984365, 2984350, 2984357, 699227, 2984346, 699235, 2984345	FALSE
ASV_12878	268820;268821	TRUE
ASV_1303	1312089;1312103;1312105	TRUE
ASV_13062	284684, 284676;284681	FALSE
ASV_13082	480604, 350064, 56620, 350065, 387663, 511809, 869182, 859240, 480602, 34520, 480603, 34520;56620;480602;511809, 361473	FALSE
ASV_13099	186038, 186040, 186038;186040, 210449	FALSE
ASV_13188	1312089;1312103;1312105, 627966	FALSE
ASV_13304	166938, 82941, 82953, 82951, 289616, 4798, 289612, 289602, 140047, 289599, 140044, 4799, 41045, 65069, 2038151, 4799;2708265, 289615, 1862977	FALSE
ASV_13434	1884465, 1742426, 1742428, 477178, 328621, 60131, 13789, 174041, 483524, 174039;174040;483525;483528, 483529, 483526, 483527, 174040, 2923271, 2708026, 2923270, 2812589, 1077717, 1077718, 1742427	FALSE
ASV_13468	1744892, 143672, 262969;262970, 459616, 384329	FALSE
ASV_13473	2903, 1856765, 280463, 2903;38817;1663125, 38817;284784;284790	FALSE
ASV_13493	1000985, 1000986, 119481, 284730, 284693;284726;284727;284729	FALSE
ASV_13552	1312089;1312103;1312105, 627966	FALSE
ASV_13646	860581;860582	TRUE
ASV_13690	1198971, 143670, 1695222, 1691974, 1691973, 71861, 1652117, 1655535, 631048, 160611, 858356, 289378, 284798;284799;284802, 284797	FALSE
ASV_13742	1312089;1312103;1312105	TRUE
ASV_13767	2782744, 64923, 134685, 64923;78552	FALSE
ASV_13802	859203, 859200;859201	FALSE
ASV_13867	5756, 2056183, 1002211, 507742, 416408, 213238, 215562, 65660, 65667, 65664, 5757, 161759, 1164805;1164806, 425318, 328359, 238784, 29195, 5755, 931366, 552497, 65661	FALSE
ASV_13889	39449, 71860, 2968077, 1290334, 257771, 257771;260685	FALSE
ASV_13904	13268, 114422, 13268;1345011	FALSE
ASV_13970	1312089;1312103;1312105	TRUE
ASV_13999	51062, 2747898, 1455049, 1455036, 46722;351727, 541199, 46722, 1232264	FALSE
ASV_14043	265524;281058, 435404, 265524	FALSE
ASV_14069	1817456, 1817455, 1817454;1859847;1859873	FALSE
ASV_14258	1312089;1312103;1312105	TRUE
ASV_14286	27292, 4932, 114524, 1987369, 1080349, 55601, 230603, 1911677, 1969575, 580240, 27291, 559292, 226230, 1165456, 226126, 1294332, 1294330, 1294329, 1294328, 1294327, 1294326, 1294325, 1294324, 1294323, 1294322, 1294321, 1294320, 1294319, 1294318, 1294317, 1294316, 1294315, 1294314, 1294313, 1294312, 1294311, 502869, 1294310, 947044, 468558, 947042, 1294309, 1294307, 1294306, 1294305, 1294304, 1294303, 1294388, 1294387, 1294385, 1294384, 1294383, 1294382, 1294381, 1294380, 1294379, 1294378, 1294376, 1294375, 1294374, 1294373, 1294372, 1294371, 1294370, 1294369, 1294368, 1294367, 1294366, 1294365, 1294364, 1294363, 1294362, 1294361, 1294360, 1294359, 1294358, 1294357, 1294356, 1294355, 1294354, 1294353, 1294352, 1294351, 1294350, 1294349, 1294348, 1294347, 1294346, 1294345, 1294344, 1294343, 1294342, 1294341, 1294340, 1294339, 1294338, 1294337, 1294336, 1294335, 1294334, 1294333, 1293430, 1292971, 1296266, 1294331, 4931, 5541, 4932;559292, 4932;559292;1247190, 4932;580240, 1220494, 643680, 226125, 32630, 367816, 117530, 261971, 200335, 114526, 114524;114525, 4932;209285;559292, 4931;27291	FALSE
ASV_14311	447208;497816	TRUE
ASV_14330	2598567, 2598577, 2053487;2053532, 2053485, 2927313, 2927311, 649615, 2913297, 1519609, 2836771	FALSE
ASV_14365	1000990, 119497, 119497;119529, 284699	FALSE
ASV_14371	2153193, 1633460, 2153194, 135754, 119713, 2968236, 1266866, 134995, 651723, 94987, 7830, 38941, 170822;170826, 170825, 170823, 7797	FALSE
ASV_14383	1312089;1312103;1312105	TRUE
ASV_14404	268820;463290	TRUE
ASV_1460	2547642, 569439, 2547607, 2547616;2547617, 2547611	FALSE
ASV_14671	39449, 71860, 2968077, 1290334, 257771, 257771;260685	FALSE
ASV_14672	1909647, 78911, 78911;1928152	FALSE
ASV_14708	105754, 3348, 97169, 3352, 97170, 45372, 78260, 78261, 3342;71632;196513, 3338;3341;58041;71623;71644;88733	FALSE
ASV_14711	1010633, 286661, 2711334, 1707699, 1052096, 1351454, 161671, 766057, 1707702, 2587885, 2587883, 561301, 710217, 286617, 1968695, 1707700, 438356, 1707704, 1351444, 1351450, 1329199, 438388, 438385, 438383, 2082556, 70808, 797084, 1200937, 1194968, 1201119, 1200929, 887106, 29919, 887089, 887071;887074;887084;887090;887094;887098, 29917;887083;887086;887092;887100;887101, 706536, 1933429, 1970646, 1970641, 891392, 470178, 470177, 92950, 470174, 2116638, 887100, 887098, 2116637, 2116636, 2116646, 887100;2116635, 1758467, 394564;2116646, 394564, 887095, 887073;887095, 241845, 1970649, 1052092, 2116633, 2116632, 29917;887100, 29917, 887085, 241845;887084;887095;887100, 1970645, 1338630, 1338630;2116637, 29918, 643907, 2036922, 161666, 2016220, 553858, 3110712, 122368, 1873354, 1873353, 1873343, 378545, 1873298, 991776, 1873290, 1873278, 112498, 1873362, 1873364, 1873363, 1905586, 858804, 1873247, 1873268, 1873356, 1873357, 1873355, 1873242, 135778, 1873239, 2888283, 3096637, 3068972, 1849140, 1849139, 1849138, 1849137, 1849107;1849136, 1849134, 1849124, 1849123, 357752, 1849122, 1849120, 1849118, 2965083, 2965082, 2965081, 3068973, 3058887, 29695, 2983568, 2983569, 887103, 470175, 1758474, 1758473, 1758471, 1758461, 1707700;1747447, 1341203, 161657, 360892, 557971, 883115, 2973643, 2967236, 2950976, 887083, 215465, 2929575, 858772, 2917120, 2917119, 369946, 1518417, 286663, 1515577, 450181, 1414638, 1414631, 1414688, 2060155, 687962, 179343, 2589798, 2822299, 2860820, 2822291, 2822290, 1354307, 132095, 1290348, 1290352, 1268281, 131340, 1268280, 1933446, 990654, 508917, 2059980, 890382, 879688, 706171, 706170, 705924, 687971, 687970, 470080, 706145, 1352298, 705919, 501584, 438363, 685502, 705915, 687960, 706581, 2059853, 687953, 111012, 307163, 438350, 237192, 438341, 2059775, 2059764, 131346, 1629917, 651689, 1352022, 266401, 215468, 237588, 266411, 266409, 470082, 360896, 131336, 179345, 179342;179344, 133175, 630509, 2059835, 687958, 2059803, 179335;179343, 242515, 706141, 706140, 1431917, 161661, 179336, 131342, 1457359, 131341, 131344, 2059809, 112489, 237076, 237466, 2754511, 237550, 706553, 29917;92950;237183, 487646, 672500, 337446, 512020, 1873267, 1351932, 215463, 487645, 487644, 487641, 487640, 215469, 215462, 706555, 487637, 2059797, 1431918, 215467, 396515;487634, 179333, 480351, 480345, 447492, 411511, 411510, 422712, 422710, 422702, 422701, 422700, 422714, 422711, 422709, 422708, 422707;1933429, 422706, 422705;1933429, 422704, 422703, 253295, 331466, 181049	FALSE
ASV_1475	39449, 71860, 2968077, 1290334, 257771, 1232099, 333350, 173654, 637540, 637542, 410623, 637541, 637544, 637543, 470170, 470169, 405674, 405673, 405672, 257771;260685	FALSE
ASV_14865	242159, 1930181, 181122, 1171684, 1171683, 1171682, 1171680, 1171679, 1171677, 1171669;1171676, 1171675, 1171672;1171673, 1171671, 1171670, 1171674, 70448, 436017, 252315	FALSE
ASV_14866	1545970;2865205, 2865199, 2865419, 2865259	FALSE
ASV_14974	39449, 71860, 2968077, 1290334, 1501395, 257771, 257771;260685	FALSE
ASV_15001	266818;266820	TRUE
ASV_15012	2856;1655539, 515470, 426648, 463621, 33645, 210448, 216620, 216799, 33649, 186022, 232514	FALSE
ASV_1504	39449, 71860, 2968077, 1290334, 257771, 257771;260685, 260685, 1905723, 2902008	FALSE
ASV_15146	1312089;1312103;1312105	TRUE
ASV_15156	1817438;1859872, 1817438	FALSE
ASV_15205	307245, 1884647, 77929, 2867501;2867506, 1326777, 295837, 302021, 1326766, 1326763	FALSE
ASV_15255	2984361, 699233, 2861142, 699226, 2984356, 2984355;2984366, 2984355, 2984365, 2984350, 2984357, 699227, 2984346, 699235, 2984345, 2746694, 237448, 210733	FALSE
ASV_15262	1312089;1312103;1312105, 627966, 87105, 87103	FALSE
ASV_15265	2066645, 2066664;2066665, 2066608, 2066653, 2066652, 2066686	FALSE
ASV_15302	1312089;1312103;1312105, 627966, 87105	FALSE
ASV_15348	1859772;1859775	TRUE
ASV_15500	2055248, 1162089;1193138	FALSE
ASV_1554	1866295;1866296;1866297;1866298, 990116, 990114, 2797828	FALSE
ASV_15584	5756, 146752, 2081466, 2056182, 196913, 5755, 1215611, 1215610, 1215608, 763037, 1408270, 1408269, 943204, 943202, 447794, 447793, 507739, 408880, 408879, 408876, 408874, 416411, 416410, 416409, 416416, 416415, 416414, 416412, 405253, 405252, 405250;405251, 348804, 334544, 5757, 196912, 202919, 32599, 305838, 305837, 305833, 305830, 305829, 305828, 172893, 306367, 306365, 306364, 306350, 306348, 306345, 306329, 213246, 213245, 213244, 213243, 213242, 213239, 215574, 215573, 215571, 215569, 215568, 215566, 215565, 215563, 215561, 167755, 156883, 156882, 146750, 146751, 65660, 65669, 65666, 61607, 61608, 225840, 196961, 196960, 196915, 61605, 32600	FALSE
ASV_15614	3348, 71646;399189, 3343;3345;3348;71622;71625;71649;88728;151559, 88733, 71626	FALSE
ASV_15788	88552, 2984361, 2984353, 2984356, 2984355;2984366, 2984355, 2984365, 2984350, 2984357, 699227, 2984346, 699235, 2984345, 210735	FALSE
ASV_1579	2745724, 535988, 1934168, 1934167, 1934177, 1934176, 1934128, 1934125, 1934124, 2011669, 1933429, 61460, 431000, 980155, 980148, 980133, 980132, 701992, 701990, 329707, 61461, 1934172, 1934170, 1934117, 980156, 1073329, 980135, 633453, 2033587, 1758294, 1758293, 2587882, 2587881, 1715222, 1541146, 2029765, 206542, 1002370, 589642, 470460;470461;470462, 634187, 634183, 634182, 1758291	FALSE
ASV_15836	39449, 71860, 2968077, 1290334, 257771, 257771;260685	FALSE
ASV_1586	1312089;1312103;1312105, 627966	FALSE
ASV_15897	202946, 230603, 27291, 4932, 4931, 4931;230603	FALSE
ASV_15925	2041817, 2041816, 2041815, 2041814, 2843, 267567, 1503408, 1198650, 1030539;1030546, 1030545, 1030544, 1030543, 1030542, 1030540, 866888, 866887, 866886, 866884, 866879, 866878, 866871, 216762;267567;1030547;1030548;1030549, 267566, 41457	FALSE
ASV_15952	1010543, 1010474;1010503;1010513;1010526	FALSE
ASV_1597	2055248, 1162089;1193138	FALSE
ASV_16149	1582117;1582120;1582138;1582139, 1582122, 457647, 1548726	FALSE
ASV_16150	1955566, 372999;373000	FALSE
ASV_16183	2880164, 2725056, 630358, 79923;1807125	FALSE
ASV_16215	44452, 561169, 1034827, 119481, 44452;119481, 337320, 44452;2081491	FALSE
ASV_1624	2294178, 2219862, 2984361, 2984356, 2984355;2984366, 2984355, 2984365, 2984350, 2984357, 699227, 2984346, 699235, 2984345, 1286873, 547557, 228594	FALSE
ASV_16327	1312089;1312103;1312105, 627966	FALSE
ASV_16348	2681651;2681652, 49128, 34588, 2954167, 6413, 153516, 153508	FALSE
ASV_1636	181122;2315894	TRUE
ASV_16389	1312089;1312103;1312105	TRUE
ASV_1641	35677, 35677;44463	FALSE
ASV_16411	1920008, 367565, 2602924, 367565;368946	FALSE
ASV_16438	1401190;1401191;1401192, 1401189, 1401188, 1401165, 36892	FALSE
ASV_1644	1010543, 1010474;1010503;1010513;1010526	FALSE
ASV_16549	676789, 156133, 284976;284978;284979;284980;284981;284982	FALSE
ASV_16552	5970, 943929, 414539, 470084, 82109, 43229, 406760, 1016849, 1934166, 1541177, 979981, 980154, 510255, 510257, 422618, 254056, 1933427, 348802, 364773, 348802;1933427, 43214, 1709941, 91927, 1715222, 626126, 293231, 293230, 293229, 293227, 2479500, 856651, 856652, 856654, 673160, 856653, 134355, 91924, 1541146, 651694, 1033840, 1180673, 241713, 446025, 86051, 2161709, 468072, 85185, 45095, 82110	FALSE
ASV_16578	1312089;1312103;1312105	TRUE
ASV_16585	1010633, 1052096, 1707700, 70808, 887106, 29919, 887089, 887071;887074;887084;887090;887094;887098, 29917;887083;887086;887092;887100;887101, 29918, 1933429, 1970646, 1970641, 891392, 470178, 470177, 92950, 470174, 2116638, 887100, 887098, 2116637, 2116636, 2116646, 887100;2116635, 1758467, 394564;2116646, 394564, 887095, 887073;887095, 241845, 1970649, 1052092, 2116633, 2116632, 29917;887100, 29917, 887085, 241845;887084;887095;887100, 1970645, 1338630, 1338630;2116637, 643907, 2036922, 2016220, 553858, 2888283, 3096637, 3068972, 2965083, 2965082, 2965081, 3068973, 3058887, 887103, 470175, 1758474, 1758473, 1758471, 1758461, 1707700;1747447, 161657, 2950976, 887083, 2917120, 2917119, 450181, 1290348, 1290352, 1268280, 990654, 890382, 879688, 29917;92950;237183, 672500, 487641, 396515;487634, 480351, 480345, 411511, 411510, 422712, 422710, 422702, 422701, 422700, 422714, 422711, 422709, 422708, 422707;1933429, 422706, 422705;1933429, 422704, 422703, 181049, 2745721, 879689, 1225209, 447242, 1052091, 1052096;2116636, 1758464, 2116631, 1756098, 887075;887100, 2116643, 887100;2116634, 1049285, 1758469, 2116642, 2116639, 1758420, 1758476, 470174;1758475, 887075, 1747449, 1116207, 166634;1116206;1116209;1116210, 887104, 887107, 70808;887107, 29919;70808;887107, 887100;887106, 887071, 887072, 887091, 93488;166633;470175;1338630, 29917;166633;887073;887075;887086;887095;887100;1338630;2116634;2116642;2116643, 887074;887085;887088;887094;887098;887102;887104, 706564, 93488, 1338630;2116631, 887100;887106;2116634, 887075;887095;2116634, 29917;887075;887095;887100;1758471;2116643, 643908, 643906, 634219, 29917;887103, 1758475, 1508237, 887098;1970641, 330883, 166633, 887093, 29917;887086;1747448, 470175;1338630, 1758412, 102000, 1758465, 798209, 237180, 2116640, 92950;1052096, 395010	FALSE
ASV_16586	2068653, 1587505, 1696063, 59669, 1172625;2874390, 796689, 578235, 412444;1027268	FALSE
ASV_16690	2984361, 2984353, 2984356, 2984355;2984366, 2984355, 2984365, 2984350, 2984357, 699227, 2984346, 699235, 2984345, 459342, 210735	FALSE
ASV_1679	2591690, 2820086, 268821, 268820, 268820;268821	FALSE
ASV_16820	97485, 1430388, 2812485, 35144, 156182, 44453, 284789, 284788, 156181;284787;284792, 284783, 284759;424548, 284805, 284756, 284755, 97484, 97492, 127547, 1615609	FALSE
ASV_16907	1000985, 1000986, 119481, 284730, 284693;284726;284727;284729	FALSE
ASV_16992	2219862, 2984361, 2984353, 2984356, 2984355;2984366, 2984355, 2984365, 2984350, 2984357, 699227, 2984346, 699235, 2984345, 547557	FALSE
ASV_17058	2932746, 5493, 5493;170513, 1891166	FALSE
ASV_17094	627963;1816783	TRUE
ASV_17205	1312089;1312103;1312105	TRUE
ASV_173	4929, 27299, 4929;27326, 4959, 66948, 1853546, 304223, 374178, 27296, 58627, 2019545, 28549, 1276930, 1592528, 522693, 5476, 1468585, 45501, 45502, 304220, 422766, 422808, 422807, 422796, 422792, 422785, 422784, 422781, 422777, 422776, 422761, 193123, 45504, 58641, 58627;148098, 28551, 27306, 45516, 27297, 28555, 269486, 154314, 271284, 271268, 45549, 4929;374178, 717894, 4959;170514, 4959;58641, 234573, 87747, 271272, 979893, 1891166, 4932, 1117292, 1134511, 1117293, 4911, 271266	FALSE
ASV_17359	1859866;1859871, 1859836;1859880, 1859823;1859827;1859830, 1859765;1859767, 1859738;1859749;1859797, 2030969	FALSE
ASV_17393	2715082, 112509, 2030758, 2030757, 1161186, 591211, 862984, 179661, 1197756, 3090694, 3090693, 3090692, 3090691, 3090690, 3090689, 3090688, 3090687, 3090686, 1569453, 862985, 1569454, 591212, 145982, 3090684, 3090683;3090685, 3090682, 3090681, 2933819, 2933818, 862999, 145980, 387603, 591219, 280852, 548148, 863006, 548150, 387592, 863024, 2796462, 4568, 2922417, 4491, 4498, 1243775, 85692, 4577, 29686	FALSE
ASV_17411	1312089;1312103;1312105	TRUE
ASV_17419	1859892, 1859877, 1859813;1859894, 1859724;1859737;1859773;1859780;1859891, 1817491, 1817490, 1817489, 1817488, 1817487, 1817486, 1817485, 1817493;1817494;1859755;1859776;1859835, 1817511, 1817510, 1817484, 1817483, 1817482, 1817481, 1817480, 1817479, 1817478, 1817477;1859808;1859821;1859918	FALSE
ASV_17435	1859813;1859894, 1817491, 1817490, 1817489, 1817488, 1817487, 1817486, 1817485, 1817493;1817494;1859755;1859776;1859835, 1817511, 1817510, 1817484, 1817483, 1817482, 1817481, 1817480, 1817479, 1817478, 1817477;1859808;1859821;1859918	FALSE
ASV_17439	1312089;1312103;1312105, 627966	FALSE
ASV_17452	373003;373004;373005;373006;373007;373008;373009;373013;373014;373015;373016;373026	TRUE
ASV_17460	1812945, 2750018, 2750017, 2750015, 2750014, 2750016, 2856740, 2857040, 2856741, 2857044, 2857042, 162068, 2856738, 2856739, 1885201;1885202;1885203;1885204;1885211	FALSE
ASV_17554	298418;1109175	TRUE
ASV_17620	1859892, 1859877, 1859813;1859894, 1859796, 1859795;1859893, 1859745, 1859724;1859737;1859773;1859780;1859891, 1817491, 1817490, 1817489, 1817488, 1817487, 1817486, 1817485, 1817493;1817494;1859755;1859776;1859835, 1817511, 1817510, 1817484, 1817483, 1817482, 1817481, 1817480, 1817479, 1817478, 1817477;1859808;1859821;1859918	FALSE
ASV_17644	2041817, 2041816, 2041815, 2041814, 2843, 2590921, 267567, 216823, 1503408, 1907792, 1198650, 1030539;1030546, 1030545, 1030544, 1030543, 1030542, 1030540, 866888, 866887, 866886, 866885, 866884, 866879, 866878, 866871, 619279, 619278, 619277, 216762;267567;1030547;1030548;1030549, 267566, 41457	FALSE
ASV_17686	1312089;1312103;1312105	TRUE
ASV_177	2601838, 656076, 2570378, 1326985, 478423, 4491, 1326984, 6116, 1499594, 1499606, 1499612, 1350352, 2763134, 2760912, 2777157, 2760912;2777157, 396345, 1147133, 1143169, 856769, 856790, 856780, 656079, 656064, 656065, 656063, 656070, 396333, 396344, 51821, 491812, 2652724, 171246, 87731, 86610, 2861277, 656068, 478420, 1720311, 478392	FALSE
ASV_17726	907947, 4798, 126844, 36331, 1448053, 1602131, 1448060, 373630, 944635, 529119, 241406, 190219, 795340, 214887, 126845, 340183, 221743, 220750, 1489741, 82952, 231958, 2125998, 82933, 946373, 126846, 1049196, 2711120, 82950, 2125995, 186163, 480029;480030, 92964	FALSE
ASV_1796	1162089;1193138, 1162085	FALSE
ASV_18008	1921136, 266819, 266818;266820	FALSE
ASV_18037	48599, 48600;1628730, 1628730, 2757712	FALSE
ASV_18038	316189, 316178;316206;2721093	FALSE
ASV_18099	2153463, 67593, 4788;67593	FALSE
ASV_18116	4113, 4097, 165789, 1520274, 451527, 28526, 4109, 4081, 49451, 205567, 205524, 4111, 4096, 113210, 112883, 45834, 4079, 33114, 4072, 221454, 73575, 80379, 103871, 195583, 4084, 172263, 682313, 136614, 80418, 875672, 172790;875673;1050191;2650462, 1050191, 329760, 119830, 115666, 205582, 374009, 85692, 315347	FALSE
ASV_18152	317135, 768643, 317129, 768645, 88116, 317132, 317137, 317131, 1196302, 333673, 2857398, 44398, 40204, 187451, 44398;187451;2857394;2857398, 134902, 221976, 768642, 2748195, 317130	FALSE
ASV_1822	1274662, 144291;1274662	FALSE
ASV_18281	944169, 1312089;1312103;1312105, 227990, 227988, 170833	FALSE
ASV_18320	627963;1816783	TRUE
ASV_18356	1312089;1312103;1312105	TRUE
ASV_18385	1655519, 2961, 160604;261828;261829	FALSE
ASV_18410	860581;860582	TRUE
ASV_18438	99931, 31340;62308, 62308, 31340, 31340;62302, 62303, 62303;62310;62311;62312;99931;1205903, 62318	FALSE
ASV_1845	2984361, 2984356, 2984355;2984366, 2984355, 2984365, 2984350, 2984357, 699227, 2984346, 699235, 2984345	FALSE
ASV_18467	160389, 5599, 45303, 1715220, 29911, 216837, 119957, 160436, 119927, 119927;156630, 1439753, 1111114, 1494915;1702016, 1230485, 877200, 600396, 422734, 216860, 135859, 119925, 216847, 216846, 216845, 5599;156630;216844, 119927;216842;216843, 119927;160389;167741;216841;216848, 45300, 156630, 1187918, 1460663, 1110543, 390888, 245171, 230010, 5599;1110544, 1110541;1715220, 167740, 1579463	FALSE
ASV_18529	676789, 156133, 284976;284978;284979;284980;284981;284982	FALSE
ASV_18543	2856;1655539	TRUE
ASV_18569	676789, 156133, 284976;284978;284979;284980;284981;284982	FALSE
ASV_18606	145522, 43925, 286791, 651207;1147737, 651206;1147737, 120807, 43926, 405649;1147737, 405647, 91345;1147737, 91344, 44426, 72522;145522;1027358	FALSE
ASV_18613	557761, 1483210, 589950, 308566, 557761;589949, 1262055, 589953, 1262067, 589946, 1262082, 6096, 1262088, 1262083	FALSE
ASV_18682	907947, 126844, 1602131, 795340, 214887, 126845, 340183, 221743, 220750, 82933, 946373, 126846, 1049196, 480029;480030	FALSE
ASV_18695	156133, 284976;284978;284979;284980;284981;284982	FALSE
ASV_187	70095, 1295605, 69773, 5081, 1343394, 69779, 70792, 63822, 261906, 62690, 3101662, 1799502, 2998137, 2998136, 303237, 5075, 858606, 480332, 29914, 96007, 3062420, 1562000, 416450, 1507553, 70106, 1354861, 1354859, 1585414;1585415, 70105, 69783, 69777, 69771, 2606520, 1263194, 2547484, 1167548, 2015546, 121612, 1328044, 1167568, 1850974, 1343409, 2795747, 176176	FALSE
ASV_18806	1859735;1859793;1859916	TRUE
ASV_18840	2984361, 699233, 2861142, 699226, 2984356, 2984355;2984366, 2984355, 2984365, 2984350, 2984357, 699227, 2984346, 699235, 2984345, 210735	FALSE
ASV_18857	676789, 156133, 284976;284978;284979;284980;284981;284982	FALSE
ASV_18868	676789, 156133, 284976;284978;284979;284980;284981;284982	FALSE
ASV_18930	1817456, 1817455, 1817454;1859847;1859873	FALSE
ASV_18958	1471208, 2932, 2926, 2925, 1126604, 1126602, 1126601, 1041877, 1041877;1126601;1126602;1126603;1126604, 1126609, 1126608, 1126610, 1126605;1126607;1126608;1126609;1126610	FALSE
ASV_19064	1312089;1312103;1312105, 627966, 87105, 87103	FALSE
ASV_1910	676789, 156133, 284976;284978;284979;284980;284981;284982	FALSE
ASV_1916	181122, 1171684, 1171683, 1171682, 1171680, 1171679, 1171677, 1171669;1171676, 1171675, 1171672;1171673, 1171671, 1171670, 1171674, 252315, 70448, 1171681	FALSE
ASV_19193	1859892, 1859877, 1859813;1859894, 1859796, 1859795;1859893, 1859745, 1859724;1859737;1859773;1859780;1859891, 1817491, 1817490, 1817489, 1817488, 1817487, 1817486, 1817485, 1817493;1817494;1859755;1859776;1859835, 1817511, 1817510, 1817484, 1817483, 1817482, 1817481, 1817503;1817504, 1817480, 1817479, 1817478, 1817477;1859808;1859821;1859918	FALSE
ASV_19196	1312089;1312103;1312105, 672125, 627966, 87105, 87103	FALSE
ASV_19299	97485, 2903, 1856765, 280463, 2812485, 35144, 44453, 2903;38817;1663125, 284783, 38817;284784;284790, 97484	FALSE
ASV_1931	1683870, 1684125, 2927301, 2927306, 2836773, 2778049, 324891, 1809752, 1809752;2836770, 120984	FALSE
ASV_19329	43335, 3694, 139772, 97441, 350423, 91168, 212925, 28974, 1777514, 1777511, 1777507, 687724, 687762, 687774, 1777498, 3981, 3691, 1234509, 706696, 4035, 28955, 3993, 504260, 38846, 79760, 2982173, 1041262, 154407, 1574139, 1041249, 1574138, 1041245, 1001111, 1041233, 2980637, 371859, 1326905, 549777, 1041216, 867466, 1041197, 308214, 3986, 85223, 3435, 119261, 369424, 3988, 84005, 2739907, 1239736, 2944825, 2944824, 2739902, 1281337, 1138368, 2739915, 2739903, 2739893, 212840, 2739900, 1281379, 2891243, 216493, 213055, 212874, 216479, 212310, 212889, 212964, 529579, 398634, 2792850, 2792849, 2792851, 1129485, 3527, 1580013, 1580009, 29725, 3983, 54955, 2049523, 136122, 2746698, 128608, 155291, 344079, 460778, 2746700, 2707112, 2049519, 460771, 325534, 2745557, 1358798, 2745556, 2745555, 155290, 2745554, 2745580, 119264, 460785, 460789, 2604098, 317043, 155300, 1679399, 128653, 684741, 2745553, 1780284, 1686250, 1679290, 325533, 1679292, 397098, 1053125, 1358795, 2745579, 344095, 460784, 943099, 128681, 344078, 1043459, 684742, 943101, 2745551, 344105, 325536, 2745550, 2039882, 136111, 2745549, 2745546, 155303, 2739897, 2739911, 1281367, 2739909, 2739905, 2739908, 2739899, 2739912, 212973, 212859, 142860, 1281378, 334704, 2739896, 2740666, 2739898, 2739895, 216492, 352217, 1138352, 2739919, 213009, 2739916, 1281373, 213007, 2739901, 1281382, 334703, 1281374, 1281385, 213010, 1281410, 1281408, 334705, 1281371, 1281369, 213008, 1281360, 2739903;2739907, 1281372, 316814;1281358, 1138368;1281379, 1281337;2891243, 2739913, 2739914, 2739894, 111571, 2735985, 2735990, 85860, 2735986, 3415, 86738, 2735983, 86751, 86746, 44926, 152188, 111569, 3410, 2735973, 85857, 101471, 3414, 3406, 86722, 152192, 85868, 86749, 86741, 85855, 85865, 85864, 349509, 702081, 702076, 590026;702081, 590026, 128683;702077;702080;702083, 580376;590032;702075;702078;702079;702082;702084;702087;702088;702089;702090, 80863, 3690, 444604, 73824, 46107, 46146, 115631, 124817, 3589, 261450, 261449;261450, 61141, 251681, 324812, 66636, 4009, 324811, 324810, 324803, 137220;137221;137226;240185, 108433, 81488, 74884, 132547, 54456, 54454, 16969, 85290, 58872, 112819, 85199	FALSE
ASV_19346	265524;281058, 435404, 396043, 265524	FALSE
ASV_19372	1000990, 119497, 119497;119529, 284699	FALSE
ASV_1957	186038, 1969918, 186040, 186038;186040, 210449	FALSE
ASV_19601	1312089;1312103;1312105, 627966	FALSE
ASV_19607	35677, 35677;44463	FALSE
ASV_19682	1707700, 798209, 395010, 904126, 1457147, 1457145, 1457144, 1457149, 1457143;1457146, 92950, 161657, 29917, 1457148, 1701991	FALSE
ASV_19730	35677, 35677;44463	FALSE
ASV_19765	627963;1816783	TRUE
ASV_19772	860581;860582, 859216	FALSE
ASV_19954	51282;279642	TRUE
ASV_20020	2023261, 483013, 1904441, 1879320, 664426, 1870901, 2547404, 2212373, 1903071, 267, 1389005, 2434, 2067820, 1913661, 1972512, 335975, 74348, 420999, 287098, 1265309, 1872125, 1907202, 1812363, 1812362, 1812361, 1812360, 1770516, 379347, 42443, 184748, 1917866, 1658621, 1631233, 1604056, 1382802, 2955316, 1125964, 1343159, 666509, 1524257, 1486859, 1386909, 1265702, 59779, 1435347, 1342300, 1342299, 375451, 1277116;1277118, 1277117, 1268488, 1268473, 1206439, 1211243, 1211250;1211251, 1337093, 1180343, 1173077, 1126953, 364200, 340021, 1049199, 391595, 882651, 762213, 744221;1211270, 715180, 687527, 456874, 670886, 670884;670885, 658057, 641797, 641689, 641792, 641787, 641789;641799, 641536, 641503, 640213, 564165, 564166;564167, 564110, 529506, 454657, 493618, 493617, 482497, 441092, 405437, 392430, 245188, 269141, 269134, 219013, 219008, 197015, 196157, 336292, 349775, 290796, 290791, 290790;290794, 290786, 187400, 113002, 81569, 90746, 90743, 83399, 792648, 1812357, 1812356, 65151, 225362, 1180342, 1159424, 1859406, 1859405, 1159425, 196799, 196796, 314211, 135807, 1672992, 1159428, 1159427, 377102	FALSE
ASV_20068	1312089;1312103;1312105, 627966	FALSE
ASV_20101	1010543, 1010474;1010503;1010513;1010526	FALSE
ASV_20206	676789, 156133, 284976;284978;284979;284980;284981;284982	FALSE
ASV_20264	1817474, 1817473;1859800;1859849	FALSE
ASV_20303	156133, 284976;284978;284979;284980;284981;284982	FALSE
ASV_20342	1312089;1312103;1312105, 1079765, 627966, 87105	FALSE
ASV_20344	1204331, 1204330, 1204305, 1204304, 1204326;1204327, 95549, 638949, 116183, 316610, 261891, 502784, 261894, 261892, 95551, 95550	FALSE
ASV_20393	676789, 156133, 284976;284978;284979;284980;284981;284982	FALSE
ASV_20429	1312089;1312103;1312105	TRUE
ASV_20494	39449, 71860, 2968077, 1290334, 257771, 257771;260685	FALSE
ASV_20510	1905833, 236787, 236787;1411684, 3075301, 464225, 1606602, 1606603	FALSE
ASV_20652	1762843;1921830	TRUE
ASV_20694	676789, 156133, 284976;284978;284979;284980;284981;284982	FALSE
ASV_2070	148996, 149009, 149008, 149007, 184760, 149001;184759, 149001	FALSE
ASV_2072	1302141, 5755;5756;5757	FALSE
ASV_20792	236046, 236043, 236042, 154791, 210169, 236049, 210184, 236048, 210196, 333338, 1525657, 236051, 679155, 236050, 210195, 210193, 1366851, 236045;333338, 658079, 236045, 236044;236045, 390681, 626804, 1171660, 357428;357429, 1171661, 7193, 357422, 630744, 630748, 357430, 7194, 7192, 2082274, 588769, 210185, 210198	FALSE
ASV_2084	39449, 71860, 2968077, 1290334, 257771, 1286874, 492573, 257771;260685	FALSE
ASV_20887	1511720, 1064563, 1064563;1207032, 464990, 77927, 77925, 464988	FALSE
ASV_20951	5756, 146752, 2081466, 2056182, 196913, 860593, 860594;937841;937842;1164818;1164819, 1164815;1164816;1164817, 1164813;1164814, 5755, 1215611, 1215610, 1215608, 1518726, 1518720, 1518718, 1518717, 1518716, 1518707, 1518706, 1518704, 1518711, 1518708, 1518714, 1518713, 763037, 768047, 1408270, 1408269, 943204, 943202, 5757, 5756;931370, 931369, 931368, 931365, 931364, 931363, 931362, 5756;931371, 931360, 5756;931359, 931357, 931356, 931355, 931354, 931327, 931324, 5756;931322, 931321, 931320, 931319, 931351, 931350, 931349, 931348, 931347, 931346, 931345, 931343, 931341, 931340, 931338;931339, 931336, 931335, 931334, 649568, 553528, 447794, 447793, 507739, 408881, 408880, 408879, 408876, 408874, 416411, 416410, 416409, 416416, 416415, 416414, 416412, 405253, 405252, 405250;405251, 348804, 334544, 196912, 202919, 32599, 305838, 305837, 305833, 305830, 305829, 305828, 172893, 306367, 306365, 306364, 306350, 306348, 306345, 306344, 306329, 213246, 213245, 213244, 213243, 213242, 213240, 213239, 217564, 215574, 215573, 215571, 215569, 215568, 215566, 215565, 215563, 215561, 167755, 156883, 156882, 152330, 152329, 152328, 146750, 146751, 65660, 61605, 65669, 65666, 61607, 61606, 225840, 196961, 196960, 196915, 32600, 305835, 55750, 215575, 1043734, 931358, 328359, 379404, 379403, 238784, 1675013, 29195, 1504734, 886587, 886586, 931366, 552497, 161760, 161758, 65661	FALSE
ASV_2099	2984361, 2984353, 2984356, 2984355;2984366, 2984355, 2984365, 2984350, 2984357, 699227, 2984346, 699235, 2984345, 459342, 210735	FALSE
ASV_20995	94289, 1262446, 152449, 94289;1262448, 1262448, 200597	FALSE
ASV_21065	156133, 284976;284978;284979;284980;284981;284982	FALSE
ASV_21097	231603;1468208	TRUE
ASV_21244	5756, 146752, 2081466, 2056182, 196913, 5755, 1215611, 1215610, 1215608, 763037, 1408270, 1408269, 943204, 943202, 447794, 447793, 507739, 408880, 408879, 408876, 408874, 416411, 416410, 416409, 416416, 416415, 416414, 416412, 405253, 405252, 405250;405251, 348804, 334544, 5757, 196912, 202919, 32599, 305838, 305837, 305833, 305830, 305829, 305828, 172893, 306367, 306365, 306364, 306350, 306348, 306345, 306329, 213246, 213245, 213244, 213243, 213242, 213239, 215576, 215574, 215573, 215571, 215569, 215568, 215566, 215565, 215563, 215561, 167755, 156883, 156882, 146750, 146751, 65660, 65669, 65666, 61607, 225840, 196961, 196960, 196915, 61605, 32600	FALSE
ASV_2126	231603;1468208	TRUE
ASV_21270	1312089;1312103;1312105	TRUE
ASV_21273	2019374, 2019373, 162140, 162140;2019373	FALSE
ASV_21544	231603;1468208	TRUE
ASV_2158	2984361, 2984356, 2984355;2984366, 2984355, 2984365, 2984350, 2984357, 699227, 2984346, 699235, 2984345	FALSE
ASV_21658	479279, 245079, 37710, 479173, 479286, 479279;479281, 479127;479278, 479274, 748165, 2562680, 748163, 748156, 748155, 1425296, 479278, 748154, 3098960	FALSE
ASV_2170	246752, 1582111, 1582110;1582145, 462885, 98291;1582111, 98291, 462886	FALSE
ASV_21793	1920008, 367565, 2602924, 367565;368946	FALSE
ASV_21919	2066033, 1720109, 1720110, 1169002;1967944, 1967943, 1050079, 626736, 1169005	FALSE
ASV_2194	2913298;2913300, 2729375	FALSE
ASV_2200	9685, 61156, 5059, 9739, 10117, 76717, 9515, 1280, 9657, 9555, 10090, 61853, 9711, 9728;9731;9733;9767;27606;27610;27615;48708;90247;575201;2746895, 30522, 9915;30522;30532, 9483, 9544, 9598, 9593, 9565, 72004, 132908, 10141, 9606, 9940, 9544;9565;9986, 9597;9598;9606;9986, 51338, 9906, 27606, 30532, 9925, 10047, 9731, 9365, 2746895, 98922, 29065, 61862, 42410, 39082, 9666, 27615, 9978, 77932, 9361, 575201, 143292, 9915, 59451, 62283, 9737, 9767, 346063, 9595, 68408, 9590, 9597, 83538, 9988, 42254, 29078, 1884717, 9430, 9691, 9470, 37181, 9986, 9913, 109678, 60746, 257877, 99487, 9733, 1705790, 109475, 540482, 10092, 61388, 89248, 9662, 9423, 9447, 46844, 9541, 51337, 9669, 9793, 452646, 9860, 37029, 1574408, 546, 9689, 5763, 9823;9986, 9615, 130825, 9978;130825, 143291, 39432, 10116, 60711, 27675, 9657;9662;9666;9678;9689;9694;9720;29088;32536;34884;34886;36723;61383;61384;61388;61452;452646, 9823, 27622, 9407, 59474, 10029, 89462, 99174, 94643, 9874, 136201, 9606;9986, 9749, 415978, 89673, 1965090, 9606;9796;10118, 72407, 36723	FALSE
ASV_22057	980135, 2033587, 2587882, 2587881, 1541146, 470460;470461;470462, 535988	FALSE
ASV_22086	1312089;1312103;1312105, 627966	FALSE
ASV_22110	2856;1655539	TRUE
ASV_2254	2231603, 5530, 948311, 1913368, 169388, 767781, 767780, 2082518, 767784, 767782, 12942, 281366, 45280, 282062, 935215, 132112, 114497, 1826648, 1826647, 1826646, 2591472, 2719324, 935214, 1701997, 29916, 86545, 1479616, 1479615, 89141, 1166462, 37998, 73501, 153663, 568076, 568076;1076439, 1278899, 1650735, 169041, 500148, 1076439, 500148;1076439, 1036732, 1610689, 1041093, 797268, 594547, 132577, 73499, 468837, 411504, 422670, 422669, 422668, 422649, 422719, 422454, 422473, 422639, 422636, 422449, 422459, 983339, 93591;93593;2714763, 93593, 45847, 218633, 192419, 192418, 192417, 343855, 330378, 2714763, 170722, 170721, 112014, 170723, 219212, 43265, 131074, 129524, 94215, 652033, 159277, 72233, 1756136, 5530;176275, 228610, 2747958, 2747970, 1610694, 1709941, 150358, 327576, 281371, 509128, 132115, 281368, 281374, 132583, 2231603;2259046, 536328, 5530;1650735, 5530;500148, 3096638, 1585995, 1165860, 1715234, 1856740, 129582	FALSE
ASV_230	620489, 529148, 37469, 529209, 1763832, 1446102, 529288, 529286, 1763831, 2546068, 221998, 717732, 993108, 529148;529209	FALSE
ASV_2339	46472, 1220201, 5065, 1220207, 75750, 469277, 480341, 423005, 1701990, 46472;1701989, 46472;176179, 1220191, 1902614, 1220208, 1695224, 1220192, 1220210, 453568	FALSE
ASV_2346	587151, 2572475, 37541, 31216, 2528149, 2528152, 2528154, 1660408, 2528148, 128473, 1841164, 1838169, 1838172, 1838164, 167137, 1838202, 1934738, 1838232, 1838187, 1841157, 1838213, 1841505, 1838215, 1841166, 128461;1838183;1838184;1838250;1841155;1841156;1841503;1841504;2723832, 1838161;1838162, 1838163, 1838253, 1838175, 1838251;1838252, 2591852, 3038943, 2682043, 620271, 211817, 1229240, 1027429;1229225;1229227, 1229227, 1229224;1233413, 1088904, 1088903, 1525238, 1088892, 1073845, 128449, 488499, 1088895, 620741, 2039348, 1088891, 473433;906712, 517413, 553710, 1340144;1340147, 576586, 2675411, 906713, 473490, 906743, 473576, 473610, 542569, 906720, 481893, 620487, 1934733, 703304, 176853, 692601, 765049, 2588146, 1838214, 2589646, 906741, 906835, 906756, 1077455, 473497, 1077457, 542576, 571867, 473606, 906732, 439604, 906731, 1077451, 692602, 3055487, 473595	FALSE
ASV_2355	1010633, 1052096, 1707700, 70808, 887106, 29919, 887089, 887071;887074;887084;887090;887094;887098, 29917;887083;887086;887092;887100;887101, 1933429, 1970646, 1970641, 891392, 470178, 470177, 92950, 470174, 2116638, 887100, 887098, 2116637, 2116636, 2116646, 887100;2116635, 1758467, 394564;2116646, 394564, 887095, 887073;887095, 241845, 1970649, 1052092, 2116633, 2116632, 29917;887100, 29917, 887085, 241845;887084;887095;887100, 1970645, 1338630, 1338630;2116637, 29918, 643907, 2036922, 2016220, 553858, 2888283, 3096637, 3068972, 2965083, 2965082, 2965081, 3068973, 3058887, 887103, 470175, 1758474, 1758473, 1758471, 1758461, 1707700;1747447, 161657, 2950976, 887083, 2917120, 2917119, 450181, 1290348, 1290352, 1268280, 990654, 890382, 879688, 29917;92950;237183, 672500, 487641, 396515;487634, 480351, 480345, 411511, 411510, 422712, 422710, 422702, 422701, 422700, 422714, 422711, 422709, 422708, 422707;1933429, 422706, 422705;1933429, 422704, 422703, 181049, 2745721, 879689, 1225209, 447242, 1052091, 1052096;2116636, 1758464, 2116631, 887075;887100, 1756098, 2116643, 887100;2116634, 1049285, 1758469, 2116642, 2116639, 1758420, 1758476, 470174;1758475, 887075, 1747449, 1116207, 166634;1116206;1116209;1116210, 887104, 887107, 70808;887107, 29919;70808;887107, 887100;887106, 887071, 887072, 887091, 93488;166633;470175;1338630, 29917;166633;887073;887075;887086;887095;887100;1338630;2116634;2116642;2116643, 887074;887085;887088;887094;887098;887102;887104, 706564, 93488, 1338630;2116631, 887100;887106;2116634, 887075;887095;2116634, 29917;887075;887095;887100;1758471;2116643, 643908, 643906, 634219, 29917;887103, 1758475, 1508237, 887098;1970641, 330883, 166633, 887093, 29917;887086;1747448, 470175;1338630, 1758412, 102000, 1758465, 237180, 2116640, 92950;1052096, 798209	FALSE
ASV_2419	2856;1655539, 463621, 33645, 210448, 216799, 33649, 186022, 232514	FALSE
ASV_2461	8262;8267, 244450, 255560, 106175, 8262, 8260, 446415, 172659, 195623, 195615, 56726, 143345	FALSE
ASV_2506	2041817, 2041816, 2041815, 2041814, 2843, 267567, 1503408, 1198650, 1030539;1030546, 1030545, 1030544, 1030543, 1030542, 1030540, 866888, 866887, 866886, 866884, 866879, 866878, 866871, 216762;267567;1030547;1030548;1030549, 267566, 41457	FALSE
ASV_2593	2877763, 100951, 480361, 422603, 422602, 422600, 422599, 387916, 5211, 89929, 89916, 92953;92956;100951, 271369, 312471, 104416, 104414, 1231661, 2046349, 92953	FALSE
ASV_266	27292, 4932, 114524, 1987369, 1080349, 55601, 230603, 1911677, 1969575, 580240, 27291, 559292, 226230, 1165456, 226126, 1294332, 1294330, 1294329, 1294328, 1294327, 1294326, 1294325, 1294324, 1294323, 1294322, 1294321, 1294320, 1294319, 1294318, 1294317, 1294316, 1294315, 1294314, 1294313, 1294312, 1294311, 502869, 1294310, 947044, 468558, 947042, 1294309, 1294307, 1294306, 1294305, 1294304, 1294303, 1294388, 1294387, 1294385, 1294384, 1294383, 1294382, 1294381, 1294380, 1294379, 1294378, 1294376, 1294375, 1294374, 1294373, 1294372, 1294371, 1294370, 1294369, 1294368, 1294367, 1294366, 1294365, 1294364, 1294363, 1294362, 1294361, 1294360, 1294359, 1294358, 1294357, 1294356, 1294355, 1294354, 1294353, 1294352, 1294351, 1294350, 1294349, 1294348, 1294347, 1294346, 1294345, 1294344, 1294343, 1294342, 1294341, 1294340, 1294339, 1294338, 1294337, 1294336, 1294335, 1294334, 1294333, 1293430, 1292971, 1296266, 1294331, 4931, 5541, 4932;559292, 4932;559292;1247190, 4932;580240, 1220494, 643680, 226125, 32630, 367816, 117530, 261971, 200335, 114526, 114524;114525, 4932;209285;559292, 4931;27291, 202946, 4931;230603, 676026, 676024, 4950, 676023	FALSE
ASV_2723	316200;2015892	TRUE
ASV_2769	97485, 2903, 1856765, 280463, 2812485, 35144, 44453, 2903;38817;1663125, 284783, 38817;284784;284790, 97484	FALSE
ASV_2788	231603;1468208	TRUE
ASV_2832	29729, 140035, 354049, 354045, 83955, 354034, 3013920, 353935, 353977, 354071, 2029556, 1005653, 2099438, 2099437, 2056452, 2099436, 353925, 2099434, 2099433, 2099431, 2056451, 2056450, 2099430, 2099428, 2099427, 1676596, 2099426, 2099424, 2099423, 2056449, 2099421, 2099420, 2099419, 1779341, 2099418, 2099417, 2099416, 353922, 2056448, 2099415, 354011, 2099413, 2099410, 2099409, 2056447, 2056446, 2056445, 2099408, 2056444, 354008, 2099405, 2099404, 2652604, 2724788, 2724791, 2724785, 2724751, 2652513, 2724755, 2724754, 2724752, 2724750, 572236, 2724753, 301346, 651549, 2724793, 2724792, 2932487, 2652649, 1806642, 2724790, 2724955, 2724762, 2652685, 2724789, 2652549, 2724954, 2724953, 2652529, 2724787, 2724952, 2724786, 2652508, 2724777, 2652493, 2724784, 2724783, 2724782, 2724781, 2724780, 2724779, 2724778, 34284, 573, 29730, 47615, 197924, 185002, 3092764, 2652495, 2652683, 3092763, 2652676, 2528950, 3092762, 2528942, 3092761, 3092760, 2528952, 3092759, 3092756, 2528949, 2529245, 2528949;2529245, 3641, 2862204, 165345, 3004043, 690755, 73683, 1685555, 1685553, 859317, 3040088, 3040089, 1685549, 1685548, 1685547, 714472, 1685546, 141318, 141317, 197815, 932108, 3019644, 3019643, 74695, 3019642, 3019641, 3019518, 168488, 168507, 2965494, 2965493, 2508839, 28540, 2965492, 2029625, 168500, 714454, 1902460, 168494, 69056, 168493, 1503305, 2965491, 2965490, 1902473, 1902458, 1902486, 2965489, 2820035, 1902462, 2056412, 2056411, 1902468, 2965488, 2056413, 1902457, 168503, 2567862, 1503306, 168499, 168497, 168491, 332109, 3656, 2965323, 2965285, 2965284, 2529244, 2652463, 925377, 29818, 185001, 2818482, 82423, 263848, 82425, 286086, 495260, 714890, 197828, 101999, 101993, 101994, 197914, 101992, 197809, 411227, 197800, 101996, 2675923, 101995, 101997, 197794, 197791, 101998, 263979, 39321, 50469, 3668, 3635, 159434, 170555, 596493, 2652537, 577428, 2292707, 2652630, 2652653, 2652629, 2652657, 2652560, 2652477, 2652616, 2652620, 2652660, 2652505, 2652488, 2528951, 2652551, 2652553, 2652478, 2528944, 2652538, 2652467, 796002, 2652466, 2652564, 2652510, 2652481, 2651881, 2652626, 2652607, 378412, 1793945, 2652468, 2652540, 2652485, 2652659, 2652605, 2652475, 255894, 2652521, 2652497, 2652645, 2652504, 2652455, 2652470, 2652580, 2652522, 2652541, 2652514, 2652500, 2652614, 2652486, 2652625, 2652601, 2652561, 2652594, 2652648, 2652482, 2652487, 2652612, 2652646, 2652637, 2652511, 2652515, 2652512, 2652650, 2652503, 2652602, 2652492, 2652621, 2652524, 2652507, 2652573, 2652506, 2652578, 2652474, 2652473, 2652627, 2652484, 2652597, 2652563, 2652589, 2652542, 2652639, 2652558, 1806640, 2652640, 2652554, 2652548, 2652613, 2652543, 2652552, 2652571, 2652494, 2652574, 2652615, 2652499, 2652610, 2652525, 2652570, 2652569, 2652531, 2652638, 2652562, 2652634, 2652544, 2652567, 2652593, 2652539, 2652534, 2652611, 2652528, 2652527, 2652606, 2652658, 2652652, 2652598, 2652550, 2652509, 2652583, 2652622, 2652454, 2652592, 2652572, 2652496, 2652530, 2652547, 2652577, 2652483, 2652654, 2652628, 2652452, 2652465, 2652498, 2652656, 2652655, 2652647, 2652644, 2652557, 2652619, 378414, 255891, 2652523, 2652651, 1619497, 2652608, 2652576, 2652453, 2652469, 133304, 86640, 2652536, 2652556, 2528956, 2652675, 2652698, 2652588, 2652591, 2652517, 2652643, 572237, 2652518, 2652458, 2652596, 2652681, 2652546, 2652464, 2652669, 2652668, 2652533, 2652684, 2652459, 2652456, 2652461, 2652480, 2652688, 2652462, 2652457, 2652502, 2652490, 2652686, 2652582, 2652689, 2652460, 2652633, 2652693, 2652696, 2652600, 2652678, 2528933, 2652671, 2652585, 2652667, 2652697, 2652631, 2652680, 2652700, 2652694, 2652636, 2652692, 2652682, 2652687, 2652472, 2652520, 2652624, 2652672, 2652587, 2652699, 2652566, 2652701, 2652579, 2652491, 2652609, 1211595, 2651911, 2651909, 2651908, 644191, 172266, 165330, 174553, 240950, 669305, 338572, 491161, 183266, 588207, 229543, 183258, 364682, 62976, 34298, 3679, 254159, 328388, 244770, 48242, 328385, 66662, 82408, 34297, 34299, 44762	FALSE
ASV_2854	2219862, 2984361, 2984356, 2984355;2984366, 2984355, 2984365, 2984350, 2984357, 699227, 2984346, 699235, 2984345, 210735	FALSE
ASV_2861	331079, 105881, 72723, 105881;462866;462868	FALSE
ASV_2913	2984361, 699233, 2861142, 699226, 2984356, 2984355;2984366, 2984355, 2984365, 2984350, 2984357, 699227, 2984346, 699235, 2984345, 210735	FALSE
ASV_2953	156182, 284789, 156181;284787;284792, 284759;424548, 284805, 284756, 284755, 97492, 127547, 1615609, 373042, 35139, 424531, 424530, 418937, 424526, 221442, 35137	FALSE
ASV_2956	2590921, 1907792, 2590921;2590922	FALSE
ASV_2988	1312089;1312103;1312105	TRUE
ASV_308	2015895, 2015894, 1366059, 316203, 500023, 316177, 499908, 499907, 2837385, 316211, 168756, 2747905, 316226, 316191, 316177;316209;316211, 645351	FALSE
ASV_3103	1920008, 367565, 2602924, 367565;368946	FALSE
ASV_3241	519246, 200279, 887148, 887147, 145852, 2056071, 199745, 2715088, 2056069, 145850, 2715087, 4608, 464070, 145848, 2056062, 98750, 650149, 37724, 445137, 116551, 2715086, 2056052, 2056050, 211957, 145842, 145840, 464041, 145838, 2715081, 2715085, 1227977, 4556, 906889, 464034, 2358306, 112509, 4565, 345914, 345912, 1940274, 366488, 366476, 3917, 52152, 6689, 2038770, 2038769, 1747705, 399722, 665525, 665499, 39947, 159298, 416025, 1892228, 640618, 1443526, 3105834, 2030759, 2030756, 2030755, 2030754, 2030752, 2030751, 1892227, 87477, 2030750, 470288, 376137, 2030749, 391975, 1440556, 2030748, 388721, 2030747, 366486, 1159240, 2030746, 345913, 2030744, 446913, 222563, 28479, 640591, 1793980, 100810, 366483, 366482, 1793977, 366481, 1211477, 376127, 29679, 1440522, 366478, 2030743, 2030742, 2030740, 2030741, 1440529, 1440528, 2030730, 1735965, 1440527, 1440526, 2030725, 1642856, 2030721, 2030718, 2030717, 2030716, 2896444, 2030714, 2030712, 2030710, 2030708, 2030706, 2030705, 2030704, 2030703;2030713, 2030703, 2030699, 549216, 2030697, 2030695, 2030694, 2528740, 2030692, 2030691, 2030690, 1440524, 2030684, 2030683, 37723, 511983, 391962, 2030682, 258806, 1000416, 2030681, 395286, 497293, 2030680, 2030732, 2030679, 640614, 376118, 570168, 2030678, 535810, 640613, 2030677, 570167, 640610, 1853057, 2030673, 395285, 2030672, 1898930, 2030671, 1853056, 446143, 2030669, 29668, 640619, 446142, 2030667, 669640, 2030666, 1891462, 2030665, 1155255, 2030663, 640602, 2030661, 389630, 640600, 640601, 2030660, 1617934, 4498, 389629, 52139, 286619, 391980, 2030656, 286491, 96047, 1159253, 63632, 345920, 345918, 2030652, 345916, 2030651, 2030650, 345915, 204232, 2030649, 39946, 1771142, 146640, 4530, 318049, 4568, 4491, 40148, 29695, 1478600, 1243769, 1478599, 4529, 65489, 4538, 4537, 4528, 40149, 4538;65489, 2998809, 4530;39946, 4522, 2969168, 2705378, 145847, 2969167, 145844, 464045, 2969166, 254158, 2056037, 464037, 211946, 2939664, 89674, 89676, 89678, 944502, 52153, 2056060, 2939658, 29677, 2939657, 89679, 4606, 2907183, 1343465, 2907173, 55777, 55762, 55763, 52137, 55767, 2907180, 2907179, 468976, 55769, 1708984, 55771, 2907175, 52147, 1560087, 2907174, 254125, 2550840, 2550839, 55770, 55773, 52150, 37721, 55764, 4572, 200361, 85692, 218142, 4577, 38689, 4550, 568980, 49769, 4521	FALSE
ASV_3278	566470, 566471, 584795, 2739030;2739031	FALSE
ASV_3289	39449, 71860, 2968077, 1290334, 257771, 257771;260685	FALSE
ASV_3361	2219862, 2984361, 2984356, 2984355;2984366, 2984355, 2984365, 2984350, 2984357, 699227, 2984346, 699235, 2984345	FALSE
ASV_3456	5535, 86837, 480360, 422901, 422895, 387914, 1563423, 154312;154313, 86836, 29898, 1853554	FALSE
ASV_3457	230603, 27291, 4932, 4931, 4931;230603	FALSE
ASV_3483	1817456, 1817455, 1817454;1859847;1859873	FALSE
ASV_3499	2932, 2926, 1471208, 1126608, 1126608;1126609, 1126608;1126610, 1126610, 1126607;1126608;1126609;1126610	FALSE
ASV_3638	944169, 1312089;1312103;1312105, 227990, 227988, 170833	FALSE
ASV_3660	35677, 35677;44463	FALSE
ASV_368	35677, 35677;44463	FALSE
ASV_37	2057234, 1891244, 626736, 1891239, 1229648, 1229646, 1176383, 1133700, 180940, 2066033, 1720110, 1169002;1967944, 1967943, 1050079, 1169005, 1720109	FALSE
ASV_3741	1312089;1312103;1312105, 1896767	FALSE
ASV_3787	156133, 284976;284978;284979;284980;284981;284982	FALSE
ASV_381	181122;2315894	TRUE
ASV_3826	1622187, 378370, 1209997, 2589650, 1675620, 2866817, 2841288;2870510, 2866818	FALSE
ASV_395	447208;497816	TRUE
ASV_396	2041817, 2041816, 2041815, 2041814, 2843, 267567, 1503408, 1198650, 1030539;1030546, 1030545, 1030544, 1030543, 1030542, 1030540, 866888, 866887, 866886, 866884, 866879, 866878, 866871, 216762;267567;1030547;1030548;1030549, 267566, 41457, 866885, 619279, 619278, 619277, 1198651, 1030541, 866877, 866883, 866882, 866876, 2041818;2041819, 866881, 866874;866875, 866872, 1537841, 1764970	FALSE
ASV_4018	1395598, 622430;2099571	FALSE
ASV_4095	2863862, 2864031, 2864030, 2863859, 1807087, 2863862;2864026, 2863862;2864025	FALSE
ASV_4123	35677, 35677;44463	FALSE
ASV_4144	3016982, 2881280, 1519773, 2836766;2836767, 2836765, 2836763, 2836761, 2836759, 2836758, 324890, 2183544, 2836762, 2836760	FALSE
ASV_4151	1920008, 367565, 2602924, 367565;368946	FALSE
ASV_419	1295634, 416578, 1050079, 641209, 180941, 1967940, 1168997;1967940, 1168997, 1050084	FALSE
ASV_4244	104409, 89934, 1592525, 104409;104417;104670, 5210, 2011925, 2011694, 2046349, 104417	FALSE
ASV_4250	1198971, 143670, 1695222, 1691974, 1691973, 71861, 1652117, 1655535, 631048, 160611, 858356, 289378, 284798;284799;284802, 284797	FALSE
ASV_4260	1010543, 1010474;1010503;1010513;1010526	FALSE
ASV_4406	8014, 29151, 137520, 61084, 89573, 182228, 89573;182228, 182227	FALSE
ASV_4472	676789, 156133, 284976;284978;284979;284980;284981;284982	FALSE
ASV_4513	71516, 6526, 158987, 112527, 112525, 1511519, 981056, 112526, 1922199, 271030, 1469671, 1536767, 1080724, 1529684, 1042464, 1536738, 1536741, 1536740, 1536743, 1529682, 1470013, 1470012, 1470010, 1470008, 1249887, 2823525, 112528, 106804, 52793, 483039, 31228, 55699, 161078, 2529398, 129831, 142891, 6500, 6523;55699, 6523, 980444, 980443, 271031, 240818, 1042462, 884218, 884220, 283763, 142894, 142893, 159021, 153466, 159020, 159266, 159265, 159264, 159019, 112524, 159018, 142889, 142890, 158988, 50959, 158986, 158985, 259548, 157134, 52931, 76188, 71498, 520981, 1470009, 649607, 643550, 637518, 2547651, 637517, 643551;2547651, 500109, 431600, 356481, 6503, 259647, 259646;500109, 6504, 1470011, 999252, 999255;999281, 999253;999254, 999246, 999245, 999236, 999244, 191791, 999243, 1492912, 981063, 356479, 999250, 1301079, 191807, 191805, 419059, 419058, 419017, 419057, 2723822	FALSE
ASV_4529	3711, 3708;3711, 3726, 3712, 3917, 72664, 52824, 138011, 3708, 1940530, 3707, 240228, 282304, 328428, 36774, 109379, 3715, 3716, 3710, 51350, 51351, 93385, 50452, 311941, 157165, 13288, 65948, 478944, 203583, 161756, 171822, 37661, 693862, 1965129, 109996, 349956, 220483, 1078588, 2730892, 2730878, 2593442, 2730877, 2730879, 2730875, 1891461, 2730876, 2730856, 537194, 664068, 2771266, 744030, 359888, 253199, 2771207, 2259845, 264431, 359857, 763973, 359838, 2771263, 2771262, 2771261, 663977, 253202, 2771260, 253200, 2259843, 98020, 2771259, 253198, 537123, 104256, 3730	FALSE
ASV_4658	2116589, 2116587;2116588;2116589;2116590;2116591, 2116587, 2812566, 2126355, 34154	FALSE
ASV_4660	35128, 35128;49265;265564;340023;1268954, 159749, 83371	FALSE
ASV_4667	2984361, 2984356, 2984355;2984366, 2984355, 2984365, 2984350, 2984357, 699227, 2984346, 699235, 2984345, 699236	FALSE
ASV_4737	2903, 1856765, 1486463, 280463, 2611280, 2748608, 2903;38817;1663125, 38817;284784;284790	FALSE
ASV_4858	1312089;1312103;1312105	TRUE
ASV_4888	286661, 2711334, 1707699, 1351454, 161671, 766057, 1707702, 2587885, 2587883, 561301, 710217, 286617, 1968695, 438356, 1707704, 1351444, 1351450, 1329199, 438388, 438385, 438383, 2082556, 797084, 1200937, 1194968, 1201119, 1200929, 706536, 161666, 3110712, 122368, 1873354, 1873353, 1873343, 378545, 1873298, 991776, 1873290, 1873278, 112498, 1873362, 1873364, 1873363, 1905586, 858804, 1873247, 1873268, 1873356, 1873357, 1873355, 1873242, 135778, 1873239, 1849140, 1849139, 1849138, 1849137, 1849107;1849136, 1849134, 1849124, 1849123, 357752, 1849122, 1849120, 1849118, 29695, 2983568, 2983569, 1341203, 360892, 557971, 883115, 2973643, 2967236, 215465, 2929575, 858772, 369946, 1518417, 286663, 1515577, 1414638, 1414631, 1414688, 2060155, 687962, 179343, 2589798, 2822299, 2860820, 2822291, 2822290, 1354307, 132095, 1268281, 131340, 1933429, 1933446, 508917, 2059980, 706171, 706170, 705924, 687971, 687970, 470080, 706145, 1352298, 705919, 501584, 438363, 685502, 705915, 687960, 706581, 2059853, 687953, 111012, 307163, 438350, 237192, 438341, 2059775, 2059764, 131346, 1629917, 651689, 1352022, 266401, 215468, 237588, 266411, 266409, 470082, 360896, 131336, 179345, 179342;179344, 133175, 630509, 2059835, 687958, 2059803, 179335;179343, 242515, 706141, 706140, 1431917, 161661, 179336, 131342, 1457359, 131341, 131344, 2059809, 112489, 237076, 237466, 2754511, 237550, 706553, 487646, 337446, 512020, 1873267, 1351932, 215463, 487645, 487644, 487640, 215469, 215462, 706555, 487637, 2059797, 1431918, 215467, 179333, 447492, 253295, 331466, 529468, 2094524, 1873349, 1238934, 1238922, 933102, 1238921, 1238181, 1849135, 1238937, 179340;357752;1238248;1238902, 1348182, 1243845, 1246968, 1238936, 1238935;1238946, 1238933;1246978, 84275, 1238925, 1238920, 1238919, 1238901, 1238890;1238926, 1238170, 132184;438341;1238899;1238900, 122368;132184;179340;1238181;1238949;1238950, 1238945, 1238944, 1238927, 132184;1238178, 564083, 564080, 2060169, 2060013, 2060012, 564079, 564078, 2059985, 858828, 1034861, 1051330, 564085, 1873323, 3068948, 1276525, 2075364, 1125868, 215479, 1125867, 2059792, 531804, 2926294, 1093202, 2060077, 688220, 2060159, 608823, 2059983, 1358862, 161670	FALSE
ASV_4901	1198971, 143670, 1695222, 1691974, 1691973, 71861, 1652117, 1655535, 631048, 160611, 858356, 289378, 284798;284799;284802, 284797, 1333877	FALSE
ASV_4981	1312089;1312103;1312105, 627966	FALSE
ASV_502	236787, 1905833, 236787;1411684, 3075301, 464225, 1606602, 1606603	FALSE
ASV_5106	94630, 172567, 1220549, 513066, 1560676, 1560672, 1560671, 1560670, 1560679, 1560678, 1325305, 1560668, 1560667, 1560666, 1560664, 1232802, 1560653, 429428, 1414657, 1560686, 1560675, 1560673, 1560656, 1072557;1560674, 1560663, 1560652, 1562270, 1254451, 1560660, 1560662, 1560661, 1560683, 1226277, 183195, 516879, 1560657, 37709, 516881, 1194743, 1194742, 1194740, 1194739, 1194737, 1194735, 1194734, 1194733, 1194731, 1194729, 217704, 217703, 509924, 432355, 32276, 261889, 261885, 1732093, 261882, 110524, 261876, 110520, 1380541, 1197702, 432352, 432350, 432348, 767803, 432346, 1511619, 433672, 432341, 432339, 1487353, 794811, 432344, 1560681, 240496, 1486012, 1486010, 1486011, 1486026, 1486009, 1486008, 1486002, 1486005, 1486004, 1485997, 1485996, 1485995, 1486025, 1485994, 1485992;1486024, 1485993, 1486020, 1485992;1485994;1486020;1486024, 1485991, 1485990, 1485989	FALSE
ASV_5150	39449, 71860, 2968077, 1290334, 257771, 257771;260685	FALSE
ASV_52	6550, 40252, 6549, 2840390;2840391;2840392;2840393;2840394, 2840387;2840389, 2840388, 2840382, 6551, 29158	FALSE
ASV_5205	4929, 27299, 4929;27326, 4959, 66948, 1853546, 304223, 374178, 27296, 58627, 2019545, 28549, 1276930, 1592528, 522693, 5476, 1468585, 45501, 45502, 304220, 717894, 422766, 422808, 422807, 422796, 422792, 422785, 422784, 422781, 422777, 422776, 422761, 193123, 45504, 58641, 58627;148098, 28551, 27306, 45516, 27297, 28555, 4959;170514, 4959;58641, 269486, 154314, 271284, 271268, 45549, 4929;374178, 234573, 87747, 271272, 979893, 1891166, 4932, 1117292, 1134511, 1117293, 4911, 271266	FALSE
ASV_5209	2984361, 2984353, 2984356, 2984355;2984366, 2984355, 2984365, 2984350, 2984357, 699227, 2984346, 699235, 2984345, 2820086, 210735	FALSE
ASV_5210	1582117;1582120;1582138;1582139, 1582122, 1299289;1299290, 457647, 1548726	FALSE
ASV_5213	1920008, 367565, 2602924, 367565;368946	FALSE
ASV_5246	1390100, 316194;1390099, 316192;316193, 316170	FALSE
ASV_525	284968, 156122;284971, 1905848, 1522444, 1764237;1764239, 464278, 1764240	FALSE
ASV_526	1204331, 1204330, 1204305, 1204304, 1204326;1204327, 95549, 638949, 116183, 316610, 261894, 261892, 261891, 95551, 95550, 502784	FALSE
ASV_5320	1312089;1312103;1312105, 627966	FALSE
ASV_5329	1000990, 119497, 119497;119529, 284699	FALSE
ASV_5371	2734677, 2734675;2734676, 177238, 2734675, 576632	FALSE
ASV_5375	39449, 71860, 2968077, 1290334, 257771, 257771;260685	FALSE
ASV_5486	1312089;1312103;1312105, 627966, 87105, 87103	FALSE
ASV_5504	43335, 3694, 139772, 97441, 350423, 91168, 212925, 28974, 1777514, 1777511, 1777507, 687724, 687762, 687774, 1777498, 3981, 3691, 1234509, 706696, 4035, 28955, 3993, 504260, 38846, 2982173, 1041262, 154407, 1574139, 1041249, 1574138, 1041245, 1001111, 1041233, 2980637, 371859, 1326905, 549777, 1041216, 867466, 1041197, 308214, 3986, 85223, 3435, 119261, 369424, 3988, 84005, 2739907, 1239736, 2944825, 2944824, 2739902, 1281337, 1138368, 2739915, 2739903, 2739893, 212840, 2739900, 1281379, 2891243, 216493, 213055, 212874, 216479, 212310, 212889, 212964, 529579, 398634, 2792850, 2792849, 2792851, 1129485, 3527, 1580013, 1580009, 29725, 3983, 54955, 2049523, 136122, 2746698, 128608, 155291, 344079, 460778, 2746700, 2707112, 2049519, 460771, 325534, 2745557, 1358798, 2745556, 2745555, 155290, 2745554, 2745580, 119264, 460785, 460789, 2604098, 317043, 155300, 1679399, 128653, 684741, 2745553, 1780284, 1686250, 1679290, 325533, 1679292, 397098, 1053125, 1358795, 2745579, 344095, 460784, 943099, 128681, 344078, 1043459, 684742, 943101, 2745551, 344105, 325536, 2745550, 2039882, 136111, 2745549, 2745546, 155303, 2739897, 2739911, 1281367, 2739909, 2739905, 2739908, 2739899, 2739912, 212973, 212859, 142860, 1281378, 334704, 2739896, 2740666, 2739898, 2739895, 216492, 352217, 1138352, 2739919, 213009, 2739916, 1281373, 213007, 2739901, 1281382, 334703, 1281374, 1281385, 213010, 1281410, 1281408, 334705, 1281371, 1281369, 213008, 1281360, 2739903;2739907, 1281372, 316814;1281358, 1138368;1281379, 1281337;2891243, 2739913, 2739914, 2739894, 111571, 2735985, 2735990, 85860, 2735986, 3415, 86738, 2735983, 86751, 86746, 44926, 152188, 111569, 3410, 2735973, 85857, 101471, 3414, 3406, 86722, 152192, 85868, 86749, 86741, 85855, 85865, 85864, 349509, 702081, 702076, 590026;702081, 590026, 128683;702077;702080;702083, 580376;590032;702075;702078;702079;702082;702084;702087;702088;702089;702090, 80863, 3690, 444604, 73824, 46107, 46146, 115631, 124817, 3589, 261450, 261449;261450, 61141, 251681, 324812, 66636, 4009, 324811, 324810, 324803, 137220;137221;137226;240185, 108433, 81488, 74884, 132547, 54456, 54454, 16969, 85290, 58872, 112819, 85199, 60422, 87001	FALSE
ASV_5536	1817456, 1817455, 1817454;1859847;1859873	FALSE
ASV_5541	659514, 659513, 645706, 230562, 38281, 475174, 2601838, 656076, 2570378, 1326985, 478423, 4491, 3038936, 1326984, 6116, 1499594, 1499606, 1499612, 1350352, 2763134, 2760912, 2777157, 2760912;2777157, 396345, 1147133, 1143158, 1143169, 1143182, 856769, 856790, 856780, 656079, 656064, 656065, 656063, 656070, 396333, 396344, 51821, 491812, 2652724, 171246, 87731, 86610, 86627	FALSE
ASV_555	2932, 2926, 2925, 1471208, 1126604, 1126602, 1126601, 1041877, 1041877;1126601;1126602;1126603;1126604, 1126609, 1126608, 1126610, 1126605;1126607;1126608;1126609;1126610	FALSE
ASV_5655	1859752;1859760, 1859725;1859728	TRUE
ASV_5684	34305, 112509, 3469;34305, 4491, 163893, 4565, 304012, 1291289, 45061, 133901, 1291679, 1291225, 1225604, 407008, 1451292	FALSE
ASV_5692	156133, 284976;284978;284979;284980;284981;284982	FALSE
ASV_5712	1312089;1312103;1312105	TRUE
ASV_575	2926, 2932, 1126604, 1126602, 1126603, 1126601, 1041877, 1041877;1126602;1126604, 1041877;1126604, 1041877;1126601;1126602;1126604	FALSE
ASV_5757	230603, 27291, 4932, 4931, 4931;230603	FALSE
ASV_5813	77545, 3088, 3075448, 42693, 91193, 2583839, 1319901, 3079, 119574, 1207353, 2291721, 2050671, 2050668, 183309, 2038346, 269609, 1818610, 1818609;1818612, 1848534, 119572, 1962166, 55409, 2969959, 3076, 113532, 91205, 183313, 1774124;2026843;2661842, 104103, 1680638, 2780016, 1475464, 1475462;1475463, 795112, 1521722, 1497560, 1497562, 1458947, 1458949, 1458946, 1244706, 1244701, 1244727, 91197, 113522, 795111, 2650458, 795114, 183310, 226311, 202782, 113536, 91194, 113531, 113520;113529, 113529, 1432079, 1289354, 1432078, 2555454, 2555452;2555745, 2555458, 2555457, 2555742, 2555461, 2555459, 95581, 2555447, 152630, 2556065, 2556034, 2555760;2556090, 2555486, 2555456, 2555455, 2555462, 155396, 2692262, 2555990, 2556032, 2556063;2556064, 2556088, 2556037, 2556083, 2555769, 2555744, 2555740;2555741;2555989, 2555729;2555743, 2547788, 2547776, 2555465, 2555460, 2547787;2555453;2555749;2555756;2555770;2556076;2556080, 2556033, 2556087, 2556062;2556074, 2555755;2556081, 2555469, 2555463, 2555991, 2556086, 2556085, 2555488, 2064752, 2555988, 2555768, 2555464, 2556036, 2556071, 2555485, 1319898, 2556084, 2817429, 2491135, 2555992, 1758752, 2556073, 1319899, 2836739, 2583439, 2583440, 152631, 2034143, 3025908, 2770644, 1767069, 2589027, 1540952, 1298692, 2152963, 1538419, 2909984, 3081209, 2604508, 2666436, 2583441, 1767082, 1767101, 2874168, 2555445, 2555446, 1767102, 1767070, 77546, 2607454, 1767071, 3025391	FALSE
ASV_5817	186038, 1936265, 2775602, 37318, 37319, 186040, 186038;186040, 210449	FALSE
ASV_5834	2919510;2919511, 2919509	FALSE
ASV_5896	39449, 71860, 2968077, 1290334, 257771, 257771;260685, 298604	FALSE
ASV_5960	1312089;1312103;1312105, 627966	FALSE
ASV_5966	1312089;1312103;1312105, 672125, 627966, 87105, 87103	FALSE
ASV_6058	41300, 226320, 225408, 221626;265276;265277, 133490, 619271, 614189	FALSE
ASV_6120	92955, 92955;104405	FALSE
ASV_6159	2026442, 2026424, 178342, 178341, 41300, 226320, 225408, 221626;265276;265277, 133490, 178343	FALSE
ASV_6188	39449, 71860, 2968077, 1290334, 257771, 257771;260685	FALSE
ASV_6198	1884647, 77929, 2867501;2867506, 1326777, 295837, 302021, 1326766, 1326763, 3034	FALSE
ASV_6200	242159, 1930181, 181122, 1171684, 1171683, 1171682, 1171680, 1171679, 1171677, 1171669;1171676, 1171675, 1171672;1171673, 1171671, 1171670, 1171674, 70448, 436017, 252315	FALSE
ASV_6240	318448, 179117, 659875, 97700, 126820, 362788, 78630, 59883, 158604, 2563718, 73228, 122198, 158603, 73225, 122196, 1417791, 73221, 1888218, 2563717, 57694, 2563707, 1167265, 59882, 253081, 73208, 2563714, 73205, 59872, 163034, 73203, 59877, 1417779, 59884, 73198, 59873, 122187, 2563703, 158596, 122186, 122254, 253075, 73191, 1417776, 28968, 73188, 73187, 73186, 28967, 59866, 158591, 2563705, 2563708, 163018, 59870, 122191, 2563710, 158599, 253073, 253190, 253083, 122190, 2563706, 253197, 122257, 59869, 253191, 4029, 73212, 1881864, 4032, 73193, 253085, 122253, 1198090, 122185, 364522, 122193, 73201, 253074, 122189, 122188, 253076, 158592, 73200, 59871, 2563702, 73180, 122184, 2563715, 73195, 73190, 2563719, 2563728, 73181, 2563727, 73196, 73211, 163042, 163053, 163035, 2563716, 163043, 73207, 73218, 207710, 450003, 705347, 350433, 397401, 50174, 397384, 397382, 350429, 2517823, 23110, 349476, 60130, 859264, 58331, 109069, 253216, 2004888, 2004887, 1671029, 109063, 3516, 2004886, 1671028, 1671027, 492571, 1052851, 3518, 237954, 182331, 182329, 2021135, 107827, 55373, 335940, 125047, 107821, 129297, 55371, 1938279, 210373, 379955, 487684, 180772, 97441, 3975, 1317868, 50146, 3082571, 397373, 91168, 39468, 488216, 1885598, 1387641, 1487831, 1777513, 1777508, 1129499, 316893, 1777512, 316895, 1777501, 316669, 1777569, 1441922, 1123542, 423289, 1619557, 1777518, 316898, 1777561, 1777568, 316741, 1777535, 1777528, 1777533, 1777550, 1620206, 1487842;1777532, 1777532, 1777551, 1777523, 1777565, 1777545, 1777558, 1777539, 1777553, 1777548, 316899, 398639, 687771, 1777540, 1777531, 1777520, 1777554, 1777542, 1777552, 1777564, 1777556, 1777529, 1777544, 1777566, 1777563, 1777519, 1487838, 1777559, 1777547, 1777549, 1777536, 1777537;1777560, 1777534, 1487843, 1777526, 1777524, 1777557, 316901, 1777494, 1777493, 316891, 398583, 4283, 13451, 486065, 486073, 182163, 3517, 103481, 3691, 1789066, 103484, 79760, 2879480, 2879479, 2879478, 2879477, 2879476, 1389742, 162690, 2879475, 2879474, 162689, 3085926, 2879472, 2879471, 162688, 162687, 162686, 2818404, 2879470, 1899099, 2879469, 162685, 508986, 2818402, 2818401, 1899098, 1899118, 207523, 38942, 270437, 270443, 270446, 270440, 985414, 998863, 270432, 270431, 19953, 4202, 669861, 213829, 28503, 13385, 1643853, 13510, 457265, 212879, 2909850, 1288323, 35972, 50113, 13417, 176864, 2739904, 1129971, 212962, 28930, 71402, 211712, 2767527, 211698, 2767521, 2767522, 211723, 211706, 2767525, 2767526, 211718, 2767524, 211704, 183948, 291096, 38787, 1161148, 135518, 367354, 85293, 3505, 3512, 191066, 105271, 38865, 12990, 49144, 175228, 125044, 162751, 180066, 54804, 378929, 449998;449999, 76025, 48248, 13651, 13500, 64689, 55226, 13405, 3625, 123447, 324809, 79765, 79759, 240183, 3806;180222, 167791;180222;180223, 51255, 1009504	FALSE
ASV_6335	1312089;1312103;1312105, 627966, 87105, 87103	FALSE
ASV_6342	2066654;2066655, 2066647	FALSE
ASV_6377	1312089;1312103;1312105	TRUE
ASV_6417	2066654;2066655, 2066647	FALSE
ASV_646	2060209, 290150, 159567;2060206, 159566, 3092289, 3092284, 429153, 169010, 149066, 48144, 290144, 102976, 150493, 290141;2060205, 209422, 290137, 159567, 149074, 209423, 290139, 290143	FALSE
ASV_6469	676789, 156133, 284976;284978;284979;284980;284981;284982	FALSE
ASV_6478	79252, 81920, 81925, 79295, 81925;2717396, 87900, 62705, 3055940, 1875067, 399677, 62728	FALSE
ASV_6523	2019374, 2019373, 162140, 162140;2019373	FALSE
ASV_6536	1885067, 115018, 1411933, 1177093, 1177087, 1177081, 1177114, 1177113, 1177112, 1177107, 1177071;1177072;1177085, 1177062, 124255, 115019, 457692	FALSE
ASV_6556	1312089;1312103;1312105	TRUE
ASV_6557	2571026, 2571027, 1762843;1921830	FALSE
ASV_6707	2598555, 2598532, 2836749, 1683870, 1684125, 2927301, 2927306, 2836774;2836775, 2836773, 2778049, 187758, 324891, 1809752, 1809752;2836770	FALSE
ASV_6739	1918581, 242753, 2859483, 1917252, 1917255, 242751, 126652, 1328857, 214970;351729, 983564, 242757, 63558, 214969, 174260, 2723977, 1263187, 214970, 242744, 1917279, 2201886, 1888187, 1888186;1888188;1888189, 498488, 1540034, 2282824, 351729, 1780396, 1540026, 46738, 465062, 1540024, 1540035, 1540036, 983576, 46694, 51051, 154327, 1540025, 242763, 983565, 242754, 242756, 1540029, 983589, 1540028, 51120, 242776	FALSE
ASV_6744	299778, 426078;426079;426080;426081;426082	FALSE
ASV_676	181122;2315894	TRUE
ASV_6795	1312089;1312103;1312105, 627966, 87105, 87103	FALSE
ASV_6808	39449, 71860, 2968077, 2963725, 1290334, 257771, 1162085, 1162089;1193138, 66471, 257771;260685	FALSE
ASV_6825	91925, 89940, 364773, 1367421, 1124240, 2082541, 1367422, 254056, 470107, 293227, 348802, 1718875, 212818, 863577, 91920, 856652, 856654, 569365, 1934175, 1934163, 1934162, 1934136, 1934127, 1934126, 1934122, 1766914, 2817109, 1715224, 1592555, 91922, 1755424, 43214, 86051, 1008253, 43229, 980159, 980151, 980150, 980134, 980130, 619307, 576865, 411505, 411503, 386627, 422616, 422615, 422611, 422610, 422619, 5970;254056, 241713, 52866, 82111, 82112, 82110, 40355, 82107, 39412, 43222, 43230, 45095, 86340, 66226, 43214;43226;43227;43229;85185	FALSE
ASV_6827	91925, 89940, 364773, 1367421, 1124240, 2082541, 1367422, 254056, 470107, 293227, 348802, 1718875, 212818, 863577, 91920, 856652, 856654, 569365, 1934175, 1934163, 1934162, 1934136, 1934127, 1934126, 1934122, 1766914, 2817109, 1715224, 1592555, 91922, 1755424, 43214, 86051, 1008253, 43229, 980159, 980151, 980150, 980134, 980130, 619307, 576865, 411505, 411503, 386627, 422616, 422615, 422611, 422610, 422619, 5970;254056, 241713, 52866, 82111, 82112, 82110, 40355, 82107, 39412, 43222, 43230, 45095, 86340, 66226, 43214;43226;43227;43229;85185	FALSE
ASV_6856	2068653, 1587505, 1696063, 59669, 1172625;2874390, 796689, 578235, 412444;1027268	FALSE
ASV_6892	5757, 1302133, 5755;5756;196960, 5756	FALSE
ASV_6927	1169003;1967941, 1169003	FALSE
ASV_6963	1817474, 1817473;1859800;1859849	FALSE
ASV_7095	1000985, 1000986, 119481, 284730, 284693;284726;284727;284729	FALSE
ASV_7164	484820, 347359, 1285977;1779056, 633082	FALSE
ASV_7201	1547544, 2777658, 1460665, 1921600, 1766917, 3082701, 3079369, 3068953, 3062416, 1881152, 2998135, 2984062, 2984061, 413604, 1696682, 1230507, 1230487, 1077260, 877345, 443224, 443223, 1859699, 422757, 422756, 422755, 422754, 422753, 422752, 422689, 422688, 422687, 422690, 422686, 45130, 125373, 259894, 214656, 45140, 3057775, 147566, 302269, 229243, 125370, 1755443, 1460663, 1932322, 300254;1932322, 2926841, 531906, 480339, 1463506, 2012047, 1892770, 1756109	FALSE
ASV_7203	82110, 85185, 45095, 1934131, 463730, 470449, 569364, 386627, 470441, 470451, 1367422, 293230, 293227, 40355, 254056, 569365;1124240, 348802, 863577;943929, 414539, 943929, 219601, 82107, 634201, 634199, 634196, 634194, 634192, 634191, 634190, 634186, 634185, 634184, 91925, 152767, 241713, 633452, 166641, 633449, 633448, 43227, 468112, 468114, 468117, 468105, 646005, 429477, 468101, 468099, 429474, 364727, 468090, 468085, 446025, 468083, 468074, 468070, 473367, 633446, 468110, 468108, 425112	FALSE
ASV_7225	1312089;1312103;1312105, 627966, 87105, 87103	FALSE
ASV_7264	27292, 4932, 114524, 1987369, 1080349, 55601, 230603, 1911677, 1969575, 580240, 27291, 559292, 226230, 1165456, 226126, 1294332, 1294330, 1294329, 1294328, 1294327, 1294326, 1294325, 1294324, 1294323, 1294322, 1294321, 1294320, 1294319, 1294318, 1294317, 1294316, 1294315, 1294314, 1294313, 1294312, 1294311, 502869, 1294310, 947044, 468558, 947042, 1294309, 1294307, 1294306, 1294305, 1294304, 1294303, 1294388, 1294387, 1294385, 1294384, 1294383, 1294382, 1294381, 1294380, 1294379, 1294378, 1294376, 1294375, 1294374, 1294373, 1294372, 1294371, 1294370, 1294369, 1294368, 1294367, 1294366, 1294365, 1294364, 1294363, 1294362, 1294361, 1294360, 1294359, 1294358, 1294357, 1294356, 1294355, 1294354, 1294353, 1294352, 1294351, 1294350, 1294349, 1294348, 1294347, 1294346, 1294345, 1294344, 1294343, 1294342, 1294341, 1294340, 1294339, 1294338, 1294337, 1294336, 1294335, 1294334, 1294333, 1293430, 1292971, 1296266, 1294331, 4931, 5541, 4932;559292, 4932;559292;1247190, 4932;580240, 1220494, 643680, 226125, 32630, 367816, 117530, 261971, 200335, 114526, 114524;114525, 4932;209285;559292, 4931;27291	FALSE
ASV_7277	676789, 156133, 284976;284978;284979;284980;284981;284982	FALSE
ASV_7292	1859892, 1859877, 1859813;1859894, 1859796, 1859795;1859893, 1859745, 1859724;1859737;1859773;1859780;1859891, 1817491, 1817490, 1817489, 1817488, 1817487, 1817486, 1817485, 1817493;1817494;1859755;1859776;1859835, 1817511, 1817510, 1817484, 1817483, 1817482, 1817481, 1817503;1817504, 1817480, 1817479, 1817478, 1817477;1859808;1859821;1859918	FALSE
ASV_73	91925, 89940, 364773, 1367421, 1124240, 2082541, 1367422, 254056, 470107, 293227, 348802, 1718875, 212818, 863577, 91920, 856652, 856654, 569365, 1934175, 1934163, 1934162, 1934136, 1934127, 1934126, 1934122, 1766914, 2817109, 1715224, 1592555, 91922, 1755424, 43214, 86051, 1008253, 43229, 980159, 980151, 980150, 980134, 980130, 619307, 576865, 411505, 411503, 386627, 422616, 422615, 422611, 422610, 422619, 5970;254056, 241713, 52866, 82111, 82112, 82110, 40355, 82107, 39412, 43222, 43230, 45095, 86340, 66226, 43214;43226;43227;43229;85185, 1934166, 980154, 1541177, 979981, 422618, 1016849, 510255, 510257, 1933427, 348802;1933427, 43226, 1709941, 91927, 626126, 293231, 1715222, 1970915, 2486360, 293230, 293229, 2479500, 856651, 673160, 856653, 134355, 1541146, 651694, 1033840, 1180673, 446025, 470084, 2161709, 468072, 85185	FALSE
ASV_7301	1198971, 143670, 1695222, 1691974, 1691973, 71861, 1652117, 1655535, 631048, 160611, 858356, 289378, 284798;284799;284802, 284797	FALSE
ASV_7320	27292, 4932, 114524, 1987369, 1080349, 55601, 230603, 1911677, 1969575, 580240, 27291, 559292, 226230, 1165456, 226126, 1294332, 1294330, 1294329, 1294328, 1294327, 1294326, 1294325, 1294324, 1294323, 1294322, 1294321, 1294320, 1294319, 1294318, 1294317, 1294316, 1294315, 1294314, 1294313, 1294312, 1294311, 502869, 1294310, 947044, 468558, 947042, 1294309, 1294307, 1294306, 1294305, 1294304, 1294303, 1294388, 1294387, 1294385, 1294384, 1294383, 1294382, 1294381, 1294380, 1294379, 1294378, 1294376, 1294375, 1294374, 1294373, 1294372, 1294371, 1294370, 1294369, 1294368, 1294367, 1294366, 1294365, 1294364, 1294363, 1294362, 1294361, 1294360, 1294359, 1294358, 1294357, 1294356, 1294355, 1294354, 1294353, 1294352, 1294351, 1294350, 1294349, 1294348, 1294347, 1294346, 1294345, 1294344, 1294343, 1294342, 1294341, 1294340, 1294339, 1294338, 1294337, 1294336, 1294335, 1294334, 1294333, 1293430, 1292971, 1296266, 1294331, 4931, 5541, 4932;559292, 4932;559292;1247190, 4932;580240, 1220494, 643680, 226125, 32630, 367816, 117530, 261971, 200335, 114526, 114524;114525, 4932;209285;559292, 4931;27291	FALSE
ASV_733	114071, 503039, 670708, 544705, 201685, 114067;134763, 507447, 114067, 134763	FALSE
ASV_7331	2877750, 2877747, 2877748, 2877751, 2877744, 2877745, 2877746, 2877738, 2877737, 183970, 4972, 1198485, 4979, 717517, 511232, 57473, 511225, 258469, 258470, 653106, 653105, 511231, 511229, 511227, 422945;422947, 422934, 235958, 183970;183971, 167899, 167156, 118573, 258468, 2012082, 267221	FALSE
ASV_7536	2889, 2691979, 2724434, 2212400, 2212401, 2137963, 88149, 416828, 416841, 88150, 416842, 169778, 2725949, 2725246, 3020498, 169788, 105409, 151514, 74381, 112507, 169782, 88159, 98221, 98220, 88149;88154, 88154	FALSE
ASV_7587	1817456, 1817455, 1817454;1859847;1859873	FALSE
ASV_7597	242159, 1930181, 181122, 1171684, 1171683, 1171682, 1171680, 1171679, 1171677, 1171669;1171676, 1171675, 1171672;1171673, 1171671, 1171670, 1171674, 70448, 436017, 252315, 98217, 95749	FALSE
ASV_7645	2865236, 2865232, 2865218, 2865393, 2865416, 546942, 2865312, 2865426, 1545973, 2865376, 2865256, 2865392, 2780352;2865228, 2780215, 2780251, 2780250, 1072023, 1072040, 2865480	FALSE
ASV_7671	27292, 4932, 114524, 1987369, 1080349, 55601, 230603, 1911677, 1969575, 580240, 27291, 559292, 226230, 1165456, 226126, 1294332, 1294330, 1294329, 1294328, 1294327, 1294326, 1294325, 1294324, 1294323, 1294322, 1294321, 1294320, 1294319, 1294318, 1294317, 1294316, 1294315, 1294314, 1294313, 1294312, 1294311, 502869, 1294310, 947044, 468558, 947042, 1294309, 1294307, 1294306, 1294305, 1294304, 1294303, 1294388, 1294387, 1294385, 1294384, 1294383, 1294382, 1294381, 1294380, 1294379, 1294378, 1294376, 1294375, 1294374, 1294373, 1294372, 1294371, 1294370, 1294369, 1294368, 1294367, 1294366, 1294365, 1294364, 1294363, 1294362, 1294361, 1294360, 1294359, 1294358, 1294357, 1294356, 1294355, 1294354, 1294353, 1294352, 1294351, 1294350, 1294349, 1294348, 1294347, 1294346, 1294345, 1294344, 1294343, 1294342, 1294341, 1294340, 1294339, 1294338, 1294337, 1294336, 1294335, 1294334, 1294333, 1293430, 1292971, 1296266, 1294331, 4931, 5541, 4932;559292, 4932;559292;1247190, 4932;580240, 1220494, 643680, 226125, 32630, 367816, 117530, 261971, 200335, 114526, 114524;114525, 4932;209285;559292, 4931;27291	FALSE
ASV_7672	27292, 4932, 114524, 1987369, 1080349, 55601, 230603, 1911677, 1969575, 580240, 27291, 559292, 226230, 1165456, 226126, 1294332, 1294330, 1294329, 1294328, 1294327, 1294326, 1294325, 1294324, 1294323, 1294322, 1294321, 1294320, 1294319, 1294318, 1294317, 1294316, 1294315, 1294314, 1294313, 1294312, 1294311, 502869, 1294310, 947044, 468558, 947042, 1294309, 1294307, 1294306, 1294305, 1294304, 1294303, 1294388, 1294387, 1294385, 1294384, 1294383, 1294382, 1294381, 1294380, 1294379, 1294378, 1294376, 1294375, 1294374, 1294373, 1294372, 1294371, 1294370, 1294369, 1294368, 1294367, 1294366, 1294365, 1294364, 1294363, 1294362, 1294361, 1294360, 1294359, 1294358, 1294357, 1294356, 1294355, 1294354, 1294353, 1294352, 1294351, 1294350, 1294349, 1294348, 1294347, 1294346, 1294345, 1294344, 1294343, 1294342, 1294341, 1294340, 1294339, 1294338, 1294337, 1294336, 1294335, 1294334, 1294333, 1293430, 1292971, 1296266, 1294331, 4931, 5541, 4932;559292, 4932;559292;1247190, 4932;580240, 1220494, 643680, 226125, 32630, 367816, 117530, 261971, 200335, 114526, 114524;114525, 4932;209285;559292, 4931;27291	FALSE
ASV_7676	1077367, 2053811, 2053810, 1075096, 2053784, 2053783, 2053782, 2053781, 2053780, 2053775, 1986180, 2053773, 45142, 45142;2053773, 2053808, 2053807, 2769039, 1571500, 3083149, 1425353, 2012457, 530567, 2864880, 331495, 2510232, 45143, 1077355, 1516108, 536343	FALSE
ASV_7681	1920008, 367565, 2602924, 367565;368946, 457876	FALSE
ASV_7799	627963;1816783	TRUE
ASV_7922	5885, 1633599, 5885;1683301	FALSE
ASV_795	856786, 478384, 2696295, 58804, 1742617, 1742613, 1742618, 1742612, 160216, 408858;1145092, 58804;160221;478396;1742615;1742617;1742618, 408858, 1145092	FALSE
ASV_7963	230603, 27291, 4932, 4931, 4931;230603	FALSE
ASV_7984	70095, 1295605, 69773, 5081, 1343394, 69779, 70792, 63822, 261906, 62690, 3101662, 1799502, 2998137, 2998136, 303237, 5075, 858606, 480332, 29914, 96007, 3062420, 1562000, 416450, 1507553, 70106, 1585414;1585415, 1354861, 1354859, 70105, 69783, 69777, 69771, 2606520, 2547484, 1263194, 1167548, 2015546, 121612, 1328044, 1167568, 1850974	FALSE
ASV_7995	1401190;1401191;1401192, 1401189, 1401188, 1401165, 36892	FALSE
ASV_8024	56723, 13489, 195611, 34816, 761803, 94946, 13489;94946;761803	FALSE
ASV_8048	230603, 27291, 4932, 4931, 4931;230603	FALSE
ASV_807	1010533, 1010473;1010490;1010542, 1010556	FALSE
ASV_8088	1859892, 1859877, 1859813;1859894, 1859796, 1859795;1859893, 1859745, 1859724;1859737;1859773;1859780;1859891, 1817491, 1817490, 1817489, 1817488, 1817487, 1817486, 1817485, 1817493;1817494;1859755;1859776;1859835, 1817511, 1817510, 1817484, 1817483, 1817482, 1817481, 1817480, 1817479, 1817478, 1817477;1859808;1859821;1859918	FALSE
ASV_8099	1312089;1312103;1312105, 627966	FALSE
ASV_8138	9685, 61156, 5059, 9739, 10117, 76717, 9515, 1280, 9657, 9555, 10090, 61853, 9711, 9728;9731;9733;9767;27606;27610;27615;48708;90247;575201;2746895, 30522, 9915;30522;30532, 9483, 9544, 9598, 9593, 9565, 72004, 132908, 10141, 9606, 9940, 9544;9565;9986, 9597;9598;9606;9986, 51338, 9906, 27606, 30532, 9925, 10047, 9731, 9365, 2746895, 98922, 29065, 61862, 42410, 39082, 9666, 27615, 9978, 77932, 9361, 575201, 143292, 9915, 59451, 62283, 9737, 9767, 346063, 9595, 68408, 9590, 9597, 83538, 9988, 42254, 29078, 1884717, 9430, 9691, 9470, 37181, 9986, 9913, 109678, 60746, 257877, 99487, 9733, 1705790, 109475, 540482, 10092, 61388, 89248, 9662, 9423, 9447, 46844, 9541, 51337, 9669, 9793, 452646, 9860, 37029, 1574408, 546, 9689, 5763, 9823;9986, 9615, 130825, 9978;130825, 143291, 39432, 10116, 60711, 27675, 9657;9662;9666;9678;9689;9694;9720;29088;32536;34884;34886;36723;61383;61384;61388;61452;452646, 9823, 27622, 9407, 59474, 10029, 89462, 99174, 94643, 9874, 136201, 9606;9986	FALSE
ASV_8169	3911, 57577, 471149, 47083, 47082, 3879, 932098, 20408, 3827, 3893, 861244, 83862, 70973, 47085, 3899, 97023, 97021, 3900, 20805, 1276791, 732116, 1552224, 3888, 70936, 53836, 3909, 347994, 202240, 157652, 83131, 158321, 158325, 158326, 119826, 158320, 158322, 158323;158324, 119829, 649199, 3880	FALSE
ASV_818	1714380, 1606541, 722754;1714387, 1411661	FALSE
ASV_820	1162085, 1162089;1193138	FALSE
ASV_8319	2231657;2598547;2598548, 1684122, 84085, 2777054	FALSE
ASV_8327	46605, 1762843;1921830	FALSE
ASV_8376	97485, 2903, 1856765, 280463, 2812485, 35144, 44453, 2903;38817;1663125, 284783, 38817;284784;284790, 97484	FALSE
ASV_8386	91925, 89940, 364773, 1367421, 1124240, 2082541, 1367422, 254056, 470107, 293227, 348802, 1718875, 212818, 863577, 91920, 856652, 856654, 569365, 1934175, 1934163, 1934162, 1934136, 1934127, 1934126, 1934122, 1766914, 2817109, 1715224, 1592555, 91922, 1755424, 43214, 86051, 1008253, 43229, 980159, 980151, 980150, 980134, 980130, 619307, 576865, 411505, 411503, 386627, 422616, 422615, 422611, 422610, 422619, 5970;254056, 241713, 52866, 82111, 82112, 82110, 40355, 82107, 39412, 43222, 43230, 45095, 86340, 66226, 43214;43226;43227;43229;85185	FALSE
ASV_8387	9643;9644, 9995;93162, 9644, 34880, 286419, 214514, 30640, 105255, 494514, 9612, 9615, 9615;286419	FALSE
ASV_8388	5065, 41067, 480330, 41749, 41900, 1588043, 482145, 41068, 2932460, 41750, 176172, 2663349, 2663351, 1904041, 41752, 1904038, 2608849, 1507544, 41901, 1232676, 446911, 34381;657443;1072270, 487661;1191702;1191711, 2813982, 41067;2813982, 1072270, 2932459, 2862507, 5053, 5061	FALSE
ASV_8427	1000985, 1000986, 119481, 284730, 284693;284726;284727;284729	FALSE
ASV_8464	2603224, 75301, 46723, 1455042, 1826299, 2747898, 1232264, 1232264;1826299, 1165365;2747898, 1165365, 351727, 1455036, 51062, 627012, 1455055, 1455049, 46722;351727, 627025, 541198, 46722	FALSE
ASV_8495	59425, 52995, 427493, 427491, 427490, 324507;427489, 427488, 200773;200774;427488, 93848, 38588, 1027858, 130434	FALSE
ASV_8561	1921132, 259040, 266818;266820	FALSE
ASV_857	2919510;2919511, 2919509	FALSE
ASV_8604	1962293, 749621, 500497, 749633, 749859, 1963356, 5454, 1755443, 2802321, 79605, 73002, 372025;487632;749633, 2698418, 672502, 749828, 749640, 1771302, 749872, 1881154	FALSE
ASV_8632	259040, 266818;266820	FALSE
ASV_8680	27292, 4932, 114524, 1987369, 1080349, 55601, 230603, 1911677, 1969575, 580240, 27291, 559292, 226230, 1165456, 226126, 1294332, 1294330, 1294329, 1294328, 1294327, 1294326, 1294325, 1294324, 1294323, 1294322, 1294321, 1294320, 1294319, 1294318, 1294317, 1294316, 1294315, 1294314, 1294313, 1294312, 1294311, 502869, 1294310, 947044, 468558, 947042, 1294309, 1294307, 1294306, 1294305, 1294304, 1294303, 1294388, 1294387, 1294385, 1294384, 1294383, 1294382, 1294381, 1294380, 1294379, 1294378, 1294376, 1294375, 1294374, 1294373, 1294372, 1294371, 1294370, 1294369, 1294368, 1294367, 1294366, 1294365, 1294364, 1294363, 1294362, 1294361, 1294360, 1294359, 1294358, 1294357, 1294356, 1294355, 1294354, 1294353, 1294352, 1294351, 1294350, 1294349, 1294348, 1294347, 1294346, 1294345, 1294344, 1294343, 1294342, 1294341, 1294340, 1294339, 1294338, 1294337, 1294336, 1294335, 1294334, 1294333, 1293430, 1292971, 1296266, 1294331, 4931, 5541, 4932;559292, 4932;559292;1247190, 4932;580240, 1220494, 643680, 226125, 32630, 367816, 117530, 261971, 200335, 114526, 114524;114525, 4932;209285;559292, 4931;27291	FALSE
ASV_8748	2919510;2919511, 2919509, 2728114, 2728115	FALSE
ASV_8767	91925, 89940, 364773, 1367421, 1124240, 2082541, 1367422, 254056, 470107, 293227, 348802, 1718875, 212818, 863577, 91920, 856652, 856654, 569365, 1934175, 1934163, 1934162, 1934136, 1934127, 1934126, 1934122, 1766914, 2817109, 1715224, 1592555, 91922, 1755424, 43214, 86051, 1008253, 43229, 980159, 980151, 980150, 980134, 980130, 619307, 576865, 411505, 411503, 386627, 422616, 422615, 422611, 422610, 422619, 5970;254056, 241713, 52866, 82111, 82112, 82110, 40355, 82107, 39412, 43222, 43230, 45095, 86340, 66226, 43214;43226;43227;43229;85185	FALSE
ASV_8770	27292, 4932, 114524, 1987369, 1080349, 55601, 230603, 1911677, 1969575, 580240, 27291, 559292, 226230, 1165456, 226126, 1294332, 1294330, 1294329, 1294328, 1294327, 1294326, 1294325, 1294324, 1294323, 1294322, 1294321, 1294320, 1294319, 1294318, 1294317, 1294316, 1294315, 1294314, 1294313, 1294312, 1294311, 502869, 1294310, 947044, 468558, 947042, 1294309, 1294307, 1294306, 1294305, 1294304, 1294303, 1294388, 1294387, 1294385, 1294384, 1294383, 1294382, 1294381, 1294380, 1294379, 1294378, 1294376, 1294375, 1294374, 1294373, 1294372, 1294371, 1294370, 1294369, 1294368, 1294367, 1294366, 1294365, 1294364, 1294363, 1294362, 1294361, 1294360, 1294359, 1294358, 1294357, 1294356, 1294355, 1294354, 1294353, 1294352, 1294351, 1294350, 1294349, 1294348, 1294347, 1294346, 1294345, 1294344, 1294343, 1294342, 1294341, 1294340, 1294339, 1294338, 1294337, 1294336, 1294335, 1294334, 1294333, 1293430, 1292971, 1296266, 1294331, 4931, 5541, 4932;559292, 4932;559292;1247190, 4932;580240, 1220494, 643680, 226125, 32630, 367816, 117530, 261971, 200335, 114526, 114524;114525, 4932;209285;559292, 4931;27291	FALSE
ASV_8780	749649, 2486720, 2719538, 749621, 318709, 318710, 522263, 135648, 1707701, 1858585, 255777, 749633, 2021021, 749835, 1756117, 73001, 259522, 749859, 2998132, 1414633, 749868, 73003, 1709941, 1881153, 105696, 134531, 577396, 107450, 487633, 487626, 749586, 1460663, 439459, 422451, 1132619, 28558, 1590832, 248483, 749634, 548649, 2074954, 2301242, 1911206, 749634;749872	FALSE
ASV_8798	2219862, 2984361, 2984356, 2984355;2984366, 2984355, 2984365, 2984350, 2984357, 699227, 2984346, 699235, 2984345, 1501395	FALSE
ASV_8859	156133, 284976;284978;284979;284980;284981;284982	FALSE
ASV_889	5756, 146752, 2081466, 2056182, 196913, 5755, 1215611, 1215610, 1215608, 763037, 1408270, 1408269, 943204, 943202, 447794, 447793, 507739, 408880, 408879, 408876, 408874, 416411, 416410, 416409, 416416, 416415, 416414, 416412, 405253, 405252, 405250;405251, 348804, 334544, 5757, 196912, 202919, 32599, 305838, 305837, 305833, 305830, 305829, 305828, 172893, 306367, 306365, 306364, 306350, 306348, 306345, 306329, 213246, 213245, 213244, 213243, 213242, 213239, 215574, 215573, 215571, 215569, 215568, 215566, 215565, 215563, 215561, 167755, 156883, 156882, 146750, 146751, 65660, 65669, 65666, 61607, 225840, 196961, 196960, 196915, 61605, 32600, 408881, 213240, 217564, 55750, 152330, 152329, 152328, 5756;931370, 931369, 931368, 931365, 931364, 931363, 931362, 5756;931371, 931360, 5756;931359, 931357, 931356, 931355, 931354, 931327, 931324, 5756;931322, 931321, 931320, 931319, 931351, 931350, 931349, 931348, 931347, 931346, 931345, 931343, 931341, 931340, 931338;931339, 931336, 931335, 931334, 1518707, 1518708, 553528, 768047, 1518718, 1518716, 1518726, 1518717, 1518711, 1518720, 1518706, 860593, 860594;937841;937842;1164818;1164819, 1164815;1164816;1164817, 1164813;1164814, 1518713, 1518714, 305835, 1043734, 328359, 238784, 29195, 931366, 552497, 65661	FALSE
ASV_8912	7241, 7229, 7237, 7226, 7238, 7238;7240, 7226;7238, 7226;7238;7240, 7234, 7220, 7227, 7282, 63433, 125945, 7260, 7240, 7243, 7245, 30025, 30023, 30023;103775, 481459, 129105	FALSE
ASV_8958	1884647, 77929, 2867501;2867506, 1326777, 295837, 302021, 1326766, 1326763, 3034	FALSE
ASV_8979	1064563, 1064563;1207032	FALSE
ASV_8989	2601838, 656076, 2570378, 1326985, 478423, 4491, 1326984, 6116, 1499594, 1499606, 1499612, 1350352, 2763134, 2760912, 2777157, 2760912;2777157, 396345, 1147133, 1143169, 856769, 856790, 856780, 656079, 656064, 656065, 656063, 656070, 396333, 396344, 51821, 491812, 2652724, 171246, 87731, 86610, 2861277, 656068, 478420, 1720311, 478392	FALSE
ASV_9006	89913, 5411;89926, 89926, 1390396	FALSE
ASV_9008	27292, 4932, 114524, 1987369, 1080349, 55601, 230603, 1911677, 1969575, 580240, 27291, 559292, 226230, 1165456, 226126, 1294332, 1294330, 1294329, 1294328, 1294327, 1294326, 1294325, 1294324, 1294323, 1294322, 1294321, 1294320, 1294319, 1294318, 1294317, 1294316, 1294315, 1294314, 1294313, 1294312, 1294311, 502869, 1294310, 947044, 468558, 947042, 1294309, 1294307, 1294306, 1294305, 1294304, 1294303, 1294388, 1294387, 1294385, 1294384, 1294383, 1294382, 1294381, 1294380, 1294379, 1294378, 1294376, 1294375, 1294374, 1294373, 1294372, 1294371, 1294370, 1294369, 1294368, 1294367, 1294366, 1294365, 1294364, 1294363, 1294362, 1294361, 1294360, 1294359, 1294358, 1294357, 1294356, 1294355, 1294354, 1294353, 1294352, 1294351, 1294350, 1294349, 1294348, 1294347, 1294346, 1294345, 1294344, 1294343, 1294342, 1294341, 1294340, 1294339, 1294338, 1294337, 1294336, 1294335, 1294334, 1294333, 1293430, 1292971, 1296266, 1294331, 4931, 5541, 4932;559292, 4932;559292;1247190, 4932;580240, 1220494, 643680, 226125, 32630, 367816, 117530, 261971, 200335, 114526, 114524;114525, 4932;209285;559292, 4931;27291	FALSE
ASV_9106	627963;1816783	TRUE
ASV_9124	1312089;1312103;1312105, 627966, 87105, 87103	FALSE
ASV_9149	63409, 3117, 2056091, 585852, 3117;63409, 2762582, 564793, 564792, 564791, 2078975	FALSE
ASV_9192	298469, 1859720, 1817437;1859805;1859816, 1817434;1817435;1859790, 1817433;1817436	FALSE
ASV_9199	1010543, 1010474;1010503;1010513;1010526	FALSE
ASV_9202	317523, 467515, 467504, 2067480, 1967714, 2812392, 765282, 552930, 765284, 1880497, 1880496, 467498, 2067485, 1965397, 556208, 1965402, 1662350, 2812385, 1569267, 2812403, 1965404, 1569271, 334709, 556202, 1965395, 1965390, 2696944, 2696947, 3018751, 1391942, 1826865, 1344536, 1344535, 1577107, 1344534, 1719068, 1266973, 1266979, 467501, 111561, 1569270, 2812413, 467503, 1699870, 1967709, 556217, 1719065, 2812420, 1548145, 2067482, 1391938, 556201, 467494, 556216, 556213, 556206, 556204, 556203, 556199, 467495, 556197, 556196, 556195, 556193, 556190, 556189, 556227, 467487, 556187, 467506, 467516, 467491, 467496, 467493, 2812397, 467485, 1965392, 467507, 467505;467698;1267012, 1577109, 467511, 2812394, 467509, 467482, 467518, 467546, 467500, 334710, 2812380, 556210, 556207	FALSE
ASV_9290	1312089;1312103;1312105, 627966	FALSE
ASV_9302	156133, 284976;284978;284979;284980;284981;284982	FALSE
ASV_9341	1859892, 1859877, 1859813;1859894, 1859796, 1859795;1859893, 1859745, 1859724;1859737;1859773;1859780;1859891, 1817491, 1817490, 1817489, 1817488, 1817487, 1817486, 1817485, 1817493;1817494;1859755;1859776;1859835, 1817511, 1817510, 1817484, 1817483, 1817482, 1817481, 1817480, 1817479, 1817478, 1817477;1859808;1859821;1859918	FALSE
ASV_9352	1312089;1312103;1312105, 627966, 87105, 87103	FALSE
ASV_9363	114067, 507447, 2779383, 544705, 114071, 503039, 670708, 201685, 114067;134763, 134763	FALSE
ASV_939	1274662, 144291;1274662	FALSE
ASV_9407	1859735;1859793;1859916	TRUE
ASV_9413	447208;497816	TRUE
ASV_9443	5061, 69787, 1450535, 5065, 319629, 1069201, 5068, 40993, 1588043, 698291, 549448, 5058, 41900, 5064, 1096718, 5061;105351, 51019, 138281, 176160, 1612426, 2818247, 41281, 1458901, 1546150, 41903, 1641034, 1458900, 319627, 1340029, 41066, 487660, 288669;319631;1196635, 301854, 319630, 5061;1341132, 41062, 1341132, 2801841, 41958	FALSE
ASV_9456	82508, 82511, 85853, 82517, 82509, 189963, 103366, 423021, 423019, 423018, 423017, 565289, 82524, 82508;82509;82510;82511;82512;85853, 129131	FALSE
ASV_9499	1312089;1312103;1312105, 627966	FALSE
ASV_950	1010543, 1010474;1010503;1010513;1010526	FALSE
ASV_9516	1683870, 1684125, 2927301, 2927306, 2836773, 2778049, 324891, 1809752, 1809752;2836770	FALSE
ASV_9548	181122;2315894	TRUE
ASV_960	1805497, 5278, 5005, 115111, 231218, 106004, 480363, 5002;198839, 1709941, 672585	FALSE
ASV_9616	860581;860582, 2200954	FALSE
ASV_9634	8023, 8017, 74940, 8018, 8019, 8017;8018;8023, 8022, 176185, 31033, 8032	FALSE
ASV_972	338244, 2015897, 645386, 557398, 338254, 168779, 168745, 168785, 316230, 316224, 316173, 316218, 316216, 316184;316205, 645392, 316183, 2751894, 2721091, 316165, 2767590	FALSE
ASV_974	1582117;1582120;1582138;1582139, 1582122, 1299289;1299290, 457647, 1548726	FALSE
ASV_9820	1859813;1859894, 1817491, 1817490, 1817489, 1817488, 1817487, 1817486, 1817485, 1817493;1817494;1859755;1859776;1859835, 1817511, 1817510, 1817484, 1817483, 1817482, 1817481, 1817503;1817504, 1817480, 1817479, 1817478, 1817477;1859808;1859821;1859918	FALSE
ASV_9861	2739568;2739576	TRUE
ASV_9865	1312089;1312103;1312105	TRUE
ASV_9892	4929, 27299, 4929;27326, 4959, 66948, 1853546, 304223, 374178, 27296, 58627, 2019545, 28549, 1276930, 1592528, 522693, 5476, 1468585, 45501, 45502, 304220, 422766, 422808, 422807, 422796, 422792, 422785, 422784, 422781, 422777, 422776, 422761, 193123, 45504, 58641, 58627;148098, 28551, 27306, 45516, 27297, 28555, 269486, 154314, 271284, 271268, 45549, 4929;374178	FALSE
ASV_9955	1859735;1859793;1859916	TRUE
ASV_9962	1312089;1312103;1312105, 627966	FALSE
