1000413
1000415
1000416
1000985
1000986
1000987
1000988
1000990
1000991
1000992
1000995
1001111
1001137
1001139
1002211
1002217
1002370
10029
1003020
1003022
1003040
1003062
1003069
1003082
1003135
1003145
1003175
1003306
1003308
1003311
1004046
1004399
10047
1005064
1005653
1006188
100810
1008253
1008897
1008898
1008909
1008953
10090
100913
100914
10092
100933
1009504
100951
101028
1010425
1010430
1010433
1010434
1010435
1010436
1010437
1010438
1010439
1010442
1010443
1010447
1010449
1010450
1010453
1010455
1010456
1010457
1010461
1010462
1010463
1010465
1010466
1010473
1010474
1010490
1010498
1010500
1010503
1010505
1010510
1010513
1010526
1010533
1010542
1010543
1010547
1010556
1010633
1010715
10116
10117
10118
101203
10141
101471
1016849
101924
101926
101992
101993
101994
101995
101996
101997
101998
101999
102000
102205
1027268
1027358
1027429
1027459
1027858
102975
102976
1029783
1029784
1030385
1030539
1030540
1030541
1030542
1030543
1030544
1030545
1030546
1030547
1030548
1030549
1032286
1033013
103366
1033840
103385
103390
1034598
1034652
103481
1034812
1034814
1034816
1034822
1034826
1034827
1034829
103484
1034861
1035125
1035495
1035519
1036732
1036810
1037060
1037239
1037252
1037473
103775
103861
103871
1038839
103944
104103
1041093
1041103
1041188
1041197
1041216
1041233
1041245
1041249
1041262
1041365
1041513
1041877
1041934
1041935
1041936
1041937
1042462
1042464
104256
104261
1042646
1042828
1043459
1043718
1043719
1043720
1043721
1043722
1043723
1043724
1043725
1043726
1043733
1043734
1043735
104405
104408
104409
104412
104414
104415
104416
104417
1045407
1045436
1045460
1045496
1045801
1046028
104670
1047171
104721
104727
104758
104777
104782
1048751
1048815
1049057
1049196
1049199
104920
1049285
1049289
1049292
104971
1050072
1050079
1050084
1050087
1050089
1050090
1050091
1050096
1050099
1050102
1050191
1050967
1051330
1051331
1051355
1051369
1051372
1051707
1051709
1051710
1051714
1051732
1051734
1051737
1051794
1051809
1051892
1052040
1052041
1052044
1052091
1052092
1052096
105231
105255
105271
1052851
1052852
1053125
1053381
105340
105351
105404
105407
105409
1054387
1054391
1054392
1054397
1054399
1054987
1055000
1056814
105696
105754
105772
105811
105876
105881
105949
105997
106004
106018
106023
106129
106175
106224
1064563
1064588
1064589
1064591
106539
106542
106547
106549
1065496
106557
106567
106804
1068600
1069094
1069099
1069105
1069201
1069743
107032
1071507
1071703
1072023
1072036
1072040
1072270
1072557
1072566
1072577
1072581
1073329
1073845
1074005
107438
1074426
107450
1075096
1075679
1076439
1076758
1076771
1077150
1077153
1077154
1077260
1077288
1077322
1077323
1077324
1077326
1077332
1077337
1077339
1077340
1077355
1077367
1077451
1077455
1077457
107757
107758
1077717
1077718
107821
107827
1078588
1079765
108018
1080232
1080349
1080446
1080724
1080796
1081457
1081501
1081868
1081906
108433
1085633
108607
1087309
1087461
1088891
1088892
1088895
1088903
1088904
1089427
1089793
1089814
109050
1090568
1090570
109063
109069
1091048
1091049
1091424
109157
109239
109247
1093200
1093201
1093202
1093207
1093209
1093210
1093211
109379
109475
1095050
1095217
109633
109635
1096718
109678
1097015
109743
1097433
109876
109881
109889
109936
109966
1099908
109996
110065
1101072
110120
110316
1104434
1104439
110520
110524
1105344
110680
1108849
1109175
1109178
1109180
1109182
1109188
1109194
1109198
1109200
1109208
1109729
1109730
111012
1110541
1110543
1110544
1111114
1111233
1111338
1111392
1111393
1111420
1111441
1111462
1111464
1111681
1112050
1112570
1112922
111310
111311
1113191
1113534
111439
1115047
1115533
1115535
111555
111561
111569
111571
1116206
1116207
1116209
1116210
111622
111641
111643
1116865
1117030
1117289
1117290
1117292
1117293
1118387
111862
1118981
111969
112014
1120766
112090
112138
112174
1122278
112237
1123542
1123717
112408
1124163
1124228
1124231
1124237
1124240
1124241
1124467
112456
112483
112489
112498
112506
112507
112509
112524
112525
112526
112527
112528
1125681
1125867
1125868
1125964
1126601
1126602
1126603
1126604
1126605
1126607
1126608
1126609
1126610
1126953
1127103
1127108
1127109
1127115
1127117
1127127
1127137
1127202
1127203
1127205
1127211
1127218
1127410
1127630
112788
1128081
1128104
112819
112863
112874
112883
1129275
1129380
1129381
1129382
1129485
1129499
1129772
1129971
113002
1130126
1130975
1131436
1131437
1131438
1131440
1131441
1131450
1131479
1131482
1131564
1131574
1131580
1131762
1131898
1131993
113210
113213
113244
1132513
1132520
1132521
1132522
1132523
1132524
1132525
1132619
1132638
1132859
1133372
1133423
1133700
1134511
113520
113522
113529
113531
113532
113536
113552
1136140
1136231
1136323
113644
1136894
1137089
1137127
1138352
1138368
114067
114068
114070
114071
114202
114254
1143063
1143075
1143158
1143169
1143182
1143211
1143213
1143234
1143725
114422
1144756
1144879
114497
1145023
1145092
114524
114525
114526
1147133
1147737
1147772
114840
114963
114967
114968
115018
115019
1150263
1150424
1151058
115111
115412
115419
1155129
1155255
1155428
1155433
1155434
1155437
1155438
1156158
1156159
1156160
1156161
1156162
1156163
115631
1156574
115666
1157699
1157700
1157701
1158022
1159240
1159253
1159278
1159338
1159339
1159424
1159425
1159427
1159428
1161148
1161186
116183
1162085
1162089
1162740
1162744
1162806
1162810
1163345
1163346
1164711
1164805
1164806
1164813
1164814
1164815
1164816
1164817
1164818
1164819
1165170
1165229
1165243
1165357
1165364
1165365
1165456
116551
1165730
1165860
1166462
1166466
1167209
1167210
1167211
1167212
1167214
1167265
1167484
1167548
1167568
1167592
1167625
1167875
1167876
116796
116814
116821
1168218
1168855
1168856
1168997
1169000
1169001
1169002
1169003
1169005
1169006
1169886
1169953
1169954
117
117008
117024
1170632
1170808
1171614
1171660
1171661
1171669
1171670
1171671
1171672
1171673
1171674
1171675
1171676
1171677
1171679
1171680
1171681
1171682
1171683
1171684
117174
1172189
1172576
1172588
1172625
1173061
1173077
1173262
1173298
1173412
1173414
117513
117523
117530
1176301
1176324
1176325
1176383
1176540
1177062
1177067
1177068
1177071
1177072
1177075
1177081
1177083
1177085
1177087
1177093
1177095
1177099
1177101
1177104
1177107
1177109
1177110
1177112
1177113
1177114
1180342
1180343
1180673
118079
118080
1181311
1181319
1181720
118321
1184610
1184762
1184763
1184815
1185398
1185399
118573
118575
1186925
1187000
1187002
1187152
1187918
1190602
119094
1191018
1191238
1191240
1191241
1191245
1191248
1191249
1191250
1191261
1191263
1191702
1191711
119182
119261
119264
1192854
1193083
1193135
1193136
1193137
1193138
119368
119369
119370
119372
119373
1194044
1194566
1194729
1194731
1194733
1194734
1194735
1194737
1194739
1194740
1194742
1194743
1194745
1194747
1194749
1194751
119481
1194921
1194968
119497
119529
119572
119574
1196008
1196156
1196157
1196158
1196302
1196635
119713
1197258
119758
1197702
1197756
1198090
119826
119829
119830
1198485
1198491
1198519
1198521
1198522
1198525
1198537
1198650
1198651
1198971
119925
119927
119957
120017
1200929
1200937
1201119
120299
120300
120341
1204304
1204305
120431
1204320
1204326
1204327
1204330
1204331
120444
120503
1205903
1206343
1206439
1207032
1207353
1207442
120807
120984
120995
1209994
1209995
1209997
1209999
1210000
1210405
1210406
1210408
121041
1210411
1210419
1210421
1210423
1210429
1210431
1210433
1211243
1211250
1211251
1211270
121138
1211412
1211477
1211595
121177
1213619
1214251
1214253
121462
1215608
1215610
1215611
1215623
1215624
1215626
1215640
1215644
1215645
1215649
1215652
1215655
1215659
1215660
1215663
1215664
1215665
1215678
1215679
1215680
1215690
1215694
1215983
1215994
1216000
1216015
121612
121845
1219118
1219119
1219271
1220052
1220166
1220191
1220192
1220201
1220207
1220208
1220210
1220494
1220549
1221438
122184
122185
122186
122187
122188
122189
122190
122191
122193
122196
122198
1222194
122233
122240
122253
122254
122257
122368
1224295
1224900
1225209
1225223
1225604
1225622
122588
1225972
1225974
1226012
1226028
1226277
1226384
1227675
1227977
1229224
1229225
1229227
1229240
1229646
1229648
1229649
1229687
1229734
1230094
1230127
1230128
1230130
1230320
1230324
1230330
1230383
1230485
1230487
1230507
1231661
1232099
1232264
1232676
1232802
1233086
1233413
123356
1234144
123417
1234258
1234421
123447
1234499
1234509
1234821
1235861
1236100
1236584
1236745
123750
123806
123810
1238170
1238178
1238181
1238248
1238351
1238461
1238464
1238470
1238890
1238899
1238900
1238901
1238902
1238919
1238920
1238921
1238922
1238925
1238926
1238927
1238933
1238934
1238935
1238936
1238937
1238944
1238945
1238946
1238949
1238950
123918
123925
123931
1239444
1239446
1239448
1239449
1239450
1239451
1239736
1242177
1242244
124255
124256
124283
124337
124338
124339
1243769
1243775
1243845
1244664
1244701
1244706
1244727
1244740
1244756
1244758
1244763
1244764
1244766
1244771
1245746
1245748
1246328
1246337
1246586
1246791
1246793
1246799
1246968
1246978
1247190
124744
1247838
1247846
124817
1248458
1248461
1248967
1249089
1249456
1249887
125044
125047
1250545
125201
125323
125370
125373
125374
125376
125417
1254451
1254591
125484
1256282
125945
125957
1260457
1260459
1261132
1261641
1262055
1262060
1262067
1262082
1262083
1262087
1262088
1262446
1262448
1263187
1263194
1263428
1263499
126411
126422
1264659
1265309
126545
126553
1265702
126652
126655
1266559
1266866
1266903
1266973
1266979
1267012
1267136
126725
1267453
126820
1268280
1268281
126844
126845
126846
1268473
1268488
1268954
1269040
126910
127145
127148
127151
127229
1273022
1273161
1273174
1273218
127444
1274487
127451
127461
1274662
127542
127547
127563
127567
127576
127578
1276003
1276034
1276039
1276090
1276091
1276092
1276093
1276102
1276104
1276105
1276106
1276107
1276108
1276142
1276194
1276525
1276529
1276532
1276537
1276538
1276791
1276930
1277116
1277117
1277118
1277256
1277277
1277700
1278069
1278899
1280
1280617
1280627
128065
128124
1281337
1281358
1281360
1281367
1281369
1281371
1281372
1281373
1281374
1281378
1281379
1281382
1281385
1281408
1281410
1281427
1281777
1282862
1282893
1283837
1283838
1283839
128435
128449
128461
1284656
128467
128473
128490
128537
1285666
1285667
1285673
1285922
1285977
1285978
1286073
1286077
1286078
128608
128653
128681
128683
1286872
1286873
1286874
1286875
1286876
1287682
1288323
1288775
1288891
1288896
1289343
1289354
1290334
1290348
1290352
1290354
1290441
1290545
129105
1291225
1291289
129131
1291679
129185
129187
129217
1292461
1292962
129297
1292971
129342
1293430
129346
12942
1294205
1294303
1294304
1294305
1294306
1294307
1294309
1294310
1294311
1294312
1294313
1294314
1294315
1294316
1294317
1294318
1294319
1294320
1294321
1294322
1294323
1294324
1294325
1294326
1294327
1294328
1294329
1294330
1294331
1294332
1294333
1294334
1294335
1294336
1294337
1294338
1294339
1294340
1294341
1294342
1294343
1294344
1294345
1294346
1294347
1294348
1294349
1294350
1294351
1294352
1294353
1294354
1294355
1294356
1294357
1294358
1294359
1294360
1294361
1294362
1294363
1294364
1294365
1294366
1294367
1294368
1294369
1294370
1294371
1294372
1294373
1294374
1294375
1294376
1294378
1294379
1294380
1294381
1294382
1294383
1294384
1294385
1294387
1294388
1295093
1295095
1295144
129524
129555
1295605
1295631
1295632
1295633
1295634
129566
129567
129582
1296266
1296609
1296611
12968
1297745
1297756
129831
129865
1298679
1298692
1298699
12990
1299289
1299290
12997
130055
130080
1301079
1302133
1302134
1302135
1302137
1302141
1302792
1302847
1303467
1303716
1303717
1303720
1303916
1303917
1303918
130434
1304712
1305603
1305604
1305605
1305611
1306784
130825
1308664
1308665
1308666
130897
13093
1309686
130993
131038
131074
13108
1311516
1311520
1311521
131158
1311906
1311930
1311954
1311976
1311977
1311984
1312080
1312081
1312083
1312086
1312089
1312091
1312101
1312103
1312104
1312105
13129
131336
131340
131341
131342
131344
131346
1314672
1314683
1315715
1317868
1319898
1319899
1319901
1320671
1320672
1320681
132095
132112
132115
1321398
1321399
1321400
1321612
1321613
132184
13221
1322176
1323120
1323139
132403
132404
1324776
1325305
132547
1325619
1325728
132577
132583
132611
1326762
1326763
1326765
1326766
1326767
1326768
1326769
1326774
1326775
1326776
1326777
1326778
1326779
1326780
1326782
13268
132687
1326905
1326984
1326985
1328044
13284
13288
1328857
132908
1329199
1330484
1330485
133175
133198
133204
1332040
1332041
1332848
133304
1333626
1333627
1333750
1333877
133409
133427
133487
133489
133490
1334925
1334967
1334975
133511
1336425
1336598
1336808
1336815
1336888
1337093
13385
1338630
133901
1340029
1340144
1340147
13405
1341132
1341203
1341493
1341611
1341612
13417
1341716
1342299
1342300
1342348
1342450
1342607
13427
1342701
1343133
1343159
1343368
1343394
1343409
1343414
1343465
134355
1343669
1344534
1344535
1344536
1345006
1345011
1345016
13451
134531
134537
1346499
134680
134685
134763
134795
134796
134797
134798
134799
1348182
1348332
1348342
1348392
13489
134902
134924
1349747
134995
13500
1350006
1350048
1350051
1350053
1350055
1350058
1350352
13510
1351444
1351450
1351454
1351752
1351932
135197
1352022
1352298
1352461
1353228
1353972
1354307
1354317
135473
135477
1354841
1354859
1354860
1354861
1354928
135516
135518
13563
135648
135754
135770
135771
135773
135778
135807
135859
1358795
1358798
1358862
1358933
13608
136089
136111
136122
136180
136184
136188
136195
136200
136201
1363628
136450
136452
136456
136459
136460
13651
1365437
1365490
1365824
1365978
1366059
136614
1366313
1366396
1366851
1366900
1367421
1367422
1367441
1367453
1367454
1367455
1367458
1367459
1367460
1367513
136941
136950
137009
13706
137220
137221
137226
137421
137520
137729
137745
137755
13789
137994
138011
13805
1380541
1380572
1381693
1381949
1382802
138281
138283
1383252
1384505
138538
1385620
1385777
1386330
138669
1386909
1386941
1387110
1387116
1387641
1388755
1388985
1389005
1389742
1390099
1390100
139025
1390396
1390527
139077
139080
1390973
1390974
139102
1391140
139132
139134
139144
139150
139155
1391737
1391882
1391938
1391942
1392244
139228
139237
139239
139390
1395588
1395590
1395591
1395592
1395598
139649
1396496
1397506
1397507
139772
1398087
1398096
1398153
1398758
1398937
1399332
139983
140000
1400015
140004
140035
1400387
140044
140047
1400981
1400982
1401165
1401184
1401188
1401189
1401190
1401191
1401192
1401198
140293
1403062
1403701
140392
140454
140455
140477
140480
140481
140482
140483
140487
140496
140498
140499
1405207
1405275
140638
140669
140671
1407008
1407009
140746
1407743
1408139
1408141
1408142
1408269
1408270
140997
140999
141002
141003
1411623
1411642
1411661
1411662
1411682
1411684
1411923
1411924
1411933
1411935
1411937
1412027
141317
141318
141403
141414
141421
1414616
1414631
1414633
1414638
1414641
1414642
1414657
1414688
1415177
1415218
1415522
1415757
1417239
1417776
1417779
1417791
1417801
141886
141887
1420630
1420631
1420633
142105
142110
142111
1421112
142113
1421139
1421154
1421822
1421823
1421824
1421825
1421826
1421827
1421828
142488
142490
142502
142510
142514
142516
1425171
1425173
1425296
1425353
142540
142541
1425477
142670
1427364
1427383
1427730
142807
142818
1428570
142860
142889
142890
142891
142893
142894
1429247
1429358
1429364
1429391
1429395
1430388
1430418
1431325
1431327
143172
143190
1431917
1431918
1431929
1431932
1431936
1431937
1431987
1431988
1432078
1432079
1432140
1432660
1432661
1432854
143291
143292
143345
1434218
1434220
143451
143453
1434743
1434936
1434982
1435003
1435210
1435238
1435347
1436134
1436140
1436148
143670
143672
143877
1439753
1440115
1440505
1440522
1440524
1440526
1440527
1440528
1440529
1440556
1441599
1441603
1441741
1441771
1441772
1441922
1442596
1442712
144291
1443164
1443526
1445003
144562
1446102
1446920
1448053
1448060
1449890
1450535
1451292
145168
1453603
1455036
1455042
1455049
1455055
145522
1456981
1457143
1457144
1457145
1457146
1457147
1457148
1457149
1457150
1457151
1457359
1458127
145838
145840
145842
145844
1458441
145847
145848
145850
145852
1458900
1458901
1458946
1458947
1458949
1459053
145980
145982
1460408
1460409
1460410
1460411
1460412
1460663
1460665
1461544
1462455
1462463
1462464
1462466
1462949
1462973
1463506
146640
146750
146751
146752
146760
1468197
1468208
1468210
1468252
1468585
1469671
1470008
1470009
1470010
1470011
1470012
1470013
1470043
1470044
1470045
1470047
1470049
1470051
1470052
1471208
1471211
147122
147189
1472000
147279
1475462
1475463
1475464
147566
1476437
1477509
147766
147767
147771
1478599
1478600
1479615
1479616
1479635
1479636
1479637
1479648
1480154
148098
1482325
1483210
1483220
1483221
1483223
1483224
1483225
1483226
1484047
1485075
1485292
1485293
1485294
1485295
1485682
1485989
1485990
1485991
1485992
1485993
1485994
1485995
1485996
1485997
1485999
1486000
1486001
1486002
1486003
1486004
1486005
1486008
1486009
1486010
1486011
1486012
1486018
1486020
1486022
1486024
1486025
1486026
148634
1486346
1486407
1486463
1486859
1486889
1487353
1487602
1487831
1487838
1487842
1487843
1487872
1488530
1488662
1488663
148960
1489738
1489741
1489786
148987
148993
148996
149001
149007
149008
149009
149013
1490196
1490328
1490346
1490372
149066
149074
149076
149084
1490885
1490968
1492817
1492912
1494892
1494893
1494915
1495204
1495442
1497510
1497560
1497562
1497665
1498200
1498201
1498203
1499104
1499518
1499594
1499606
1499608
1499612
1499616
1499620
1499627
1501395
1502547
1502576
1502648
1503305
1503306
1503408
150358
1503927
150430
150433
1504668
1504734
150493
150597
1506160
150622
150623
1507532
1507544
1507553
1507871
1507872
1507873
1508187
1508237
1508384
151026
151027
151042
151069
1511519
1511619
1511720
1511721
1513492
1513574
1514137
151455
1514897
1515074
1515075
1515076
1515077
1515078
1515079
1515080
1515081
1515082
1515085
1515086
1515087
1515088
1515089
151514
151553
1515577
151559
1516108
1517497
1517498
1517512
1517513
1517514
1518417
1518505
1518704
1518706
1518707
1518708
1518711
1518713
1518714
1518716
1518717
1518718
1518720
1518726
1518753
1518755
1518847
1518871
1519038
1519423
1519424
1519425
1519565
1519606
1519607
1519609
1519611
1519614
1519644
1519752
1519773
1519776
1520274
1521698
1521722
1521750
152188
152192
1522193
1522444
1522450
1522702
152328
152329
152330
1523415
1523459
1524177
1524190
1524257
1524323
152449
1524916
1524950
1524979
1525005
1525017
1525029
1525042
1525074
1525081
1525092
1525093
1525094
1525110
1525115
1525238
1525339
1525340
1525657
1525729
152630
152631
152652
1526603
1526604
1526606
1527026
1527646
152767
1527760
1527793
1527796
1527803
1527809
1527826
1527828
1529364
1529373
1529385
1529682
1529684
1530269
1532002
1532214
1532218
1532325
1532565
153269
153466
153508
153516
1535423
153648
153663
1536738
1536740
1536741
1536743
1536767
1536789
1536791
1537102
1537104
1537144
1537145
1537162
1537726
1537840
1537841
1538291
1538419
153875
1539492
1539906
1539909
1539917
1540024
1540025
1540026
1540028
1540029
1540031
1540034
1540035
1540036
154017
1540952
1541146
1541177
1541798
1542312
154297
154300
154302
154308
154311
154312
154313
154314
154315
154317
154318
154326
154327
154329
1543311
1543313
154407
1544343
154436
1544721
1545444
1545446
1545448
1545455
154548
154554
1545704
1545969
1545970
1545973
154605
1546150
154753
1547544
1547851
154791
1548145
1548227
1548228
1548725
1548726
1548888
1549806
1549832
1551708
155203
1552224
1552228
1552301
155290
155291
155300
155303
155396
155693
1559858
1559859
1559861
1559865
1559874
1559879
1559880
1559885
1559886
1559887
1559888
1559889
1559890
1559991
1560087
1560652
1560653
1560654
1560656
1560657
1560660
1560661
1560662
1560663
1560664
1560665
1560666
1560667
1560668
1560670
1560671
1560672
1560673
1560674
1560675
1560676
1560678
1560679
1560681
1560683
1560686
1560688
1560690
1560691
1560717
1560737
156106
1561082
156113
156122
156128
156130
156133
156134
156135
156147
156173
156174
156175
156181
156182
156187
1562000
156216
156217
1562270
156230
1562322
1562391
1562708
1562994
156302
1563332
1563419
1563420
1563423
1564098
1565243
1565494
156599
156630
1566675
156761
156882
156883
1569267
1569270
1569271
1569383
1569453
1569454
157009
157012
157134
1571500
1571538
1571542
1571544
1571559
1571568
157165
1572307
1572313
1572315
1572355
1572356
1572360
1572364
1572406
1572647
1573495
1573537
1573585
1574080
1574138
1574139
1574408
157578
157594
1576324
1576334
157652
157704
1577107
1577109
157739
1577725
1577735
1577742
1577743
1577744
1577745
1577746
1577759
1577761
1579384
1579463
1580009
1580013
1581338
1581416
1581417
1582110
1582111
1582117
1582120
1582122
1582126
1582138
1582139
1582145
1582274
1582353
1582896
158290
1583029
158320
158321
158322
158323
158324
158325
158326
158379
158383
158384
158387
1585414
1585415
158591
158592
158596
158599
1585995
158603
158604
158729
1587505
1588043
158985
158986
158987
158988
1590097
1590110
1590115
1590140
1590142
1590144
159018
159019
159020
159021
159077
1590832
1592523
1592524
1592525
1592528
1592555
159264
159265
159266
159277
159297
159298
1593413
159417
159422
159434
1594485
159566
159567
159573
159720
159748
159749
159974
160064
160068
1602131
160216
160221
160265
1602734
1603036
160331
160332
160336
1603438
1603444
1603687
1603823
160389
1604056
1604161
160436
1604675
1604709
1604863
1604864
1605396
1605398
1605399
160597
160601
160603
160604
160610
160611
160612
160615
160619
160621
160623
160640
1606541
1606602
1606603
1606698
1606705
160677
1606869
160752
160766
1607838
1607841
1607853
1607860
1607870
1607871
1607872
1607966
1607967
1607968
1607969
1607971
1607972
1607973
1607974
1608464
1609035
160928
161037
161045
161046
1610580
1610689
1610694
161078
1610848
161114
161119
1611287
1611840
1612426
1614639
1614641
161550
1615609
161564
1615849
161657
161661
161662
161666
161670
161671
1617247
161756
161758
161759
161760
1617630
1617934
1619497
1619557
1620206
162064
162068
162077
162087
1620919
162140
1622023
1622187
1622235
162283
162285
162685
162686
162687
162688
162689
162690
162751
1628650
1628651
1628730
1628735
1629813
1629823
1629828
1629833
1629834
1629835
1629836
1629837
1629838
1629840
1629842
1629843
1629844
1629845
1629846
1629848
1629849
1629850
1629851
1629861
1629866
1629871
1629887
1629893
1629917
163018
1630187
1630188
1630189
1630191
1630192
163034
163035
163042
163043
163053
163112
1631189
1631233
1631570
163311
1633460
1633599
1634048
1634380
163466
163482
163503
1636902
163714
1637245
1638373
1638374
1638375
1638376
1638397
1638435
1638436
1638477
1638478
163893
1638941
1638942
1638945
164067
164071
164072
164075
164076
164079
164083
164084
164086
164088
164091
164097
164100
164102
1641034
164105
1641413
1641414
1641712
1642025
164242
1642853
1642856
164328
1643393
1643394
1643395
1643853
164412
164453
164624
164625
1646344
164818
164824
164829
164834
164835
164843
164914
1649269
1650735
1652047
1652117
165330
1653305
165345
1653778
165419
1654351
1654353
1654606
1654950
1654985
1654990
1654995
1655519
1655520
1655524
1655527
1655528
1655532
1655534
1655535
1655537
1655539
1655541
1655546
1655547
1656261
1656263
1656905
165789
1658621
1659169
1659189
1659216
1659217
1659678
1659726
1659757
166032
166035
1660408
166042
1661007
1661263
1661390
1661727
1662350
166267
1663125
1663179
1663297
1663298
1665223
166631
166633
166634
166641
1667019
1667205
166938
1671027
1671028
1671029
167137
167156
1672992
1674034
167443
167444
1675013
167535
167536
1675617
1675618
1675619
1675620
1675850
1676596
1676618
167740
167741
167755
167791
1677972
1677973
1677974
1677981
1677982
1677983
1677984
1677985
1677987
1677990
1677994
1677995
1677997
1677998
1677999
1678066
1678069
1678072
167814
167831
1678526
167879
167884
1678892
167897
167898
167899
167900
167901
1679290
1679292
1679369
1679399
1679438
1679439
167961
1679947
1680609
1680616
1680620
1680633
1680638
1680686
1680827
1680831
1682427
1682428
1682430
1682431
1683174
1683176
1683177
1683180
1683235
1683245
1683247
1683301
1683346
1683373
1683394
1683398
1683866
1683867
1683868
1683870
1683872
1684064
1684122
1684124
1684125
1684133
1684137
1684388
1684392
1684399
1684414
168479
168488
168491
168493
168494
168497
168499
168500
168503
168507
1685546
1685547
1685548
1685549
1685553
1685555
168561
168562
168564
168567
168573
1685789
1685954
1686250
1686415
168710
168715
168724
168732
168738
168745
168756
168759
168769
168771
168779
168780
168785
1688455
1689149
169010
169011
1690225
169041
169112
1691399
169156
1691973
1691974
169327
169388
1695206
1695222
1695224
1696063
1696158
1696682
16969
169767
169769
169770
169774
169775
169778
169782
169784
169788
1697963
1699836
1699837
1699839
1699870
1701531
1701533
1701546
1701989
1701990
1701991
1701996
1701997
1702016
1702018
1702019
1702020
1702021
1702023
1702225
1702226
1702228
1702229
1702231
1702296
170513
170514
170555
1705790
1706300
170721
170722
170723
170727
1707561
1707699
1707700
1707701
1707702
1707704
170822
170823
170825
170826
170833
1708541
1708542
1708984
1709329
170993
1709932
1709935
1709941
171202
171206
171207
171209
171212
171213
171216
171217
171219
1712303
171236
1712418
171246
171251
1712512
1712513
1712805
1713627
1714380
1714387
1714586
171471
1715220
1715222
1715224
1715234
1715236
1715247
1715256
1715349
1715409
171613
171736
1718098
171822
171831
171833
171881
1718873
1718875
1719065
1719068
171967
1719758
1720108
1720109
1720110
1720311
172263
172266
1725062
172567
172608
172613
172621
172625
172629
172633
172637
172659
172669
172790
172808
172822
172824
172826
172893
172968
1732093
1732159
1732396
173327
173497
1735248
1735249
1735255
1735256
1735257
1735965
173654
1736631
1736673
173977
174039
174040
174041
1742421
1742426
1742427
1742428
1742591
174260
1742612
1742613
1742615
1742617
1742618
1744892
1745314
174553
1746091
1747447
1747448
1747449
1747675
1747705
1747902
175006
175169
1751714
1752157
1752179
175228
1752673
1752674
1752933
175367
1755424
1755431
1755435
1755440
1755443
1755686
1755728
1755799
1756098
1756107
1756109
1756117
1756126
1756136
1756192
1758291
1758293
1758294
1758412
1758420
1758461
1758464
1758465
1758467
1758469
1758471
1758473
1758474
1758475
1758476
1758752
1759647
1759648
176007
1760868
1761466
176160
176172
176176
176179
176185
176265
176275
1762843
1763776
1763778
1763831
1763832
1764082
1764088
1764237
1764239
1764240
1764634
1764635
1764642
1764643
1764664
1764850
1764853
1764880
1764904
1764937
1764970
1764971
1764972
1766110
1766914
1766915
1766917
1767069
1767070
1767071
1767082
1767101
1767102
1767441
1767442
176853
176864
1768849
1769355
1770516
1771142
1771302
177238
1774124
1774284
177453
1775514
1775516
1775872
1775955
1777493
1777494
1777498
1777501
1777507
1777508
1777511
1777512
1777513
1777514
1777518
1777519
1777520
1777523
1777524
1777526
1777528
1777529
1777531
1777532
1777533
1777534
1777535
1777536
1777537
1777539
1777540
1777542
1777544
1777545
1777547
1777548
1777549
1777550
1777551
1777552
1777553
1777554
1777556
1777557
1777558
1777559
1777560
1777561
1777563
1777564
1777565
1777566
1777568
1777569
1777919
1779056
1779232
1779277
1779279
1779280
1779284
1779341
1779351
1779407
1779438
1780284
1780396
178150
178160
178341
178342
178343
178345
178346
178347
178348
178360
178378
1784808
1784811
178514
1785919
178779
178843
178848
1789066
1789220
1789556
1789557
179065
179117
1792275
1792511
1793163
179333
179335
179336
179337
179340
179342
179343
179344
179345
1793945
1793977
1793980
1795130
1795136
1795139
1795222
1795317
1795398
1795423
1795426
1795433
1795434
1795463
1795743
1795746
1795747
1795751
1795752
1796056
1796067
1796075
1796077
1796079
1796082
1796083
1796085
1796086
1796087
1796088
1796089
1796092
1796093
1796605
179661
179793
179794
179797
1798043
1798060
1798063
1798068
1798079
1798081
1798094
1798097
1798101
1798105
1798108
1798110
1798111
1798112
1798125
1798126
179855
1798757
1798948
1798950
1799502
180066
180222
180223
180227
180228
1803809
1803847
180408
1804149
1804151
1804656
1804765
180477
180482
180528
1805497
1806067
1806113
1806141
1806640
1806642
1806848
1806893
1807087
1807125
1807213
180772
180815
180900
180940
180941
1809698
1809752
181033
181039
181041
181047
181049
181060
1811139
181122
1811497
1811516
1812356
1812357
1812360
1812361
1812362
1812363
1812945
1813139
181511
181586
1816219
181622
1816277
1816282
181653
1816783
181740
1817433
1817434
1817435
1817436
1817437
1817438
1817454
1817455
1817456
1817473
1817474
1817477
1817478
1817479
1817480
1817481
1817482
1817483
1817484
1817485
1817486
1817487
1817488
1817489
1817490
1817491
1817493
1817494
1817503
1817504
1817510
1817511
1817531
1817536
1817537
1817539
1817540
1817541
1817542
1817546
1817547
181776
181793
1818021
181852
1818609
1818610
1818612
1818891
181947
182017
182055
182087
182090
182092
182163
182227
182228
182244
182329
182331
182358
182508
182552
182561
1825619
182612
1826299
1826646
1826647
1826648
1826815
1826816
182683
1826865
1827007
1827023
182744
182798
183195
183258
183266
183309
183310
183313
1833789
183498
183504
1835339
183582
183588
183589
183592
183651
183656
1837939
1838161
1838162
1838163
1838164
1838169
1838172
1838175
1838183
1838184
1838187
1838202
1838213
1838214
1838215
1838232
1838250
1838251
1838252
1838253
183948
183970
183971
1840408
1840525
1841155
1841156
1841157
1841164
1841166
1841503
1841504
1841505
1841649
1843204
1844088
1844303
184440
184466
184506
184510
184592
184743
184747
184748
184759
184760
184761
1848298
1848526
1848534
1848828
1848830
1849061
1849065
1849107
1849118
1849120
1849122
1849123
1849124
1849134
1849135
1849136
1849137
1849138
1849139
1849140
1849493
185001
185002
185004
1850974
1851187
1852250
1853056
1853057
1853271
1853546
1853550
1853554
1853712
1855969
1856740
1856765
1856766
185688
185739
1857401
1857792
1857793
185834
1858585
1858656
1859058
1859060
1859061
1859170
1859405
1859406
185948
1859699
1859703
1859720
1859724
1859725
1859728
1859735
1859737
1859738
1859745
1859749
1859752
1859755
1859760
1859765
1859767
1859772
1859773
1859775
1859776
1859780
1859790
1859793
1859795
1859796
1859797
1859800
1859805
1859808
1859813
1859816
1859821
1859823
1859827
1859830
1859835
1859836
1859847
1859849
185985
1859866
1859871
1859872
1859873
1859877
1859880
1859891
1859892
1859893
1859894
1859916
1859918
1859956
1860145
186018
186022
186028
186031
186037
186038
186039
186040
186084
186163
186175
186176
186182
1861914
1862977
1864603
1864604
1864611
1864612
1864616
1864621
186521
1866295
1866296
1866297
1866298
186702
186703
186704
186706
186708
186760
1868278
1868479
1869158
1869201
1869227
1869259
1869282
1869342
1870901
1871052
1872125
1872691
1873239
187324
1873242
1873247
1873249
1873250
1873253
1873254
1873255
1873256
1873257
1873258
1873259
1873261
1873262
1873267
1873268
1873271
1873274
1873275
1873278
1873279
1873281
1873283
1873284
1873285
1873286
1873287
1873288
1873289
1873290
1873291
1873295
1873296
1873297
1873298
1873299
1873316
1873317
1873318
1873323
1873336
1873338
1873339
1873343
1873349
1873353
1873354
1873355
1873356
1873357
1873362
1873363
1873364
1873923
1873960
187400
187406
1874130
1874203
187451
1874897
1875067
187594
187653
187758
187795
187798
187807
187809
187815
1879320
188023
1880496
1880497
1880593
188093
1880939
1881105
1881117
1881152
1881153
1881154
188185
1881864
1882269
188243
1882528
1882862
188355
1884248
1884465
188450
188453
188458
1884647
1884648
1884717
1885067
1885144
1885145
1885146
1885148
1885151
1885153
1885164
1885165
1885174
1885175
1885176
1885177
1885179
1885180
1885181
1885184
1885187
1885190
1885196
1885201
1885202
1885203
1885204
1885206
1885207
1885208
1885211
1885214
1885215
1885221
1885222
1885223
1885297
188541
1885598
1887086
1887461
1888186
1888187
1888188
1888189
1888207
1888218
1888952
1889083
1889088
1889108
1889112
1889114
1889227
1889228
1889229
1889230
1889231
1889232
1889233
1889234
1889235
1889236
188939
188940
188946
188948
188950
188951
188952
188953
188954
188955
188957
188967
188973
188980
1890235
1890675
1891026
1891166
1891169
1891225
1891229
1891231
1891237
1891239
1891244
1891361
1891461
1891462
1892227
1892228
189230
1892433
1892629
1892770
1892891
189332
189333
189334
1895334
1895586
1895587
1895944
189626
189646
1896765
1896767
1897082
189737
1897414
1897734
189818
1898697
1898930
1899098
1899099
1899118
189913
189963
190219
1902273
1902457
1902458
1902460
1902462
1902468
1902473
1902486
1902613
1902614
190281
1902835
1902836
1902863
1902871
1902912
1902918
1902925
1902926
1902928
1902932
1902933
1902936
1902937
1903071
1903189
190325
190327
1903275
190371
1903714
1904038
1904041
190409
190411
190428
190433
190439
1904441
1904614
190468
1905291
1905293
1905586
1905723
1905832
1905833
1905834
1905848
1906473
190703
190707
190709
190711
1907202
1907207
1907208
1907209
1907244
1907480
1907481
1907517
1907791
1907792
1908693
1909274
1909646
1909647
1909648
1909649
191066
1911062
1911065
1911206
1911444
1911445
1911446
1911447
1911448
1911449
1911450
1911451
1911452
1911560
1911593
1911594
1911595
1911597
1911598
1911677
1912044
1912850
1912979
1913368
1913661
1913989
191435
1914746
1915357
1915358
1916790
1917072
1917129
1917247
1917252
1917255
1917261
1917273
1917279
1917377
191763
1917866
191791
191805
191807
1918381
1918382
1918384
1918568
1918581
1918597
1920001
1920008
1920009
1920014
1920017
1920158
1920457
1920928
1920930
1920935
1920939
1921132
1921136
1921600
1921602
1921807
1921830
1922184
1922199
1923966
1923967
1923972
192417
192418
192419
1924737
1925001
1925329
1925337
1925339
1925419
1925428
1926331
1926389
192649
1926951
1927117
1928152
1928154
1928494
192875
1928866
1929982
193006
1930181
1930276
1930695
1930696
1931085
193123
1931354
1932322
1932332
1932610
1932692
193300
193308
1933388
1933427
1933429
1933432
1933446
1934117
1934122
1934124
1934125
1934126
1934127
1934128
1934131
1934136
1934158
1934161
1934162
1934163
1934164
1934166
1934167
1934168
1934169
1934170
1934172
1934175
1934176
1934177
1934183
1934733
1934738
193503
1935313
1935319
1935389
193542
1936241
1936264
1936265
1936266
1936267
1937198
1938279
1940160
1940220
1940274
1940336
1940530
1940680
1940686
1940750
1940751
1941223
194331
1943723
1944651
1944652
194534
1945660
194597
194688
194993
195065
195066
195067
195069
195071
195151
195215
195220
195226
195228
195254
195259
195275
1954219
1954285
1954286
1954291
1954295
1954296
1954353
1954386
195482
195504
1955061
1955109
1955432
1955561
1955562
1955565
1955566
1955567
1955568
1955588
195583
195611
195612
195615
195623
195643
1958864
195967
195969
1960159
1960643
1960768
1961191
1961208
196157
1961811
1962166
1962197
1962293
196235
196264
196300
1963356
1964545
1964547
1964549
1965090
1965129
196513
1965390
1965392
1965395
1965397
1965402
1965404
196565
196595
1966440
1967123
1967281
1967665
1967709
1967714
1967852
1967940
1967941
1967943
1967944
196796
196799
1968695
1968775
196912
196913
196915
1969575
196960
196961
1969917
1969918
197015
197018
1970216
1970220
197028
1970641
1970645
1970646
1970649
1970915
1972064
1972512
1972656
1972777
1973054
1973056
1973057
1973074
1973076
1973086
1973196
1973261
1973882
1974281
197532
197536
197538
197648
197659
1977391
197791
197794
197800
197809
197815
197828
1978334
1978344
1978355
1978359
197862
1978786
197880
1978810
197914
197924
1979241
1979794
1979795
1979842
1979863
1979864
1979866
198002
1980070
1980224
1980225
1980227
1980228
1980234
1981605
1982007
1982012
1982022
1982023
1982027
1982029
1982030
1982032
1982034
198225
198250
198252
1982705
198322
1983432
1984797
1985161
1986105
1986156
1986180
198665
198677
1987369
198839
198924
199197
199309
1993908
199508
19953
199745
200279
2003115
2003118
200335
200361
2003689
200422
200428
2004638
2004639
2004886
2004887
2004888
200541
2005447
200597
200599
200601
200607
2006547
2006709
2006970
2007359
200773
200774
200862
2008791
200891
200894
200895
200982
2010215
2010925
2010948
201153
2011669
2011694
2011712
2011732
2011870
2011904
2011914
2011922
2011925
2011927
2011937
2012047
2012057
2012082
2012083
2012088
2012117
2012159
2012171
2012212
2012224
2012228
2012237
201230
2012308
2012318
2012320
2012442
2012457
2013570
2013859
2014767
2014769
2014772
2014777
2015010
201542
2015511
2015514
2015546
2015892
2015893
2015894
2015895
2015897
2016123
2016124
2016125
2016126
2016220
2016246
2016247
2016248
201645
201685
201702
201731
2018028
2018306
2018322
2018323
2018708
2019373
2019374
2019487
2019545
2020011
202005
2020955
2021020
2021021
2021033
2021036
2021037
2021135
2021665
2022000
2022001
2022002
2022003
2022334
202240
2022477
2022586
2022943
2022947
2022965
2022966
2023232
2023261
2023355
2023738
2023751
2023753
2023758
2023761
2023762
2023888
2024300
2024535
202469
2025167
2025181
2025184
2025193
2025196
2025202
2025784
2025861
202602
2026207
2026243
2026424
2026442
202658
202660
202662
2026621
2026735
2026747
2026772
2026791
2026843
202700
202708
202709
2027309
2027451
2027454
202760
202780
202782
202919
202946
2029556
2029592
2029593
2029594
2029595
2029602
2029625
2029765
2030649
2030650
2030651
2030652
2030656
2030660
2030661
2030663
2030665
2030666
2030667
2030669
2030671
2030672
2030673
2030677
2030678
2030679
2030680
2030681
2030682
2030683
2030684
2030690
2030691
2030692
2030694
2030695
2030697
2030699
2030703
2030704
2030705
2030706
2030708
2030710
2030712
2030713
2030714
2030716
2030717
2030718
2030721
2030725
2030730
2030732
2030740
2030741
2030742
2030743
2030744
2030746
2030747
2030748
2030749
2030750
2030751
2030752
2030754
2030755
2030756
2030757
2030758
2030759
2030826
2030969
2030977
2030988
2031009
2031024
203191
2032702
2033587
2033593
203410
2034143
203419
2034262
2034294
2034435
2035042
203583
2036686
2036922
2037922
2038130
2038132
2038138
2038148
2038151
2038323
2038346
2038769
2038770
203883
203886
203908
2039256
2039311
2039348
2039876
2039882
2040219
2040496
2040503
2040504
2040628
2040703
2040705
20408
2040954
2041771
2041775
2041777
2041781
2041782
2041785
2041786
2041788
2041800
2041802
2041803
2041804
2041814
2041815
2041816
2041817
2041818
2041819
2041822
2041823
2041824
2041825
2041826
2041829
2041892
2041940
2041941
2042009
2042063
204232
204317
2044469
2044563
204479
204481
204486
2045280
2045344
204618
2046349
2046356
204742
2047526
2047823
2048218
2049009
2049010
2049519
2049523
2049697
2049902
2050668
2050671
205109
205114
205119
2051684
2051802
2052588
2052622
2052623
2052624
2052682
2052683
2053485
2053487
2053509
2053532
2053533
2053773
2053775
2053780
2053781
2053782
2053783
2053784
2053807
2053808
2053810
2053811
2054275
205524
2055248
205567
205582
205588
2055948
2055950
2056037
2056050
2056052
2056060
2056062
2056069
2056071
2056091
2056182
2056183
205622
2056411
2056412
2056413
2056444
2056445
2056446
2056447
2056448
2056449
2056450
2056451
2056452
2056977
2056978
2056981
2056983
2056989
2056996
2057009
2057163
2057191
2057234
2057968
2057969
2057970
2058121
2058482
2058882
2059235
2059733
2059746
2059764
2059775
2059792
2059797
2059801
2059803
2059809
2059835
2059849
2059853
2059971
2059975
2059980
2059983
2059985
2059988
2059991
2059992
2060012
2060013
2060077
206008
2060153
2060155
2060159
2060169
2060205
2060206
2060209
206027
2060437
2060440
2060455
206318
206335
2064752
206542
2066033
2066496
2066531
2066532
2066603
2066604
2066605
2066608
2066609
2066645
2066647
2066648
2066649
2066651
2066652
2066653
2066654
2066655
2066658
2066664
2066665
2066676
2066677
2066678
2066683
2066686
2066691
2067435
2067480
2067482
2067485
2067820
2068653
2068723
2069337
2069908
2070222
2070531
2070553
2070707
2070710
2070872
2071685
2071690
2072420
2072449
2072487
2072849
2072850
2073168
207340
2074887
2074946
2074954
2074968
2074969
2075078
2075218
2075225
2075229
207523
2075233
2075234
2075235
2075237
2075241
2075364
2075375
2075453
2075468
2075471
2075472
2075476
2075486
207710
2078548
2078559
2078643
2078975
2079209
207946
207955
2080273
20805
2080718
2080719
2081466
2081491
2081504
2081505
2081506
2081509
2081513
2081635
2081638
2081639
2081640
2081900
2082233
2082235
2082236
2082237
2082240
2082242
2082243
2082274
2082511
2082518
2082541
2082556
2082580
2082582
2082706
2082969
208333
208518
2086299
2086363
2086415
2086660
209285
2093811
209401
2094192
209422
209423
2094248
2094249
2094250
2094253
2094254
2094524
2099340
2099345
2099355
2099404
2099405
2099408
2099409
2099410
2099413
2099415
2099416
2099417
2099418
2099419
2099420
2099421
2099423
2099424
2099426
2099427
2099428
2099430
2099431
2099433
2099434
2099436
2099437
2099438
2099571
2099578
2099579
2099580
2100088
210169
210184
210185
210193
210195
210196
210198
210225
210373
210430
210448
210449
210454
210589
210598
210602
210611
210614
210620
210625
210626
2107305
2107309
210733
210735
2107687
2107736
2107888
2107907
2109262
2109368
2109566
2109568
2109569
2109570
2109571
2109572
2109573
2109575
2109901
211012
211016
211017
211018
211019
211022
211024
211025
211078
211094
211096
211097
2115826
2115955
2116587
2116588
2116589
2116590
2116591
2116631
2116632
2116633
2116634
2116635
2116636
2116637
2116638
2116639
2116640
2116642
2116643
2116646
2116662
211698
211704
211706
211712
211718
211723
211817
211946
211957
212246
212310
212454
212458
212461
212462
212465
212466
212476
212480
212482
212483
2125995
2125998
212602
2126034
2126179
2126243
2126244
2126251
2126266
2126271
2126319
2126355
2126440
2126442
212748
212818
212840
212859
212874
212879
212889
212925
212962
212964
212973
213007
213008
213009
213010
213055
213155
213238
213239
213240
213242
213243
213244
213245
213246
213404
2137954
2137963
213829
2138294
2138295
2138296
214468
214514
214525
214656
214821
214887
214969
214970
214986
214994
214995
214996
215243
2152760
2152835
2152962
2152963
2153193
2153194
2153329
2153331
2153334
2153462
2153463
215407
215462
215463
215465
215467
215468
215469
215471
215479
215561
215562
215563
215565
215566
215568
215569
215571
215573
215574
215575
215576
215587
215622
215702
215737
215770
216115
216125
2161709
2162842
2163011
2163535
2163647
2163648
2163934
216479
216492
216493
216620
216707
216730
216731
216741
216762
216764
216766
216767
216768
216773
216774
216777
216798
216799
216801
216802
216820
216823
216834
216836
216837
216841
216842
216843
216844
216845
216846
216847
216848
216860
216884
216885
216888
216890
216893
216896
216897
216921
216927
2169450
2169453
216975
2170319
2170679
2170699
217475
2174903
217564
2175682
2176021
2176022
2176024
217703
217704
218118
218142
2182428
218259
218264
218265
218266
218280
2183544
2184076
2184952
218543
218547
218633
218665
218683
219008
219013
219212
219597
219601
219661
2200875
2200936
2200954
220110
220111
2201270
2201886
2202155
2202344
2202345
2204101
2204102
2204109
2204120
2204124
2204126
220483
220631
220634
220640
220647
220750
220759
220801
2211333
2211334
2211335
2211363
2211657
2211658
2211659
221204
2212373
2212400
2212401
221253
221254
221255
221257
221258
221259
221260
2213110
2213119
2213124
221336
221442
221454
221624
221626
221627
221629
221683
221684
221737
221743
2217652
2219007
2219665
2219684
221976
2219862
2219880
221995
221998
222003
222013
222015
222067
222563
222884
223072
2231137
2231170
2231174
2231175
2231201
223154
223157
2231577
2231603
2231650
2231657
2233981
2234094
223650
223651
223783
224129
224457
2248425
2248427
2250153
2250240
2250241
225107
225117
225159
225164
225169
225304
225362
225407
225408
225840
2259046
2259180
2259389
2259400
2259401
2259524
2259639
2259843
2259845
226125
226126
226230
226311
226320
226321
2267218
2267790
2267845
2268451
2268630
2268653
2268662
2268699
2268987
227480
227732
227746
227897
227922
227983
227988
227990
2282343
2282702
2282824
2282857
2283140
2283839
228457
228495
228594
228610
228749
2290940
2291002
2291004
2291095
2291357
2291359
2291363
2291365
2291366
2291373
2291374
2291459
2291467
2291635
2291636
2291665
2291672
2291719
2291720
2291721
2292165
229243
2292707
229290
2294036
2294038
2294178
229537
229543
229672
229692
230010
230011
2301242
2301598
2301599
2302401
2302903
2303416
230409
230410
230411
230412
230413
230415
2304167
230419
2304193
230420
2304215
230445
2304607
2304654
230516
2305210
2305213
2305414
230562
2305714
230603
2306167
2307130
230808
23110
231218
231260
231349
231488
2315208
2315413
2315415
2315890
2315891
2315893
2315894
2315904
231603
231608
231618
231620
231624
231625
2316369
2316370
2316374
2316406
2316407
2316432
2316433
2316438
2316440
2316508
2316510
2316522
2316537
2316663
231748
231818
231958
2320214
2320254
23207
232090
23211
232287
232288
232428
232512
232514
232859
232952
233184
233185
233186
233187
233190
233484
2338433
234493
234573
234584
234597
234810
234818
234879
235079
235080
235081
235267
2358306
2358353
2358393
2358394
2358395
2358416
2358431
2358432
2358441
2358442
2358452
235853
235937
235940
235954
235958
236042
236043
236044
236045
236046
236048
236049
236050
236051
236170
236271
236552
236787
237043
237076
237180
237183
237192
237368
237447
237448
237449
237450
237451
237452
237453
237454
237455
237456
237457
237466
237470
237471
237550
237571
237574
237588
237593
237919
237954
238097
238746
238774
238782
238784
239119
239205
240183
240185
240228
240359
240361
240364
240383
240496
240501
240571
240573
240578
240818
240950
241184
241406
241424
241713
241845
2419807
2419808
2419809
2419810
2420318
2420342
242159
242515
242744
242751
242753
242754
242756
242757
242763
242770
242776
243198
243268
2434
243652
243784
243822
244264
244423
244449
244450
244454
244455
244770
244861
2448638
2448773
2449093
244960
244961
244962
244963
245077
245079
245171
245175
245179
245188
245562
245892
246117
246121
246124
246752
246892
246893
246894
246978
247030
247297
247564
247647
2478777
2479500
2480081
2480974
2480975
2480979
2480980
2483426
2484127
248471
248483
2486182
2486184
2486185
2486360
2486712
2486720
2486761
2486798
2487144
248751
248757
2488737
2488762
2490759
2490761
2491135
2491358
2491907
2492654
2493209
2493233
2493243
2493505
2493506
249369
2494480
2494894
2496030
2496031
2496033
2496034
2496036
2496037
2496038
2496039
2496040
2496596
2496629
2497411
2499525
2499526
2499970
2499985
2501651
2501652
2501657
2506156
2506164
2506166
2506169
2506213
2506230
2506269
2506349
2507911
2508614
2508839
2509000
2509257
2509461
2509462
2509463
2510232
2510777
2510780
2511351
2511376
2511825
2511896
251331
251332
251455
251475
251482
251503
251504
251681
2517329
2517330
251738
2517823
2518962
252311
252313
252314
252315
252359
252360
252361
252363
252364
252365
252666
252669
252671
2527708
2527972
2527978
2527991
2528003
2528148
2528149
2528150
2528152
2528154
2528740
2528933
2528939
2528942
2528944
2528949
2528950
2528951
2528952
2528956
2529244
2529245
2529398
2530480
2530481
2530482
253073
253074
253075
253076
253081
253083
253085
253190
253191
253197
253198
253199
253200
253202
253216
253295
253304
253694
253695
253696
253697
253698
253860
253861
253863
254031
254056
254125
254158
254159
254430
2545651
2545856
2546068
2546070
2546672
2546683
2546689
2547404
2547412
2547484
2547605
2547607
2547611
2547615
2547616
2547617
2547619
2547620
2547625
2547627
2547633
2547642
2547651
2547761
2547776
2547787
2547788
254876
254877
2550839
2550840
2555445
2555446
2555447
2555452
2555453
2555454
2555455
2555456
2555457
2555458
2555459
2555460
2555461
2555462
2555463
2555464
2555465
2555469
2555485
2555486
2555488
255560
2555683
2555684
2555729
2555740
2555741
2555742
2555743
2555744
2555745
2555749
2555755
2555756
2555760
2555768
2555769
2555770
2555874
2555988
2555989
2555990
2555991
2555992
2556032
2556033
2556034
2556036
2556037
2556062
2556063
2556064
2556065
2556071
2556073
2556074
2556076
2556080
2556081
2556083
2556084
2556085
2556086
2556087
2556088
2556090
255703
2557542
255777
255891
255894
2560038
256004
2560869
256104
2561880
2561900
2561930
2562239
2562349
2562680
2562777
2563085
2563342
2563702
2563703
2563705
2563706
2563707
2563708
2563710
2563714
2563715
2563716
2563717
2563718
2563719
2563727
2563728
2563896
256678
2567862
2569847
2569856
2569897
2570288
2570337
2570378
2570542
2571026
2571027
2571220
2571262
2571749
2571973
2571989
2572475
2572563
2574742
2574744
2574746
2575364
2575444
257623
2576346
2576534
2576566
2576617
2576618
2576753
2576783
2576784
2576785
2576786
2576788
2576789
2577027
257771
2578210
257877
258031
2583056
2583061
2583406
2583407
2583422
2583439
2583440
2583441
2583829
2583839
2584052
258463
258468
258469
258470
258493
258495
2584954
2584957
258496
258498
2586197
2586954
2587268
2587269
2587452
2587881
2587882
2587883
2587885
2587890
258806
2588146
2588357
258836
2589027
2589121
2589376
2589646
2589650
2589717
2589718
2589722
2589723
2589798
259040
259041
2590415
2590577
2590897
2590921
2590922
2591203
2591472
2591483
2591492
2591493
2591495
2591511
2591512
2591514
2591517
2591518
2591519
2591586
2591689
2591690
2591852
2592187
2592552
2592553
2592882
2592890
2593073
2593266
2593363
2593442
2593470
2593691
259377
259378
259379
259385
2594426
2594871
2594872
2594873
2594875
259522
259548
259625
259626
259646
259647
259648
259652
2597359
2597375
2597714
2597715
2598532
2598533
2598538
2598540
2598544
2598547
2598548
2598555
2598559
2598567
2598577
2598770
2598878
259894
259923
259924
2599392
2599770
259979
259986
2599968
2599977
2600099
2601838
2601843
2602924
2603224
2604070
2604071
2604075
2604098
2604508
2604837
2604950
2605655
2605704
260576
260577
2606404
2606406
2606520
2606540
2606551
2606724
260685
2606879
2606882
2606883
2606914
2607454
2607617
2607618
2607620
2607621
2607622
2607623
2607674
2607890
2607994
2607995
2608285
2608291
2608785
2608849
2609847
2610849
2611280
2611340
2611346
261184
2613926
261449
261450
2614548
2614552
2614558
2614888
2614889
2614890
2614891
2614892
2614893
261828
261829
261830
261834
261837
261842
261843
261844
261845
261850
261876
261879
261882
261885
261889
261891
261892
261894
261899
261906
261913
261971
262097
262226
262237
262243
262295
262427
262428
262914
262918
262969
262970
262971
263007
263150
263152
263154
263192
263195
263202
263204
263422
263736
263821
263848
263979
264052
264055
264058
264068
264087
264121
264221
264431
264471
264804
2650451
2650458
2650462
2650666
2650695
2650738
2651136
2651821
2651881
2651908
2651909
2651911
2651976
2651980
2651983
2652002
2652008
2652044
2652045
2652162
2652169
2652452
2652453
2652454
2652455
2652456
2652457
2652458
2652459
2652460
2652461
2652462
2652463
2652464
2652465
2652466
2652467
2652468
2652469
2652470
2652472
2652473
2652474
2652475
2652477
2652478
2652480
2652481
2652482
2652483
2652484
2652485
2652486
2652487
2652488
2652490
2652491
2652492
2652493
2652494
2652495
2652496
2652497
2652498
2652499
2652500
2652502
2652503
2652504
2652505
2652506
2652507
2652508
2652509
2652510
2652511
2652512
2652513
2652514
2652515
2652517
2652518
2652520
2652521
2652522
2652523
2652524
2652525
2652527
2652528
2652529
2652530
2652531
2652533
2652534
2652536
2652537
2652538
2652539
2652540
2652541
2652542
2652543
2652544
2652546
2652547
2652548
2652549
2652550
2652551
2652552
2652553
2652554
2652556
2652557
2652558
2652560
2652561
2652562
2652563
2652564
2652566
2652567
2652569
2652570
2652571
2652572
2652573
2652574
2652576
2652577
2652578
2652579
2652580
2652582
2652583
2652585
2652587
2652588
2652589
2652591
2652592
2652593
2652594
2652596
2652597
2652598
2652600
2652601
2652602
2652604
2652605
2652606
2652607
2652608
2652609
2652610
2652611
2652612
2652613
2652614
2652615
2652616
2652619
2652620
2652621
2652622
2652624
2652625
2652626
2652627
2652628
2652629
2652630
2652631
2652633
2652634
2652636
2652637
2652638
2652639
2652640
2652643
2652644
2652645
2652646
2652647
2652648
2652649
2652650
2652651
2652652
2652653
2652654
2652655
2652656
2652657
2652658
2652659
2652660
2652667
2652668
2652669
2652671
2652672
2652675
2652676
2652678
2652680
2652681
2652682
2652683
2652684
2652685
2652686
2652687
2652688
2652689
2652692
2652693
2652694
2652696
2652697
2652698
2652699
2652700
2652701
2652724
265276
265277
2652905
2653059
2654653
2654663
2654664
2654665
2654666
2654667
2654668
2654669
2654678
2654680
2654861
265524
265528
265534
265540
265543
265544
265545
265549
265550
265551
265552
265554
265558
265559
265560
265561
265563
265564
265584
265586
265591
265592
265612
265616
265785
265844
265895
2661842
2661873
2661874
2662319
2662417
2663161
2663265
2663272
2663283
2663349
2663351
2663490
266395
266401
266409
266411
2664135
2664499
2664504
266495
2665204
2665882
2665883
2666230
2666306
2666436
2668088
266818
266819
266820
2669293
2669294
267
267216
267219
267221
2675411
267566
267567
2675829
2675830
2675831
2675832
2675833
2675834
2675835
2675836
2675837
2675838
2675839
2675840
2675841
2675842
2675843
2675844
2675857
2675923
2676082
2676190
2676833
2678605
267983
2679974
2679983
268104
2681651
2681652
2682043
2684369
2684370
2684442
268819
268820
268821
268823
268827
269043
269044
269134
269141
2691551
2691979
2692262
2692273
2692274
2692281
269363
269405
2694788
269486
269540
269609
2696278
2696295
2696571
2696944
2696947
2698236
2698369
2698418
2699325
2699462
2699523
270263
2703868
2704089
2704093
2704094
2704097
2704098
2704136
270431
270432
270437
270440
270443
270446
2704522
2704673
2704675
2705250
2705251
2705378
2705532
270628
2706568
2706570
270696
2707112
2707174
2708
2708026
2708265
2709424
271030
271031
2710643
2710716
2710774
2710916
2711
2711120
2711122
2711231
2711278
2711279
271129
2711301
2711334
2712102
271266
271268
271272
271284
2713054
271316
2713251
2713330
271355
271367
271369
271377
2714763
2714800
2715011
2715081
2715082
2715085
2715086
2715087
2715088
2715280
2715282
2716565
2716572
2716576
2716577
2716578
2716585
2716591
2716593
2716595
2716597
2716600
2716695
271675
271679
271692
2717396
2717513
2717575
2717920
2717922
2717924
2717950
2718004
2718042
271831
2718971
2718994
2719301
2719324
2719538
2719951
2719952
2720202
2721090
2721091
2721093
272144
272145
272154
272157
2722718
2722724
2723146
2723225
2723226
2723383
2723822
2723832
2723977
2724370
2724427
2724434
2724750
2724751
2724752
2724753
2724754
2724755
2724762
2724777
2724778
2724779
2724780
2724781
2724782
2724783
2724784
2724785
2724786
2724787
2724788
2724789
2724790
2724791
2724792
2724793
2724952
2724953
2724954
2724955
2724962
2725056
2725113
2725130
2725139
2725246
2725330
2725370
2725949
272737
272745
272794
2728108
2728109
2728110
2728111
2728113
2728114
2728115
2728120
2728121
2728122
2728123
2728124
2728128
2728129
2728132
2728133
2728134
2728135
2728166
2728514
2729092
27291
27292
2729375
2729553
27296
2729673
27297
27299
272998
273000
273005
273006
273010
273017
273019
273040
273041
273044
273051
27306
2730856
2730875
2730876
2730877
2730878
2730879
2730892
2731300
2731302
27322
2732265
2732450
27325
27326
273282
2732863
27334
2733707
273371
273372
27342
2734651
2734661
2734675
2734676
2734677
2734684
2735170
2735798
2735801
2735973
2735983
2735985
2735986
2735990
2736679
273748
2737744
2737748
2737756
2737759
2737814
2738253
2738256
2738257
2738258
2738262
2738268
2738271
2738275
2738277
2738283
2738284
2738285
2738286
2739030
2739031
273904
2739050
2739053
273907
2739562
2739565
2739568
2739576
2739577
2739578
2739581
2739583
2739585
2739586
2739591
2739618
2739893
2739894
2739895
2739896
2739897
2739898
2739899
2739900
2739901
2739902
2739903
2739904
2739905
2739907
2739908
2739909
2739911
2739912
2739913
2739914
2739915
2739916
2739919
2740666
2742144
2744139
2745546
2745549
2745550
2745551
2745553
2745554
2745555
2745556
2745557
2745568
2745579
2745580
2745613
2745721
2745724
274588
274613
2746512
2746694
2746698
2746700
2746895
2747875
2747880
2747898
2747904
2747905
2747958
2747970
2748006
2748008
2748195
2748384
2748578
2748608
2748611
2748896
2749349
2749350
2750014
2750015
2750016
2750017
2750018
2750424
2750430
2750436
2750443
2750815
2751894
2751899
2751900
2752755
2752756
2754053
275429
2754511
2754530
2754693
2755110
27575
2757712
2757713
2759152
2759154
2759249
2759250
2760380
2760439
27606
2760743
2760912
27610
27615
2761562
2762
27622
2762582
2763134
2763340
2763554
2764602
2764997
2766786
27675
2767521
2767522
2767524
2767525
2767526
2767527
2767590
2768810
2769
2769039
2769837
2769838
2769839
2770580
2770644
2771207
2771259
2771260
2771261
2771262
2771263
2771266
2771288
2775078
2775602
2777054
27771
2777157
2777199
2777658
2777711
2778049
2778481
2779379
2779383
2779387
2779390
2779393
2779394
2779396
2779405
2780016
2780112
2780173
2780184
2780187
2780192
2780193
2780203
2780215
2780240
2780250
2780251
2780274
278030
2780313
2780335
2780344
2780352
27804
2780433
2781058
2781114
278112
278121
278122
278125
2781474
2781573
2781831
2782397
2782641
2782744
2784196
2784373
2785200
2785203
2785205
2785239
2785240
2787047
2788
278822
278946
2789656
278979
278986
2789901
2789921
2790054
2790055
279125
279127
279137
279138
279146
27923
2792755
2792761
2792763
2792849
2792850
2792851
2792856
27934
27940
2794243
27944
2795000
2795197
27952
2795203
2795267
2795268
2795626
27957
2795747
27963
279642
279643
2796462
27965
279653
27967
2796890
2797543
2797825
2797827
2797828
279922
2799442
2799447
2799786
28001
28003
2800447
2800448
2800450
2800453
2800454
2800474
2801169
2801175
28014
2801509
2801841
2802088
2802089
2802091
2802116
2802321
2803505
280463
2805718
2805719
2805720
2805721
2805722
2805723
2805724
2805725
2805726
2805728
2805729
2805730
2805731
2805732
2806002
280839
280852
280858
2808947
2809013
28095
2810071
2810150
281027
281038
2810562
281058
2811425
2811680
2811703
2811959
2812380
2812385
2812392
2812394
2812397
2812403
2812413
2812420
2812485
281254
281255
2812566
2812589
2812799
281284
281366
281368
281371
281374
2813890
2813891
2813894
2813895
2813896
2813926
2813927
2813928
2813929
2813930
2813931
2813982
2814046
2814300
281460
2814609
281608
281609
281610
281611
281612
281613
281614
281615
2816236
281672
2816827
2816971
2817109
2817429
2817656
2818247
2818248
281838
2818401
2818402
2818404
281842
2818482
281852
2820035
2820079
2820081
2820086
2820106
2820109
2820110
2820112
2820116
2820147
2820187
282062
2822231
2822264
2822278
2822285
2822290
2822291
2822299
282298
282304
2823256
2823260
2823262
2823525
282363
282364
282368
282373
2824854
282662
2827003
2828053
2828774
2828850
2828851
2828853
2828854
2828855
2828856
2828857
2828858
2828859
2829
283035
2830476
2831089
283153
2831534
283346
2836179
283655
2836739
2836743
2836749
2836758
2836759
2836760
2836761
2836762
2836763
2836765
2836766
2836767
2836770
2836771
2836773
2836774
2836775
2836776
2837384
2837385
2837474
2837490
2837575
283763
2837683
283781
283783
2839741
2839827
284013
2840382
2840387
2840388
2840389
2840390
2840391
2840392
2840393
2840394
284119
2841288
2841341
2841617
2841619
2841836
284237
2843
2843339
2844894
28458
28464
284676
284681
284684
2846882
284693
284695
284698
284699
284706
284726
284727
284729
284730
284755
284756
284757
284758
284759
284760
284783
284784
284787
284788
284789
28479
284790
284792
284793
284797
284798
284799
284802
284805
284931
284967
2849679
284968
2849681
2849682
284971
284976
284978
284979
284980
284981
284982
28503
2850520
285082
285111
28526
2853
28532
2853245
2853605
2854
28540
2854224
28548
28549
28551
28555
28558
2855861
2856
2856738
2856739
2856740
2856741
2857040
2857042
2857044
2857377
2857394
2857398
28578
2859483
2859577
2859578
285985
2860820
286086
2861142
2861251
2861277
2861751
2862141
2862204
2862367
2862507
2862760
2863858
2863859
2863862
2864025
2864026
2864030
2864031
2864115
286419
286432
2864434
2864880
286491
2864957
2865170
2865179
2865190
2865191
2865196
2865199
2865205
2865218
2865228
2865232
2865236
2865256
2865259
2865268
2865269
2865312
2865343
2865376
2865384
2865387
2865392
2865393
2865416
2865419
2865426
2865460
2865465
2865468
2865480
2865521
2865540
2865559
2865594
2865595
2865624
2865940
2866
286617
2866174
2866175
286619
2866221
286661
286663
2866817
2866818
2867075
2867077
286739
2867499
2867501
2867506
286791
2869
286919
2869577
2870510
2870670
287098
2872
2874168
2874172
2874390
2876143
2877726
2877734
2877735
2877737
2877738
2877744
2877745
2877746
2877747
2877748
2877749
2877750
2877751
2877753
2877754
2877755
2877763
2877765
2877774
2877781
2877789
2877790
2877791
2877813
2878106
2878319
2878697
2878918
2879469
2879470
2879471
2879472
2879474
2879475
2879476
2879477
2879478
2879479
2879480
2879603
2879604
2879606
2879607
2880
28800
288015
2880164
2881280
2883620
2884181
2884318
288454
2884548
2884585
2884632
2884784
2884788
2884899
2884958
2885156
2886196
288669
2888283
2889
2891243
2892585
2893
28930
2893630
289378
289389
289421
28954
28955
2895525
2895817
289599
289602
289605
289606
289607
289612
289615
289616
289625
2896444
28967
28968
28974
2897817
2898037
2898043
2898045
2898052
2899173
2899174
2899175
2899176
2899240
2899797
2899815
290070
290072
290073
290074
290075
290076
290077
2901277
290137
290139
290141
290143
290144
290149
290150
290189
2902008
2902023
290211
2903
2904152
2904400
290522
290538
2905948
29065
2906548
2906549
2906878
2907173
2907174
2907175
2907179
2907180
2907183
29078
290786
290790
290791
290794
290796
2908197
290838
290839
290840
29088
2909459
2909485
2909526
2909847
2909850
2909856
2909887
2909984
291029
291030
291031
291032
291033
291096
2911221
2911859
291206
291207
291208
291213
291215
291216
291217
291221
2912334
2912342
2912363
2912505
2912879
2912880
2912988
2912989
2912992
2913033
291306
2913149
2913294
2913296
2913297
2913298
2913299
2913300
2913304
2913318
2913353
2913355
2914000
2914002
29144
2914791
2914906
29151
2915133
2915640
29158
2916
2917119
2917120
2917430
29184
2918435
2918437
2918460
2919361
29195
2919509
2919510
2919511
2919513
2919514
2919515
2919516
2919517
2920
29205
292067
29207
29208
29209
292126
2922058
29222
2922417
2922911
2923
2923270
2923271
2924090
2925
2925154
2925353
2925398
2925399
2925404
2925417
2926
2926294
2926841
2927301
2927303
2927306
2927311
2927313
2927796
2927974
2928
2928255
2929575
2929765
2930371
2931362
2931363
2931818
293183
293191
293192
293194
293195
293196
293198
2932
293200
293201
293204
293209
293216
293218
293227
293229
293230
293231
293244
2932459
2932460
2932487
293249
293252
2932746
293275
2932820
2932821
2932822
2932823
2932824
2932825
293379
293381
2933818
2933819
2934426
2934438
2934460
2935
293559
2936289
2936409
2936456
293646
2936604
2937
293794
2938
2938944
2939031
2939032
293939
2939511
2939657
2939658
2939664
293983
2943538
2943539
2943540
294377
2943816
2943817
2944257
2944824
2944825
2945
2945581
294749
2949294
2950
2950227
2950228
2950352
2950976
2951
2951003
2951386
2952697
2952890
2954167
2955316
2957
295837
2959
2959374
2959375
2961
2961560
2962066
2962110
2962497
2962568
2962861
2963725
2963889
2963942
2964482
2965081
2965082
2965083
2965084
2965086
2965087
2965111
2965123
2965284
2965285
2965323
2965488
2965489
2965490
2965491
2965492
2965493
2965494
29655
2965522
296587
296588
296590
2966
2966623
296670
29668
2967111
2967112
2967236
2967348
29677
296776
29679
2968077
2968236
2968430
2968501
2968503
2968505
2968506
29686
2969166
2969167
2969168
2969189
2969191
29695
2969666
2969959
2970911
2971043
2971081
2971364
2971365
2971496
2971497
2972403
2972408
2972411
29725
2972647
2972865
29729
29730
2973586
2973643
297372
297413
2974344
297438
297447
297516
297517
297518
297519
2976044
2976077
2976774
2976838
2977751
2978148
2978252
2978293
2979202
2979203
2979247
2979620
2980405
29805
2980637
2980940
298135
29818
2982173
29829
29833
2983309
2983568
2983569
2983578
298366
2984056
2984061
2984062
2984088
29841
298418
298422
2984266
2984269
2984345
2984346
2984350
2984353
2984355
2984356
2984357
2984361
2984365
2984366
298447
29845
298460
298469
2984886
298513
2985305
2986
298604
298643
2987704
2987705
29883
298899
29898
29899
29911
29914
29916
29917
29918
29919
299206
2992521
2992683
299329
2993699
2993742
2993743
2993956
2994320
2995687
2995689
2995690
2995691
2996
299778
299798
2998
2998125
2998126
2998132
2998135
2998136
2998137
2998288
2998809
3000
30023
30025
300254
3003
3003226
3003317
3003318
3003490
3003917
3004043
3004509
3005
300512
300516
300845
300846
3012
301346
3013920
3015605
301611
3016982
3018275
3018378
301854
3018751
3019453
3019518
3019641
3019642
3019643
3019644
302021
3020498
3020601
3022
302269
3023511
3025183
3025391
3025796
3025908
30277
30279
3028166
30282
30283
3028312
3028772
3028841
3028912
3028914
3028915
3028916
3028918
3028919
3029
30291
3029278
30293
3029657
30297
30301
3030862
3030995
3032085
3032086
3032277
303237
303303
303398
3034
303400
303402
3034176
3034875
3035520
3035521
3035588
3035838
3036231
3036234
3036438
3037716
3038936
3038939
3038943
3040088
3040089
304012
3041379
3041873
304202
3042081
304220
304223
3042507
304322
3043345
3043346
3043757
3043770
304428
304447
3045181
3045972
3045982
3045983
304850
304864
304865
3049150
30501
3051248
3051504
30522
30532
3053446
3053524
305361
3053817
3054773
3054900
305532
3055487
3055940
3057775
3057777
305787
305828
305829
305830
305833
305835
305837
305838
3058887
3059422
3062416
3062420
3062422
3062423
3063201
306329
306344
306345
306348
306350
306364
306365
306367
30640
3065893
3068794
306880
306885
3068899
3068900
3068901
3068911
3068948
3068953
3068972
3068973
307031
307055
3070769
307163
3071773
3071778
3071802
3072446
307245
307246
307247
3073239
3073436
3074276
3074467
3075
3075301
3075329
3075330
3075370
3075448
3075681
3076
307616
307619
3076459
3076609
3076615
307758
3078203
3079
3079369
3079619
307972
3080930
3081209
3081213
308151
308214
3082571
3082701
3083149
308475
308566
308567
308574
308579
3085926
308599
308608
308610
308614
308616
308620
308623
308659
308662
308777
3088
308876
308881
308885
3090681
3090682
3090683
3090684
3090685
3090686
3090687
3090688
3090689
3090690
3090691
3090692
3090693
3090694
3092284
3092287
3092289
3092756
3092759
3092760
3092761
3092762
3092763
3092764
309355
309358
309360
3095324
3095559
3095657
3096637
3096638
3096982
309721
309737
3098094
309823
3098960
309984
310047
3101662
310288
310292
31033
310543
310544
310545
310546
310563
310565
3105834
3105985
310810
310830
310905
3110705
3110706
3110708
3110709
3110710
3110712
311201
311332
311387
311390
311570
3116
31167
3117
311941
311979
31216
312228
31228
312471
31276
31296
31301
31325
31340
313438
31354
314089
31417
314193
314211
314250
314251
3144
314508
314511
314515
314516
314519
314522
314529
314533
315347
315533
315606
315780
315784
3159
316165
316166
316170
316173
316177
316178
316183
316184
316189
316191
316192
316193
316194
316200
316203
316205
316206
316209
316211
316216
316218
316222
316224
316226
316230
316231
316279
3165
316610
316669
316741
316814
316891
316893
316895
316898
316899
316901
317043
3171
317129
317130
317131
317132
317135
317137
317413
3175
317520
317523
317536
317543
317948
318049
318094
318097
318448
318709
318710
318716
318718
318793
318818
319230
319547
319551
319627
319629
319630
319631
3197
319734
320166
32052
321176
321700
3218
32219
3222
32232
3225
32276
322858
323286
323290
323294
323299
323302
323307
323310
323323
323326
323328
323452
323453
323732
323744
324130
324507
324623
324673
324754
324803
324809
324810
324811
324812
324873
324880
324890
324891
325066
325067
325078
325255
325261
32536
325533
325534
325536
32570
32595
32597
32599
32600
326070
326149
32630
326572
326963
327032
327035
327054
327389
327391
327576
327968
328340
328349
328351
328352
328359
328385
328388
328428
328562
328570
328590
328594
328596
328598
328599
328601
328605
328621
328824
329443
329447
329459
329474
329475
329707
329760
329879
329884
329885
329973
330138
330153
330378
330429
330880
330883
330898
330974
33099
33102
331062
331079
331085
33114
331466
331469
331475
331494
331495
331498
33175
33176
331980
332034
332109
3322
332299
332301
332648
333099
333133
333338
333350
333673
3338
3339
333970
3341
3342
3343
3345
334544
334703
334704
334705
334709
334710
334749
334754
3348
33483
3349
3350
3352
3353
335940
335975
335992
336071
336292
33640
33642
33645
33649
33653
33657
33658
33659
336766
3369
337100
337180
337320
337416
337443
337446
338244
338254
338269
338572
338913
339963
339964
339968
340021
340022
340023
340024
340078
340183
340370
340371
340412
340414
3406
340690
340691
340710
3410
34105
341263
34136
3414
341454
3415
34154
341589
341943
342586
342808
34284
34297
34298
34299
34305
3435
34352
34381
343855
343871
344078
344079
344095
344105
344173
344396
34454
34457
344733
344913
34499
34520
345464
345466
345682
34588
345912
345913
345914
345915
345916
345918
345920
346063
3469
346939
347305
347359
34764
34765
347994
348049
34816
3483
348448
348535
3486
348695
34880
348802
348804
34884
34886
349254
349456
349476
349509
349560
349748
349775
349956
350040
350064
350065
350423
350429
350433
3505
35084
35097
35101
3512
35122
351220
35128
35130
351366
35137
35139
35144
35151
35155
35157
3516
3517
351727
351729
3518
35217
352217
352262
352465
352467
3527
353008
353213
353636
353922
353925
353935
353977
354008
354011
354034
354045
354049
354071
354200
354202
354588
355633
355634
355897
356471
356473
356477
356479
356481
356485
356651
35672
35677
35679
356809
35684
35687
35688
356896
356917
356926
356928
357246
357350
357422
357428
357429
357430
357752
357933
358140
358434
358627
35875
3589
35935
35968
35972
35979
359838
359857
35986
359888
359981
359984
359985
36022
36035
36044
360460
360512
360534
360536
360543
36055
36061
360663
360664
360679
360681
360697
360708
360729
360892
360896
361078
361155
36121
36124
36137
361426
361427
361473
3625
362532
362788
363005
36321
36331
363325
363326
3635
363903
3641
364200
364522
364664
364682
364727
364739
364747
364773
365009
365188
365209
365235
365238
365265
365269
365275
365289
365291
365292
365310
365315
365357
365381
365524
365525
3656
365608
36594
36595
36599
36604
3661
36610
36612
36614
36616
36618
3662
36620
36622
36624
36630
36631
366393
366396
3664
36641
366427
366441
366455
36646
366476
366478
366481
366482
366483
366486
366488
36651
366516
366519
36653
366537
36654
36656
366588
366593
366596
366598
366601
366603
366608
366611
3668
36723
367354
367565
36770
36774
367774
367816
3679
367903
367912
368604
36881
36892
36894
368946
3690
3691
36911
36914
3694
369424
369639
369779
369785
369786
369946
3702
37029
370574
3707
3708
37094
37095
37097
3710
3711
3712
371430
371442
371449
371465
371472
3715
371514
371520
3716
371642
371651
371653
371664
371665
371667
371669
371681
37181
371830
371859
372025
3726
372999
3730
373000
373003
373004
373005
373006
373007
373008
373009
373013
373014
373015
373016
373018
373026
373042
373093
373143
37318
37319
373306
37334
373401
373514
37354
37356
373630
37395
374009
37410
374178
37431
37433
37469
3747
37475
374781
374954
374960
374962
374964
374966
374967
374968
3750
37510
37515
3752
37520
37541
375433
375451
375454
3755
3760
376046
376103
376111
376118
376127
376137
376140
37621
376251
376260
376353
376364
37641
37642
37656
37661
37690
37709
37710
377102
37721
37723
37724
377452
37804
378188
378218
378272
378275
378276
378363
378370
378412
378414
378505
378545
378929
379268
379323
379326
379347
379403
379404
379955
37998
380130
380131
380132
3806
381086
381761
381915
381942
381946
381947
382360
382364
382365
382366
382367
382368
382370
382373
382377
382379
382380
382386
382387
382388
382391
382392
382397
38246
382532
382552
38265
38269
382699
3827
382703
382704
382717
38281
38342
38358
383871
384328
384329
384330
38463
385413
385418
385419
38588
386463
386627
38689
3871
38727
387435
387592
38760
387603
387663
38787
3879
387914
387916
3880
38808
38809
38810
38817
38822
388226
388228
388232
38824
38833
38836
38846
38865
38872
388721
388753
3888
38881
3893
38941
38942
389629
389630
389640
3899
3900
390142
39027
390681
39082
390888
390890
390894
3909
391043
3911
391244
391336
391595
391639
3917
391825
391962
391975
391980
392030
392034
392276
392430
392739
39284
393032
393035
39317
39321
393876
39395
394046
39412
39432
39447
39448
39449
394492
39450
39453
39455
394564
39468
394690
394693
394729
394730
394750
394767
394770
394800
395010
395285
395286
395882
395885
39594
396043
396333
396344
396345
396411
396515
396591
396592
396593
396600
397098
39714
39717
397373
397382
397384
397401
3975
397552
397554
397560
397561
397580
397582
397594
397951
397978
397989
3981
398295
3983
398472
39848
398583
3986
398634
398639
3988
399047
399078
399092
399094
399105
399189
399292
3993
399303
39946
39947
39966
399677
399722
400110
400755
400756
4009
40130
40145
40148
40149
401629
401636
401960
401962
401966
40204
4025
40252
40256
402583
4026
4029
40296
4032
40328
40333
4035
40355
40401
40404
40409
40437
40450
40452
40464
404716
40483
4052
405250
405251
405252
405253
405437
40559
405647
405649
405672
405673
405674
405846
40592
405983
406053
406062
406065
406289
406516
406643
406760
406843
407008
407037
4072
407208
407301
4079
407941
408072
4081
408194
40830
4084
408858
408874
408876
408879
408880
408881
409285
409286
4093
409302
4096
4097
4098
40986
409891
40993
4100
41045
41047
41049
41052
41057
41062
410623
41063
41066
41067
41068
41070
410738
4109
4111
41117
4112
41120
411227
4113
411503
411504
411505
411510
411511
411572
411579
411696
41210
412152
412156
412157
412158
412164
412444
412679
41281
412837
41300
413064
41359
413604
413647
413664
413665
413847
413848
413849
413850
413851
413938
413940
413944
414396
414539
41457
414672
414673
41486
414964
414965
41550
415605
41561
415614
415978
416025
416131
416288
416408
416409
416410
416411
416412
416414
416415
416416
416450
416578
416808
416825
416828
416830
416841
416842
416868
417073
41718
41721
41749
41750
41752
41793
418113
418329
418343
418371
418378
418379
41839
41875
41877
418781
418785
41880
41886
418907
418937
418956
418962
418964
41900
41901
419017
41903
419057
419058
419059
419288
419442
419527
41958
41959
419779
42003
4202
420259
420275
420283
420354
420357
420358
420540
420551
420553
420554
420555
420556
420557
420558
420559
420565
420569
420576
420590
420596
420598
420601
420603
42064
420641
420782
420999
42210
4222
42229
422444
422445
422446
422447
422448
422449
422451
422452
422454
422455
422459
422470
422473
422481
422483
422500
422501
422502
422503
422504
422505
422506
422508
422509
422510
422511
422512
422513
422514
422515
422516
422517
422521
422522
422523
422525
422527
422528
422529
422530
422531
422532
422533
422534
422535
422536
422537
422538
422539
42254
422540
422541
422542
422544
422545
422546
422547
422548
422549
422550
422551
422554
422555
422557
422558
422559
422560
422569
422570
422571
422572
422574
422575
422576
422577
422578
422580
422582
422583
422585
422586
422587
422588
422591
422593
422594
422596
422599
422600
422602
422603
422610
422611
422612
422615
422616
422617
422618
422619
422636
422639
422649
422668
422669
422670
422686
422687
422688
422689
422690
422693
422695
422698
422700
422701
422702
422703
422704
422705
422706
422707
422708
422709
422710
422711
422712
422714
422719
422720
422734
422740
422751
422752
422753
422754
422755
422756
422757
422759
422761
422763
422766
422767
422769
422776
422777
422781
422784
422785
422792
422796
422806
422807
422808
422811
422816
422817
422824
422835
422836
422842
422845
422848
422852
422853
422855
422856
422857
422858
422859
422860
422861
422862
422863
422864
422865
422866
422869
422870
422871
422872
422873
422874
422875
422876
422878
422879
422880
422881
422882
422883
422884
422885
422886
422891
422895
422896
422897
422898
422899
422900
422901
422902
422903
422904
422906
422908
422916
422922
422923
422925
422928
422929
422930
422934
422936
422937
422938
422939
422940
422943
422945
422947
422949
422950
422972
423005
423017
423018
423019
423021
423028
423038
423039
423057
423058
423245
423246
423289
423465
423540
4236
423615
42384
42410
424407
42443
424484
424526
424530
424531
424540
424544
424546
424548
42467
425112
425177
425264
425318
425319
425320
425321
425322
425661
425801
425807
425808
425809
425813
425912
426078
426079
426080
426081
426082
4265
426624
426625
426630
426632
426633
426634
426635
426636
426638
426648
426663
426664
426669
426680
426804
42693
427040
427041
427286
427311
427312
427488
427489
427490
427491
427493
42754
42766
427694
427755
4283
428677
42893
429021
429024
429038
429153
429241
429428
429447
429452
429453
429456
429458
429460
429462
429474
429477
430713
430870
431000
431325
431326
431328
431329
431330
431331
431337
431340
431341
431353
431358
431359
431361
431365
431370
431393
431397
431399
431400
431563
431564
431567
431568
431593
431600
43166
43214
43215
43222
43226
43227
43229
432293
432297
43230
432339
432341
432344
432346
432348
432350
432352
432355
43265
432684
432685
43335
433405
433418
433461
433500
433501
433672
433694
433740
434030
434042
434044
434494
434692
435404
435756
435893
435999
436010
436017
436079
436462
43686
437763
437764
437765
437766
437767
437768
438341
438350
438356
438363
438374
438376
438378
438383
438385
438388
438413
438487
438488
438492
438879
439018
43925
43926
439317
439320
43935
43941
439459
439559
439604
43975
439895
439943
439946
44056
44058
44070
441092
441329
44140
441892
44243
442490
442665
44298
443223
443224
44398
44426
44440
44442
44445
44446
44447
44452
44453
44457
444604
444606
444607
44462
44463
444774
444934
445137
445188
445402
445457
445959
446025
446142
446143
44638
446415
44642
446479
446482
446911
446913
447008
447208
447210
447216
447241
447242
447492
447493
44762
447621
447793
447794
447962
448035
4491
449101
449131
449145
449150
449159
449242
44925
44926
449396
449397
449398
44941
449583
4498
449998
449999
450003
450181
450187
4505
45061
45095
45097
45100
45111
45113
45130
45140
45142
45143
45151
451527
451786
452053
4521
45213
4522
452646
4528
45280
4529
45297
4530
45300
45303
45306
45314
453302
453443
453445
453568
4537
45372
4538
454252
454254
454269
454270
454271
454274
454278
454282
454657
4550
45501
45502
45504
455101
45516
45549
4556
455647
45621
4565
45653
4568
456874
456999
457069
4572
457265
457647
457659
457661
457664
457692
4577
457700
457701
457876
45788
45794
45834
45839
45847
458486
458696
458866
458884
459221
459222
459294
459341
459342
459343
459519
459534
45954
459614
459616
45995
460590
4606
460756
460771
460778
46078
460784
460785
460789
4608
46092
46107
461118
46140
46146
462254
462282
462283
4628
462866
462868
462884
462885
462886
463198
463289
463290
463313
463315
463362
463619
463620
463621
463622
463623
463624
463657
463730
464034
464037
464041
464045
464070
464225
464228
464244
464278
46462
46472
464988
464989
464990
465062
46573
465777
465794
466009
466020
466035
46605
466106
466220
46634
46694
46700
46714
46722
46723
46738
467482
467485
467487
467491
467493
467494
467495
467496
467498
467500
467501
467503
467504
467505
467506
467507
467509
467511
467515
467516
467518
467546
46755
46767
467698
467805
4679
467939
467961
467971
467986
468070
468072
468074
468083
468085
468090
468099
4681
468101
468105
468108
468110
468112
468114
468117
4682
4684
46844
468558
468652
468659
468666
468700
468837
468976
469277
46947
469473
46948
469766
470020
470026
470064
470080
470082
470084
470107
470121
470126
470127
470140
470147
470158
470169
470170
470174
470175
470177
470178
47023
470288
470313
470411
470412
470419
470441
470449
470451
470457
470460
470461
470462
470479
47058
47068
47082
47083
47085
470915
470952
471149
47121
471302
471303
471307
471308
471309
471310
471312
471313
471317
471325
471328
471332
471334
471338
471341
471346
471348
471349
471350
471351
471352
471354
471356
471943
472257
47248
47281
47285
472931
47334
473367
473433
473490
473497
473576
473584
473595
473606
473610
473817
474294
474314
47475
47476
475174
475233
475660
475980
476100
47615
47622
476440
476441
477178
478127
478384
478392
478396
478398
4784
478410
478414
478420
478423
4788
478944
478986
479127
479134
479156
479173
479185
479225
479227
479274
479278
479279
479280
479281
479286
479292
47934
47962
47963
47965
47966
47967
47968
479716
479720
4798
47983
4799
480029
480030
48022
480330
480332
480333
480335
480338
480339
480341
480343
480344
480345
480346
480348
480351
480353
480359
480360
480361
480362
480363
480366
480380
480602
480603
480604
481301
481310
48142
48144
481459
48146
48147
48171
481892
481893
482145
482341
48242
48248
482497
482538
483013
483039
483047
483369
483370
483371
483524
483525
483526
483527
483528
483529
483531
484820
485277
485357
485360
485596
485951
485988
48599
48600
486065
486073
486194
486196
486202
486203
48668
48692
48697
48708
4876
487626
487632
487633
487634
487637
487640
487641
487642
487644
487645
487646
487647
487660
487661
487684
487910
488216
488413
488499
488522
488588
48874
488942
4896
490051
4903
490518
4911
491138
491161
49128
49144
491812
492051
492103
49231
49238
49239
49240
49243
49249
49252
49256
492566
492571
492573
49260
49261
49265
49266
492768
4929
4931
4932
49327
493617
493618
49369
49451
494514
494983
4950
49510
495260
4959
49666
49668
49675
497107
497157
4972
497293
4973
497394
4974
497490
497494
497498
49769
497703
497741
497816
4979
497994
498005
498006
498008
498483
498488
498490
498516
498524
498541
498941
499907
499908
500023
500057
500106
500109
500148
5002
500497
5005
50053
5011
50113
5012
501294
501320
501321
501322
50142
50146
501545
501546
501547
501548
501584
501608
501609
50174
50182
50207
502084
50225
502569
50273
502744
502745
502784
5028
502869
502950
502953
502968
503039
50342
50351
50415
50417
504260
50452
50459
50469
50511
5053
505327
505348
505349
505350
50545
505693
5058
5059
505981
5061
5064
5065
5066
5068
50730
5074
507445
507447
50745
5075
5076
5077
507739
507742
507747
507766
5078
507804
5079
5081
5082
508439
508443
508554
508917
508986
509128
50936
50953
50959
509924
509927
51019
510255
510257
510506
51051
51052
510609
510610
51062
51068
51072
510738
51107
51120
511225
511226
511227
511228
511229
511230
511231
511232
511514
511525
511652
511809
511983
512020
51221
512217
512222
512228
512238
512250
512255
512257
51240
51255
51282
51294
513066
513281
513283
513285
513286
513288
513292
51337
51338
513425
513426
51350
51351
51511
515461
515470
515473
515478
515479
515481
515482
515483
515484
515486
515487
515488
515974
516002
516591
516600
516601
516602
516603
516606
516607
516632
516636
516637
516642
516683
516688
516879
516881
516980
51721
517413
517553
517712
517776
5180
51821
518606
518607
518618
51918
519238
519246
519425
519441
51983
51987
520413
520414
52054
52057
52061
520981
5210
5211
52137
52139
521390
521395
52147
52150
52152
52153
522263
52253
522693
523209
523773
5241
524312
524900
524917
52521
52522
52524
52527
52529
52536
52547
52548
52552
52555
52557
52586
525907
526355
526598
526744
527499
5278
52793
527956
52824
528318
5286
52866
5288
529119
529148
529209
52923
529286
529288
52931
529468
529506
529577
529579
52964
529682
52970
529749
529820
52993
52995
53003
53022
53031
53035
530540
530567
5308
531392
531431
531433
531434
5315
531804
531888
5319
531906
5322
5323
5325
53268
53270
5329
5331
533354
53390
53485
53489
53490
535042
535056
535768
535810
535988
536046
53607
536289
536291
536292
536328
536343
53685
5370
537123
537194
537836
537839
53836
540482
54094
5411
541171
541198
541199
5412
541227
5414
5418
5423
542569
542576
542703
542705
5428
54343
5438
544511
54454
54456
544641
544692
544705
545071
54530
5454
546
5462
546777
54678
546832
546942
547557
5476
5480
54804
54805
548148
548150
5482
548267
548269
548576
548578
5486
548649
549204
549216
5493
549346
549349
549448
54955
549777
54985
5499
550452
55062
551521
551522
551666
55185
55194
55226
552497
552662
552664
552765
552871
552930
552936
552938
5530
553080
55340
5535
55351
553528
55356
55357
5537
55371
553710
55373
553858
55403
55409
5541
554453
555720
555752
555790
555837
55601
556187
556189
556190
556193
556195
556196
556197
556199
556201
556202
556203
556204
556206
556207
556208
556210
556213
556216
556217
556227
55699
55726
557396
557398
55750
55762
55763
55764
55767
55769
55770
55771
55773
557761
55777
557819
557830
557969
557970
557971
5580
55800
558768
558771
55902
559292
559561
5599
55994
560028
560174
56038
56040
560979
560987
561012
561169
561301
5617
56183
561864
561976
56203
56245
563195
563740
563741
563751
563839
563996
564078
564079
564080
564083
564085
56411
564110
564165
564166
564167
56452
564608
564791
564792
564793
56493
565289
56535
56620
566462
566467
566470
566471
566475
566476
56716
56723
56726
56745
56746
568076
568980
56931
569364
569365
569436
569437
569439
569441
569951
570167
570168
571867
572236
572237
572328
57296
573
573122
573193
574145
574475
574655
574698
57473
574789
574791
57511
57513
575201
575486
5755
575511
5756
5757
57577
575863
576269
576283
5763
57649
57653
57656
576586
576632
576745
576746
576747
576781
57679
576865
57694
577104
577396
577428
5778
578154
578235
578963
57902
57903
57919
57979
57985
57987
580240
580376
58041
58042
5808
581008
581066
5811
58156
58158
5816
58161
5817
5818
582755
58331
583367
584655
584794
584795
584866
584870
584887
585572
585852
58627
58641
5867
5869
587028
587150
587151
587162
5872
5876
58796
58804
588092
588094
588096
588097
588103
588104
588105
58817
588207
588208
588336
588406
5885
588596
58872
588769
58917
58919
589322
589642
589946
589948
589949
589950
589951
589953
590000
590006
590026
590032
590120
59045
590727
590968
591022
591211
591212
591219
592598
593451
5938
593908
593911
59425
59451
594547
59474
595358
595373
595528
59560
596104
59641
596493
59669
5970
5974
59779
59809
59866
59869
59870
59871
59872
59873
598749
59877
59882
59883
59884
59895
599839
599895
60000
600396
60130
60131
60169
60172
60174
602025
60205
6028
60422
604282
6058
60593
60595
6063
60698
60711
60746
608155
608823
608827
608829
6091
6096
6100
610337
6105
6106
61084
61141
61156
6116
611654
61296
6135
61353
61356
6136
61383
61384
61388
614189
6145
61452
61460
61461
61605
61606
61607
61608
617170
61847
61848
61853
61862
6187
619265
619267
619271
619277
619278
619279
619307
619957
620271
620487
620489
620741
62132
621456
622430
622439
622444
622449
622457
62283
62298
62302
62303
62308
62310
62311
62312
62313
62318
626126
626261
626267
626733
626734
626736
626804
62690
627012
627025
62705
62706
62709
62725
62728
627963
627964
627966
627968
629711
629713
629751
629752
629753
629754
629759
62976
629760
629761
629762
629763
629764
630348
630358
630509
630538
63056
63057
630675
630703
630744
630748
631048
63136
631387
631446
632150
633082
633446
633448
633449
633452
633453
633461
63378
63409
634182
634183
634184
634185
634186
634187
634190
634191
634192
634194
634196
634197
634199
634201
634215
634219
63433
6344
6347
634936
6350
63515
63558
63632
6364
63675
63676
637470
637496
637501
637502
637517
637518
637539
637540
637541
637542
637543
637544
63820
63821
63822
638335
638345
6386
638949
639000
6395
639591
640213
640591
640600
640601
640602
640610
640613
640614
640618
640619
641108
641206
641209
641211
641213
641214
641227
641229
6413
641503
641536
641689
641787
641789
641792
641797
641799
642226
642287
642289
642297
642305
642306
642327
642328
642330
642331
642343
642347
642359
642376
642935
643143
643550
643551
64363
643655
643680
643906
643907
643908
644
644164
644165
644166
644167
644168
644169
644171
644174
644175
644177
644178
644179
644180
644191
6446
64471
64491
64493
64499
64511
645299
645351
645386
645392
645398
645706
645994
646003
646005
646141
646314
64636
64659
64689
64707
647143
647144
648030
64904
649071
649199
64923
64926
64928
649282
64933
649568
649607
649611
649615
6500
650052
650053
650149
6503
6504
650509
65069
651206
651207
651450
651451
651452
65151
651549
651689
651694
651723
652027
652033
652156
6523
6526
652658
652710
652711
653105
653106
65357
65407
65433
654415
65489
6549
65494
6550
6551
655474
655661
655708
655750
65576
655801
65581
65590
656063
656064
656065
656066
656068
656070
656076
656079
656084
656222
656224
65660
65661
65664
65666
65667
65669
65670
6573
657443
658030
658057
658077
658079
658122
658141
658425
658931
659041
659331
65948
659513
659514
659875
66014
6604
660491
661160
661162
661343
661344
661346
661349
661350
661356
661359
661360
661366
661394
66173
661996
662006
66201
66205
66206
66207
662074
662077
662078
662079
66208
662085
66209
66210
66211
66213
66214
66215
66222
66226
66228
662956
663229
663657
663693
663977
66398
664068
664426
66456
66465
66466
66468
66469
66471
66473
664754
665079
66527
665499
6655
665525
665607
665965
66636
666509
66662
66725
667727
667729
6678
66791
66800
668358
668366
6689
669305
669373
66948
669640
669861
67003
670520
6706
670708
670884
670885
670886
671105
671422
672014
672016
672048
672124
672125
672126
672139
672140
672143
672498
672500
672502
672505
672511
672580
672585
672920
672923
672929
672931
673160
673161
673181
673182
673206
673456
6735
6736
673885
674476
67593
67594
676023
676024
676026
676789
67781
679155
68037
681104
6819
682313
682657
683042
68331
6837
683986
68408
684116
684664
684741
684742
685502
68568
685760
685761
685763
686318
686690
686691
686692
686693
686694
686695
686696
686716
686717
686718
686719
686721
686722
686723
686724
686725
686726
686727
686728
686729
686730
686731
686732
686733
686735
686736
686737
686738
686740
686741
687158
687160
687527
68757
687724
687762
687771
687774
687944
687948
68795
687952
687953
687957
687958
687960
687962
687970
687971
688220
68879
68895
690309
690313
690318
690320
690323
690337
69041
690460
690462
690464
690466
690467
690474
69056
690713
690716
690755
691223
691236
691244
691246
691988
692447
692501
692531
692601
692602
692895
692909
693064
693140
693162
693163
693219
693253
693254
693292
693293
693294
693439
693449
69355
693645
693862
693912
693924
693931
693949
69404
69405
69478
69487
69488
6956
695850
696133
696184
696186
696187
696411
696727
696961
69771
69773
69777
69779
69781
69783
69786
69787
697907
697908
697909
69792
698291
698476
698876
699226
699227
699229
699233
699235
699236
69944
700543
700918
70095
70100
70105
70106
70111
70184
70186
70189
701990
701992
702000
702002
702019
702024
702025
702026
702075
702076
702077
702078
702079
702080
702081
702082
702083
702084
702087
702088
702089
702090
702563
702830
703018
703023
703024
703025
703029
703030
703031
703032
703033
703034
703037
703304
703478
703506
703908
703915
704172
70448
70450
705347
705413
705847
705914
705915
705919
705922
705923
705924
706140
706141
706142
706145
706170
706171
706536
706553
706555
706564
706580
706581
706696
707141
707160
707162
707168
707724
70792
70808
708205
708386
70936
70973
710217
71302
713547
71370
713888
713912
713919
71395
71402
71427
714454
714472
714594
714597
714603
714605
714606
714607
714608
714609
714610
714611
714890
71498
71505
71516
715180
715184
715245
715261
71558
71562
71563
71566
71622
71623
71625
71626
71632
71633
71641
71644
71646
71647
71649
71650
716892
71698
71717
71721
71732
717517
717732
717741
717894
717897
718187
718188
71860
71861
71871
71875
7192
7193
71938
7194
71952
72004
72019
72063
72067
72074
72075
72079
72084
72092
72094
72103
72105
72122
7220
72233
7226
7227
722754
7229
723190
7234
7237
7238
7240
72407
7241
7243
7245
72522
72548
7260
72664
72669
72677
72678
72679
72681
72682
72723
7282
72917
73001
73002
73003
73025
73119
73180
73181
73186
73187
73188
73190
73191
73193
73195
73196
73198
73200
73201
73203
73205
73207
73208
73211
732115
732116
73212
73218
73221
73225
73228
73431
73499
73501
735363
73575
73683
73824
73906
73925
74090
741088
741090
742176
74348
74351
74381
744030
744221
744575
744578
74468
745345
745720
746128
746504
746887
746891
74695
74727
747480
747676
74790
748149
748151
748153
748154
748155
748156
748162
748163
748165
74828
74831
74861
74884
748992
748994
748996
74900
749002
749184
74940
749586
749593
749621
749633
749634
749640
749649
749828
749835
749859
749868
749872
75297
75301
75308
753684
75551
75552
75704
75712
75715
75743
75744
75745
75750
75791
7580
758807
759128
759296
759303
759322
759324
759325
759326
759329
759333
759348
76013
760132
7602
76025
7604
7609
7612
7616
76168
761803
76188
762213
763037
763120
763129
763142
763143
763148
7632
763493
76352
763539
763927
763934
763973
764012
7646
765049
765281
765282
765284
765868
765872
766057
766058
7668
76717
767298
767470
76773
76775
76776
76777
767780
767781
767782
767784
767803
76791
768047
76830
76841
76845
768548
768549
768550
768642
768643
768645
768832
769005
769006
76966
7700
77020
77034
7710
77161
7725
7729
77300
7731
77545
77546
77590
77678
77724
77912
77922
77925
77926
77927
77929
77931
77932
7797
78070
78149
78245
78260
78261
7830
7852
78550
78552
78630
78911
7906
79252
792648
79284
79286
79290
79295
79296
79297
79298
7937
794811
79499
7950
795111
795112
795114
795340
795951
796002
79605
7962
796689
797084
797122
797135
797219
797268
79748
797578
79759
79760
79765
797669
797703
797704
797710
797712
797713
797715
798075
798209
79875
79894
79923
8014
8017
8018
8019
8022
8023
8032
80365
80379
80418
8056
8058
8063
80720
80839
80852
80863
80889
8103
81054
81058
81488
814924
81526
81535
81569
81584
81613
81638
8167
8168
8175
81807
81824
81837
81843
81844
81920
81922
81923
81925
820516
820525
820531
820562
820588
82107
82109
82110
82111
82112
82342
82369
82408
82423
82425
82479
82485
82502
82508
82509
82510
82511
82512
82515
82516
82517
82522
82524
8255
8260
8262
8267
82746
8284
82926
82933
82941
82950
82951
82952
82953
83000
83131
83246
83255
83371
83372
83399
83538
83540
83791
83858
83859
83861
83862
83955
83999
84005
84061
84069
84071
84085
84092
84122
84127
84275
84301
84317
84607
84747
84971
85094
85185
85199
85223
85290
85293
85461
85465
85466
85467
85571
85572
856261
856651
856652
856653
856654
856667
856668
856769
856771
856772
856780
856786
856788
856790
856797
85681
85692
85707
857162
85795
858351
858356
85853
85855
85857
85860
858606
858608
85864
85865
85868
858772
858804
858828
859200
859201
859203
859204
859205
859216
859240
859264
859317
859427
85980
85981
86010
86013
86018
86051
860577
860578
860581
860582
860583
860584
860588
860593
860594
860612
860627
860725
860727
860730
86112
861244
861476
861490
861501
861502
861503
861515
862912
862914
862916
862926
862984
862985
862999
863006
863024
86334
863372
86340
863577
864185
864464
864640
86518
86545
86556
86575
86584
86591
865996
86610
86611
86615
86621
86627
86640
86657
866871
866872
866874
866875
866876
866877
866878
866879
866881
866882
866883
866884
866885
866886
866887
866888
86722
86738
86741
86746
867466
86749
86751
867720
867723
867724
867725
867726
867727
867730
867731
867732
867733
867734
867735
867736
867739
867740
867741
867742
867744
867745
867750
867751
867753
867754
867755
867756
867758
867766
867767
867768
867769
867770
867771
867772
867776
867777
867778
867779
867783
867784
867785
867786
867788
867789
868042
868048
868093
86832
86836
86837
86838
86839
868780
869082
869083
869085
869088
869089
869092
869095
869096
869097
869098
869099
869102
869104
869105
869107
869110
869111
869112
869113
869114
869115
869116
869117
869120
869121
869122
869182
87001
870194
870195
870630
87091
87103
87105
87107
87109
87111
871236
87148
87149
87229
87241
87263
87267
87269
87272
87273
87274
87275
87276
87277
87278
87279
87280
87282
87283
87286
87287
87298
873086
873090
873093
87477
875483
875672
875673
876016
876145
877200
87731
877345
87747
877583
87759
87895
87900
879688
879689
88015
880219
880239
880430
880432
880617
880757
880884
881134
88116
88123
88149
88150
88154
88159
88167
881918
882199
882651
882817
88288
883115
883181
883184
883185
884218
884220
884619
884621
88552
88570
886263
886586
886587
887071
887072
887073
887074
887075
887083
887084
887085
887086
887088
887089
887090
887091
887092
887093
887094
887095
887098
887100
887101
887102
887103
887104
887106
887107
887147
887148
887193
88728
88731
88732
88733
88742
888278
88839
88928
89037
890382
89044
89049
891392
89141
892010
89243
89248
89336
89381
89462
89573
89673
89674
89676
89678
89679
89770
89797
89913
89916
89922
89926
89929
89934
89940
89957
89963
90037
90247
90248
90295
90296
90297
90298
90299
903549
904126
904363
904387
904392
904393
904394
904401
904405
906674
906712
906713
906720
906731
906732
906741
906743
906750
906751
906756
906835
906889
907339
90743
90746
907947
908899
90893
908977
90923
90924
90954
90962
90978
910326
91041
91044
91046
91054
911330
91168
91193
91194
91197
91205
912665
91296
912978
913197
91344
91345
91369
91370
91374
91375
913974
91491
91492
915283
91566
91625
91627
91631
91632
91660
91680
91683
91807
91808
91920
91922
91924
91925
91927
91932
91943
91979
91991
91992
92082
92126
92470
92472
925377
926437
92645
92906
92907
92921
92950
92952
92953
92955
92956
92964
92969
931319
931320
931321
931322
931324
931327
931334
931335
931336
931338
931339
931340
931341
931343
931345
931346
931347
931348
931349
931350
931351
931354
931355
931356
931357
931358
931359
931360
931362
931363
931364
931365
931366
931368
931369
931370
931371
93162
932084
932098
932108
93264
933073
933099
933101
933102
933109
933110
933232
933485
93385
934069
934076
934839
93486
934869
93488
93490
934936
934945
935214
935215
935664
935693
93591
93593
9361
93625
936276
936282
936283
9365
93692
93694
937591
937740
937756
937803
937804
937841
937842
938086
938103
938113
93832
93846
93848
93931
940420
940422
940633
9407
94130
941344
94215
9423
942549
942553
942554
942555
942668
94289
9430
943099
943101
943198
943202
943204
943207
943208
943212
943225
943229
943232
943929
944169
944170
944207
94431
944502
94460
94461
944635
9447
945709
94630
946373
94643
94686
94688
94698
9470
947042
947044
947098
947592
948025
9483
948311
948515
94946
94987
9515
95170
9541
9544
95528
95549
9555
95550
95551
95581
9565
95749
95764
9590
9593
9595
9597
9598
96007
96047
9606
9612
9615
964
9643
9644
96477
9657
9662
9666
96671
9669
96764
9678
96784
9685
9689
9691
9694
97021
97023
9711
97168
97169
97170
9720
97227
9728
9731
9733
9737
9739
97441
97479
97480
97484
97485
97486
97487
97488
97489
9749
97492
97496
9767
97700
977818
9793
9796
97965
97966
979780
979826
979837
979839
979893
979981
980128
980130
980132
980133
980134
980135
980140
980142
980148
980149
980150
980151
980152
980154
980155
980156
980159
980166
98020
98044
980443
980444
98045
98050
98060
98061
98066
98070
981056
981061
981063
981202
981234
981316
981319
981321
98217
98220
98221
9823
98291
98308
983145
983323
983339
98345
983564
983565
983576
983589
983957
984054
984094
98475
985414
985835
9860
986733
986735
9874
98750
98768
98773
98775
98777
98779
98781
98922
98940
98942
990114
990116
990372
9906
990649
990654
991123
9913
9915
99155
99174
991776
9925
992666
993108
993646
9940
99405
994786
99487
994937
99592
996742
997032
997033
997047
9974
99765
9978
9986
998795
998796
9988
998863
99909
99912
99922
999236
99924
999243
999244
999245
999246
999250
999252
999253
999254
999255
999281
99931
999463
999464
9995
999882
