ASV	Multi_taxID_entry	USED
ASV_10002	1888124, 1741748, 2334960, 2334969, 1888124;2334962;2334966	FALSE
ASV_10053	1428570, 1052040, 1034652, 633638, 632150;1034652	FALSE
ASV_10076	1894415;1894418	TRUE
ASV_10082	2137137, 1562391;2109000;2109022;2109063;2464746;2464747, 1562391	FALSE
ASV_10118	1878655, 1878656;1878722;1878774	FALSE
ASV_10127	1562015;1889984;2061634;2061637, 1562015	FALSE
ASV_10139	1049592, 1704120, 1704119;1704127, 1704127	FALSE
ASV_10160	78482, 2761512, 78482;2761512	FALSE
ASV_10219	2065307, 3375943, 565288, 1477121, 1861855, 981404, 544909;565288;747254;864826;864827	FALSE
ASV_10220	2329880;2329881;2329887	TRUE
ASV_10341	2872752, 2872750;2872751, 168771	FALSE
ASV_10373	382370, 29208;29209;382370, 29208	FALSE
ASV_10396	2475333;2475343	TRUE
ASV_10466	1888113;2334001;2334009;2334013	TRUE
ASV_1047	61755, 61755;309591	FALSE
ASV_10562	2854622, 2854611, 2854427, 2854425;2854426;2854428;2854429;2854442, 2854417;2854630;2854631;2854632	FALSE
ASV_1058	2065307, 3297565, 3375943, 747252, 565288, 1477121, 1861855, 981404, 544909;565288;747254;864826;864827	FALSE
ASV_10583	1732091, 587149;1732091	FALSE
ASV_10595	324887, 947585;994278	FALSE
ASV_10656	2667392;2679452	TRUE
ASV_10670	862912, 862912;2472071;2516998	FALSE
ASV_10750	112081;112083	TRUE
ASV_1079	1577959, 1704126, 1704123;1704128	FALSE
ASV_10828	297730, 283591;297730, 283613	FALSE
ASV_1089	2514814, 2514798, 2505112;2514802;2514803;2514811	FALSE
ASV_10966	2016324, 1604062, 1604063;1604112	FALSE
ASV_11004	443219;457354;708009	TRUE
ASV_11047	382370, 29208;29209;382370	FALSE
ASV_11053	1894415;1894418	TRUE
ASV_1123	1072375, 940420;1072375	FALSE
ASV_11275	443219;457354	TRUE
ASV_11281	89336;3044185	TRUE
ASV_11290	2872752, 2872750;2872751, 168771	FALSE
ASV_11367	47934, 1527696, 83649, 493464, 1091503, 673126, 673127;673134, 673131, 1486439	FALSE
ASV_11398	2872752, 2872750;2872751, 168771	FALSE
ASV_11405	61755, 61755;309591	FALSE
ASV_11455	1608261, 632839;1608261	FALSE
ASV_11474	2176022, 1732519;3126461	FALSE
ASV_11488	603484;822777, 603484	FALSE
ASV_11506	2554787;2554789	TRUE
ASV_11519	764688, 2328299, 2328297;2328298	FALSE
ASV_11556	163341;1609944	TRUE
ASV_11560	875844, 875844;2333602	FALSE
ASV_11563	382370, 29208;29209;382370	FALSE
ASV_11577	4768;112030	TRUE
ASV_11707	1132395, 1132395;2411485, 2333971	FALSE
ASV_11723	713106;1972065;1972066;1972067	TRUE
ASV_11867	112081;112083	TRUE
ASV_11876	1344033, 1156569;1344033	FALSE
ASV_11878	367843, 999745, 2329393, 367843;999745;2329390;2329391;2329392;2456537;2456539;2456548	FALSE
ASV_1188	1072375, 940420;1072375	FALSE
ASV_11924	168789, 3123061;3373387	FALSE
ASV_11932	2137137, 1562391;2109000;2109022;2109063;2464746;2464747, 1562391	FALSE
ASV_11935	2381693, 1881780, 1888125, 1743633, 2334968;2660971	FALSE
ASV_11939	2065307, 3375943, 565288, 1477121, 1861855, 981404, 544909;565288;747254;864826;864827	FALSE
ASV_12021	1933878, 3047333, 3047333;3241044	FALSE
ASV_12036	90936, 90936;859642, 358089	FALSE
ASV_1205	2304799, 2304783, 136139, 113644;136139	FALSE
ASV_12144	611546;879761;1790284, 879761	FALSE
ASV_12154	2689685;2689687	TRUE
ASV_12158	2554784;2554785;2554788	TRUE
ASV_12203	3373387, 3123061, 3123061;3373387	FALSE
ASV_12306	2176022, 1732519;3126461	FALSE
ASV_1238	2872752, 2872750;2872751, 168771	FALSE
ASV_12390	382370, 29208;29209;382370	FALSE
ASV_12400	862912, 862912;2472071;2516998	FALSE
ASV_12507	1109492;2981718	TRUE
ASV_12597	2000395, 2000350, 1988522, 1988805;1991555;1991659;1994702;1997205;2000432;2000462;2000479	FALSE
ASV_12648	2215009, 1886968;2214954	FALSE
ASV_12691	2137137, 1562391;2109000;2109022;2109063;2464746;2464747, 1562391, 2137132	FALSE
ASV_1276	2115156;2115157, 2085728, 2985489	FALSE
ASV_12787	1894221;1894316	TRUE
ASV_12965	2137137, 1562391;2109000;2109022;2109063;2464746;2464747, 1562391	FALSE
ASV_12967	862912, 862912;2472071;2516998	FALSE
ASV_13001	2872752, 2872750;2872751, 168771	FALSE
ASV_13021	1991574, 1988808;1997131;2000244, 689480, 519490	FALSE
ASV_13028	3367338, 1316372, 1316368;1316369;1316370	FALSE
ASV_13043	1722102;1887095, 1722102	FALSE
ASV_13144	2872752, 2872750;2872751, 168771	FALSE
ASV_13228	2137137, 1562391;2109000;2109022;2109063;2464746;2464747, 1562391	FALSE
ASV_13237	2137137, 1562391;2109000;2109022;2109063;2464746;2464747, 1562391	FALSE
ASV_13289	2115077, 2085682;2115132;2334093	FALSE
ASV_13290	1109492;2981718	TRUE
ASV_13436	2973326, 2973319, 2973860, 2973318, 2973859, 2973318;2973319;2973326;2973859;2973860	FALSE
ASV_13453	2137137, 1562391;2109000;2109022;2109063;2464746;2464747, 1562391	FALSE
ASV_13551	2184139;2184140	TRUE
ASV_13651	1001449;1209680	TRUE
ASV_13732	2065307, 3375943, 459883, 565288, 1477121, 1286608, 2866776, 1861856, 1861855, 1861854, 1861850, 981404, 708009, 457354;565288;708009, 544909;565288;747254;864826;864827	FALSE
ASV_13828	2065307, 3297565, 3375943, 747252, 565288, 1477121, 1861855, 981404, 544909;565288;747254;864826;864827	FALSE
ASV_13908	189646, 902892, 189646;902892	FALSE
ASV_13913	2872752, 2872750;2872751, 168771	FALSE
ASV_13932	1123329, 1123329;2724185	FALSE
ASV_13946	1562015;1889984;2061634;2061637, 1562015	FALSE
ASV_14022	1001449;1209680	TRUE
ASV_14039	2184139;2184140	TRUE
ASV_14081	296696, 296695;296696, 296695	FALSE
ASV_14176	2514814, 2514798, 2505112;2514802;2514803;2514811	FALSE
ASV_14179	933002;933021	TRUE
ASV_14197	1642465, 2065307, 3375943, 565288, 1477121, 3073787, 3073772, 1861855, 981404, 544909;565288;747254;864826;864827	FALSE
ASV_14213	2176022, 1732519;3126461	FALSE
ASV_14222	2137137, 1562391;2109000;2109022;2109063;2464746;2464747, 1562391	FALSE
ASV_14224	2137137, 1562391;2109000;2109022;2109063;2464746;2464747, 1562391	FALSE
ASV_14248	2109010;2109015;2109094	TRUE
ASV_14253	254362, 254362;842173	FALSE
ASV_14325	2362586;2362587;2362589;2362590	TRUE
ASV_14366	1527928, 1527928;1674559	FALSE
ASV_14379	933002;933021	TRUE
ASV_14393	2476970;2476972	TRUE
ASV_14433	2451576, 2451558;2451564;2451566	FALSE
ASV_14440	2137137, 1562391;2109000;2109022;2109063;2464746;2464747, 1562391	FALSE
ASV_14547	1251981;2322511;2322516	TRUE
ASV_14550	1304518, 2325677, 2325696, 1881757;2325687;2325688;2325690	FALSE
ASV_14573	920461;1104025	TRUE
ASV_14672	2872752, 2872750;2872751, 168771	FALSE
ASV_14737	2137137, 1562391;2109000;2109022;2109063;2464746;2464747, 1562391	FALSE
ASV_14738	2137137, 1562391;2109000;2109022;2109063;2464746;2464747, 1562391	FALSE
ASV_14741	2318918;2318950	TRUE
ASV_14764	2115156;2115157, 2085728	FALSE
ASV_14842	1468491;1468494	TRUE
ASV_14843	296696, 296695;296696, 296695	FALSE
ASV_14868	2872752, 2872750;2872751, 168771	FALSE
ASV_14875	2872752, 2872750;2872751, 168771	FALSE
ASV_14879	112027;120407	TRUE
ASV_14890	1968193;2259401	TRUE
ASV_14999	1888113;2334001;2334009;2334013	TRUE
ASV_15008	2709532, 2709530, 2709528, 2709526, 2709523, 2709522;2709533, 2709513;2709525;2709527;2709531	FALSE
ASV_15035	2464749, 2137134, 2137127;2137133;2137134	FALSE
ASV_15041	1109451, 2600290, 588434;2508641	FALSE
ASV_15044	1894021;1894038	TRUE
ASV_15062	831555, 831555;1103233	FALSE
ASV_15075	334524, 334524;946379	FALSE
ASV_15076	2872752, 2872750;2872751, 168771	FALSE
ASV_15094	1887011, 2910143, 2332764;2910143	FALSE
ASV_15102	1754279;1887973	TRUE
ASV_15153	1927828, 309723, 309723;1927828	FALSE
ASV_1517	4768;112030	TRUE
ASV_15216	2451576, 2451558;2451564;2451566	FALSE
ASV_15272	1577959, 2998197, 1704126, 1704123;1704128	FALSE
ASV_15275	1344033, 1156569;1344033	FALSE
ASV_15280	2554787;2554789	TRUE
ASV_15281	2872752, 2872750;2872751, 168771	FALSE
ASV_15287	2248581, 2248578;2248582;2248583, 2248572;2248576, 2248645, 2248644, 2248570;2248571;2248574;2248577, 2248569;2248573;2248575, 1037251	FALSE
ASV_15363	1893974;1894000	TRUE
ASV_15370	1899655;1899656;1899692	TRUE
ASV_15385	2065307, 3375943, 565288, 1477121, 1861855, 981404, 544909;565288;747254;864826;864827	FALSE
ASV_15387	1894415;1894418	TRUE
ASV_15390	875844, 875844;2333602	FALSE
ASV_154	2137137, 1562391;2109000;2109022;2109063;2464746;2464747, 1562391	FALSE
ASV_1542	241406, 241406;946375	FALSE
ASV_15426	2137137, 1562391;2109000;2109022;2109063;2464746;2464747, 1562391	FALSE
ASV_15451	2108992;2109017;2109078, 2109009;2109056	TRUE
ASV_15529	498655, 498655;2381431;2381432	FALSE
ASV_15573	2453151, 2324705, 2324699, 1410438;2324670;2324671;2324672;2324674;2324676;2324677;2324679;2324681;2324683;2324684;2324691;2324694;2324695;2324696;2324700;2324701;2324703;2324704;2324707;2324709;2324710;2324713;2324715;2324718;2324720;2324721;2324722	FALSE
ASV_15604	2394313, 2324751;2394979	FALSE
ASV_1561	2872752, 2872750;2872751, 168771	FALSE
ASV_15697	2872752, 2872750;2872751, 168771	FALSE
ASV_15701	1577959, 2998197, 1704126, 1704123;1704128	FALSE
ASV_15705	713106;1972065;1972066;1972067	TRUE
ASV_15742	2872752, 2872750;2872751, 168771	FALSE
ASV_15766	869194, 869194;2653607;2653610, 35052	FALSE
ASV_15795	51539, 1894669;1894677	FALSE
ASV_15797	2514814, 2514798, 2505112;2514802;2514803;2514811	FALSE
ASV_1581	1893352, 1893350;1893354;1893360, 1893363	FALSE
ASV_15893	2137137, 1562391;2109000;2109022;2109063;2464746;2464747, 1562391	FALSE
ASV_1595	2514814, 2514798, 2505112;2514802;2514803;2514811	FALSE
ASV_15999	2896135;2896136;2896142;2896144;2896146;2896149;2896150;2896151;2896155;2896157;2896159	TRUE
ASV_16033	1049592, 1704120, 1704119;1704127, 1704127	FALSE
ASV_1611	45157, 45157;280699	FALSE
ASV_16113	2065307, 3375943, 565288, 1477121, 1861856, 1861855, 1861850, 981404, 457354;565288;708009, 544909;565288;747254;864826;864827	FALSE
ASV_16151	360399, 134455;360399	FALSE
ASV_16153	1132395, 1132395;2411485, 2333971	FALSE
ASV_16160	36331;186163	TRUE
ASV_16272	288859, 2532292, 288859;1881752	FALSE
ASV_16276	65070, 36331;65070	FALSE
ASV_16279	3012, 3012;87149	FALSE
ASV_16290	921181;1103063	TRUE
ASV_16315	2005530, 2005530;2579444	FALSE
ASV_16353	862912, 862912;2472071;2516998	FALSE
ASV_16382	107252;2340124, 107252	FALSE
ASV_16422	1958926;2020259	TRUE
ASV_16432	40077, 1139636, 2697223, 40077;832945;994014;1139636;2697223	FALSE
ASV_16468	1428570, 1052040, 1034652, 633638, 632150;1034652	FALSE
ASV_16513	2054923, 1428126, 1428125;1428127, 1428124, 1428045	FALSE
ASV_16623	172567, 6678;164412, 164412	FALSE
ASV_16638	2464749, 2137134, 2137127;2137133;2137134	FALSE
ASV_16665	2137137, 1562391;2109000;2109022;2109063;2464746;2464747, 1562391	FALSE
ASV_16742	40077, 1139636, 2697223, 40077;832945;994014;1139636;2697223	FALSE
ASV_16752	1105567;2740067, 2661040, 1887125, 2300341	FALSE
ASV_16759	1943735;1943736	TRUE
ASV_16848	1732091, 587149;1732091	FALSE
ASV_16861	172567, 6678;164412, 164412	FALSE
ASV_16901	241406, 241406;946375	FALSE
ASV_17028	1428570, 1052040, 1034652, 633638, 632150;1034652	FALSE
ASV_17044	31340;62302, 31340	FALSE
ASV_17048	1519752;2742850, 2742850	FALSE
ASV_17060	862912, 862912;2472071;2516998	FALSE
ASV_17072	1371644;1555474	TRUE
ASV_17096	2137137, 1562391;2109000;2109022;2109063;2464746;2464747, 1562391, 2137132	FALSE
ASV_1728	2514809, 2505119;2514807;2514808;2514813, 2505115;2505118;2514799	FALSE
ASV_17308	4768;112030	TRUE
ASV_17358	2514809, 2505120, 2505119;2514807;2514808;2514813, 2505115;2505118;2514799	FALSE
ASV_1736	4768;112030, 4768	FALSE
ASV_17375	4768;112030	TRUE
ASV_17391	841630;1485834	TRUE
ASV_1746	2503668, 2503651;2503652;2503653;2503654;2503655;2503656;2503657;2503658;2503659;2503660;2503661;2503662;2503663;2503664;2503665;2503666;2503669;2503670	FALSE
ASV_175	1072375, 940420;1072375	FALSE
ASV_17505	3373387, 3123061;3373387, 3123061	FALSE
ASV_17556	3012, 3012;87149	FALSE
ASV_17596	402698, 2318890;2318913	FALSE
ASV_17618	2514781;2514783;2514784	TRUE
ASV_17634	2514809, 2505119;2514807;2514808;2514813, 2505115;2505118;2514799	FALSE
ASV_17641	1428570, 1052040, 1034652, 633638, 632150;1034652	FALSE
ASV_17650	2451576, 2451558;2451564;2451566	FALSE
ASV_17841	247613, 247613;1302335;1690978	FALSE
ASV_17856	1138466, 212334;1138466	FALSE
ASV_17869	565287, 443219;457354	FALSE
ASV_17901	2514781;2514783;2514784	TRUE
ASV_17911	2451576, 2451558;2451564;2451566	FALSE
ASV_18003	1428570, 1052040, 1034652, 633638, 632150;1034652	FALSE
ASV_18030	2819785;2987162	TRUE
ASV_18054	360399, 134455;360399	FALSE
ASV_18141	994209, 994209;2410001, 1473667, 1887114	FALSE
ASV_18236	2382032;2556859, 1474304	FALSE
ASV_18271	2137137, 1562391;2109000;2109022;2109063;2464746;2464747, 1562391	FALSE
ASV_18273	2065307, 3375943, 565288, 1477121, 1861855, 981404, 544909;565288;747254;864826;864827	FALSE
ASV_18389	2109153;2109217, 2109124	FALSE
ASV_18512	2503668, 2503651;2503652;2503653;2503654;2503655;2503656;2503657;2503658;2503659;2503660;2503661;2503662;2503663;2503664;2503665;2503666;2503669;2503670	FALSE
ASV_18547	1642465, 2065307, 3375943, 565288, 1477121, 3073787, 3073772, 1861855, 981404, 544909;565288;747254;864826;864827	FALSE
ASV_18587	3038947, 2334696;2334698	FALSE
ASV_18635	1099000, 818534;1099000	FALSE
ASV_18722	2503181;2503219	TRUE
ASV_18748	1132395, 1132395;2411485, 2333971	FALSE
ASV_18795	2554787;2554789	TRUE
ASV_188	1072375, 940420;1072375	FALSE
ASV_18818	1483863;2339844	TRUE
ASV_18839	1877807, 1877889;1878734;1878746, 1875667	FALSE
ASV_18860	2329880;2329881;2329887	TRUE
ASV_18890	2113928;2113931	TRUE
ASV_19045	1428570, 1052040, 1034652, 633638, 632150;1034652	FALSE
ASV_19075	2333565, 2333563;2333566	FALSE
ASV_19142	2973430, 2973273, 2973272, 2973271, 2973270, 2973270;2973271;2973272;2973430	FALSE
ASV_19212	2451576, 2451558;2451564;2451566	FALSE
ASV_19283	1989031;1997816	TRUE
ASV_19319	7671, 7671;2653616	FALSE
ASV_19426	112027;120407, 112027	FALSE
ASV_19434	2795334, 484329, 484329;1105537	FALSE
ASV_19444	443219;457354	TRUE
ASV_19470	2315357, 2315355;2315358	FALSE
ASV_19481	2108992;2109017;2109078	TRUE
ASV_19559	178554, 178552, 1088918, 2973857, 2973382, 2973381, 2973381;2973382;2973857, 2718995, 344319	FALSE
ASV_19561	3012, 3012;87149	FALSE
ASV_19693	382370, 29208;29209;382370	FALSE
ASV_19716	1328284, 214961, 214961;1328284	FALSE
ASV_19889	1913479;1913543	TRUE
ASV_19924	2861502;2861591;2861634, 2861414	FALSE
ASV_19951	230730, 853880, 853880;1724414	FALSE
ASV_19985	3297556, 1196597, 1196597;1704125, 1216509, 981427	FALSE
ASV_19996	1876900;1876902	TRUE
ASV_20013	1876900;1876902	TRUE
ASV_20042	1371644;1555474	TRUE
ASV_20064	1428570, 1052040, 1034652, 289378, 71861;631048, 303951, 673109, 630972, 71861;671502, 40986, 633638, 632150;1034652, 482566	FALSE
ASV_20079	2581011;2581012	TRUE
ASV_20081	1049592, 1704120, 1704119;1704127, 1704127	FALSE
ASV_20092	2709532, 2709530, 2709528, 2709526, 2709523, 2709522;2709533, 2709513;2709525;2709527;2709531	FALSE
ASV_20183	2176022, 1732519;3126461	FALSE
ASV_20189	2137137, 1562391;2109000;2109022;2109063;2464746;2464747, 1562391	FALSE
ASV_20194	862912, 862912;2472071;2516998	FALSE
ASV_20208	2857232;3076552, 744600	FALSE
ASV_20301	2856440;2858080	TRUE
ASV_20324	1881925, 1881925;2327446	FALSE
ASV_20351	3012, 3012;87149	FALSE
ASV_20352	457354, 443219;457354;708009	FALSE
ASV_20441	2082488, 2082479, 2082489, 2044622;2082475	FALSE
ASV_20454	1912040, 1098317;1912040, 1098317	FALSE
ASV_20480	1912040, 1098317;1912040, 1098317	FALSE
ASV_20513	2514814, 2514798, 2505112;2514802;2514803;2514811	FALSE
ASV_20514	1542051, 1542051;2058190;2058195;2058203	FALSE
ASV_20598	2282857, 1428570, 1052040, 1034652, 633638, 632150;1034652	FALSE
ASV_20603	1109492;2981718	TRUE
ASV_2076	2872752, 2872750;2872751, 168771	FALSE
ASV_20774	1428570, 1052040, 1034652, 633638, 632150;1034652	FALSE
ASV_20776	2114840, 2114782;2114936, 414342	FALSE
ASV_2078	2475333;2475343	TRUE
ASV_20792	2281270;2374659	TRUE
ASV_20804	360399, 134455;360399	FALSE
ASV_20849	912985;913992	TRUE
ASV_20871	1714609, 1714607;1714608;1714610;1714611, 743461	FALSE
ASV_20920	1473685, 1473685;1763969;2334344	FALSE
ASV_20983	82945;2125992	TRUE
ASV_21104	918552;993171, 993171	FALSE
ASV_21149	112081;112083	TRUE
ASV_21392	3232326, 3021531, 3021531;3232326	FALSE
ASV_21393	312236, 312236;2549993;2549996	FALSE
ASV_21472	875844, 875844;2333602	FALSE
ASV_21538	1829430;2334268	TRUE
ASV_21556	2322721, 2322711, 2322710, 1887223;2322708;2322709	FALSE
ASV_2156	2381693, 1881780, 1888125, 1743633, 2334968;2660971	FALSE
ASV_21596	301169, 282392, 2762441, 301169;1002889, 1002889, 282392;301169;1002889	FALSE
ASV_21632	1251222, 1251222;2322346;2322355;2322358, 2322351, 1251222;1251585;2322349;2322350;2322352;2322353;2322354	FALSE
ASV_21643	2137137, 1562391;2109000;2109022;2109063;2464746;2464747, 1562391	FALSE
ASV_21647	2137665, 2550573;2550574	FALSE
ASV_21682	90936, 90936;859642, 358089	FALSE
ASV_21701	2329868;2329873	TRUE
ASV_21719	1900376;1900547	TRUE
ASV_21767	2362586;2362587;2362589;2362590	TRUE
ASV_21788	2861502;2861591;2861634, 2861414	FALSE
ASV_21807	2333565, 2333563;2333566	FALSE
ASV_21920	112081;112083	TRUE
ASV_21990	874847;2790736, 653026;874847	TRUE
ASV_21994	1277647, 255165, 255163;289603, 1277646, 289603	FALSE
ASV_22022	878057, 1587385, 878057;1553525;1587385;2766499, 878057;1553525;1587385	FALSE
ASV_22073	875844, 875844;2333602	FALSE
ASV_2209	1344033, 1156569;1344033	FALSE
ASV_22138	1893639, 1893625;1894792;1894794, 1893662	FALSE
ASV_22149	2725370, 1089218;2725370	FALSE
ASV_22189	2282857, 1428570, 1052040, 1034652, 633638, 632150;1034652	FALSE
ASV_22191	1888124, 1741748, 2334960, 2334969, 1888124;2334962;2334966	FALSE
ASV_22193	1995012;1997822	TRUE
ASV_22263	9728;9744	TRUE
ASV_22268	2888403;2888409;2888414;2888417;2888419;2888424;2889994;2889996	TRUE
ASV_22334	767306, 3031501, 3031498;3031499;3031500	FALSE
ASV_22418	1888113;2553468	TRUE
ASV_22483	354989, 354989;835426	FALSE
ASV_225	172567, 6678;164412, 164412, 1677663	FALSE
ASV_2250	2872752, 2872750;2872751, 168771	FALSE
ASV_22520	2802103;2802104;2802105;2802106;2802107	TRUE
ASV_22578	1881796, 1339644, 1881796;2335787;2335808;2335810;2335821, 2335820	FALSE
ASV_22589	1958924;2020258	TRUE
ASV_22604	81834;473176, 1926233	FALSE
ASV_2267	1976736, 1976732;1976733;1976737;1976742;1976744;1976780	FALSE
ASV_227	2872752, 2872750;2872751, 168771	FALSE
ASV_22703	1958929;2020254	TRUE
ASV_22753	529825;529826	TRUE
ASV_22804	2109117;2109207, 2109116	FALSE
ASV_22808	861477, 861477;2331916, 1106960, 861477;876058;1106960;1622213;2331917	FALSE
ASV_2282	2115156;2115157, 2085728	FALSE
ASV_22826	2065307, 3297569, 3375943, 565288, 1477121, 544909, 1861855, 981404, 457353, 475626;544909, 544909;565288;747254;864826;864827	FALSE
ASV_22835	2005325, 2005329, 2005327, 2005325;2005327	FALSE
ASV_22849	1049592, 1704120, 1704119;1704127, 1704127	FALSE
ASV_22866	112081;112083	TRUE
ASV_22898	859649, 859643, 415975;859642;859643, 90936, 859642;859643	FALSE
ASV_22899	2464749, 2137134, 2137127;2137133;2137134	FALSE
ASV_22925	2114840, 2114782;2114936, 2938357, 414342	FALSE
ASV_230	2464749, 2137134, 2137127;2137133;2137134	FALSE
ASV_23230	230730, 853880, 853880;1724414	FALSE
ASV_23257	831195;1101844;1139936	TRUE
ASV_23315	722406;833653	TRUE
ASV_23346	862912, 862912;2472071;2516998	FALSE
ASV_23356	1829435;1891815, 1891815	FALSE
ASV_23385	382370, 29208;29209;382370	FALSE
ASV_2342	2394313, 2324751;2394979	FALSE
ASV_23487	2857313;2857316	TRUE
ASV_23563	879535;2469913	TRUE
ASV_2357	254362, 254362;842173	FALSE
ASV_23573	382370, 29208;29209;382370	FALSE
ASV_2358	2872752, 2872750;2872751, 168771	FALSE
ASV_23586	7671, 7671;2653616	FALSE
ASV_23593	2464749, 2137134, 2137127;2137133;2137134	FALSE
ASV_23609	833647;1099650	TRUE
ASV_23665	2902849;3037938, 3037938	FALSE
ASV_23749	2554787;2554789	TRUE
ASV_23788	2115156;2115157, 2085728	FALSE
ASV_2386	2872752, 2872750;2872751, 168771	FALSE
ASV_23890	3373387, 3123061, 3123061;3373387	FALSE
ASV_24010	2514809, 2505123, 2505120, 2505119;2514807;2514808;2514813, 2505115;2505118;2514799	FALSE
ASV_24031	1483863;2339844	TRUE
ASV_24059	3054018;3054406	TRUE
ASV_24072	2336190;2336191;2336193;2336194	TRUE
ASV_2412	2861502;2861591;2861634, 2861414	FALSE
ASV_2416	2872752, 2872750;2872751, 168771	FALSE
ASV_24166	1744498;2324897	TRUE
ASV_24197	6116, 6116;2834557	FALSE
ASV_24261	1876900;1876902	TRUE
ASV_24383	1103767, 830740, 830740;1103767	FALSE
ASV_2439	1698482;2157456	TRUE
ASV_24454	861477, 861477;2331916, 861477;876058;1106960;1622213;2331917	FALSE
ASV_24493	2651588, 1897227;2412789, 1743502	FALSE
ASV_24500	1893352, 1893350;1893354;1893360, 1893363	FALSE
ASV_24506	2065307, 3375943, 565288, 1477121, 611798, 1861855, 1266055, 544909, 981404, 544909;565288, 544909;565288;747254;864826;864827	FALSE
ASV_2456	2108992;2109017;2109078	TRUE
ASV_24586	2854622, 2854611, 2854427, 2854425;2854426;2854428;2854429;2854442, 2854417;2854630;2854631;2854632	FALSE
ASV_24709	2669371, 2669371;2679883	FALSE
ASV_2471	2137137, 1562391;2109000;2109022;2109063;2464746;2464747, 1562391	FALSE
ASV_24717	1772091, 57818;1772091	FALSE
ASV_24798	40077, 1139636, 2697223, 40077;832945;994014;1139636;2697223	FALSE
ASV_24830	1428570, 1052040, 1034652, 633638, 632150;1034652	FALSE
ASV_24923	1881743;2548696	TRUE
ASV_24948	2593425, 51056, 214965, 214972, 647670, 1499105, 262281, 214972;1499105	FALSE
ASV_24958	2726858, 195546, 2065602;2065646, 2567987	FALSE
ASV_24996	4768;112030	TRUE
ASV_25002	1289668;1913497	TRUE
ASV_25016	2449166;2449168;2449169	TRUE
ASV_25055	228916, 4770;120421, 4770;334526	FALSE
ASV_25130	254362, 254362;842173	FALSE
ASV_25152	1894415;1894418	TRUE
ASV_25156	2137137, 1562391;2109000;2109022;2109063;2464746;2464747, 1562391	FALSE
ASV_25245	2977764;2977769	TRUE
ASV_25366	111561, 2880642, 111561;2880642	FALSE
ASV_25373	164412;172567;1220549, 164412	FALSE
ASV_25427	2109010;2109015;2109094	TRUE
ASV_25494	360399, 134455;360399	FALSE
ASV_25532	2973369, 2973367, 2973366, 2973365, 2973365;2973367;2973369	FALSE
ASV_25541	2514809, 2505120, 2505119;2514807;2514808;2514813, 2505115;2505118;2514799, 1945763, 1166874	FALSE
ASV_25542	933002;933021	TRUE
ASV_25546	1114221;2583227	TRUE
ASV_2555	572734, 572734;832727	FALSE
ASV_25581	1049592, 1704120, 1704119;1704127, 1704127	FALSE
ASV_25602	944641, 101203;944641	FALSE
ASV_2563	1212981;1817324	TRUE
ASV_25633	172567, 6678;164412, 164412	FALSE
ASV_25654	1100406, 835013;1100406, 835013	FALSE
ASV_25700	1474347, 76823;1474347	FALSE
ASV_25703	67591;134455, 360400	FALSE
ASV_25788	2752756, 2861588, 2861536, 2861501, 2861496, 2861372;2861417;2861463;2861491;2861566;2861589;2861616;2861657	FALSE
ASV_2579	944641, 101203;944641	FALSE
ASV_25818	1428570, 1052040, 1034652, 633638, 632150;1034652	FALSE
ASV_25910	1041932, 2511829, 88149, 1736704, 1735275, 1729945, 1652143;1714571;1729944;2044565;3020498, 1595980, 1581710, 416841, 416839, 416837, 416842, 88150	FALSE
ASV_25974	4768;112030	TRUE
ASV_25981	1339646;2550610;2550611;2550612;2550613	TRUE
ASV_26006	1376081;1376146	TRUE
ASV_26037	2319687;2319689;2319690	TRUE
ASV_26066	1693828, 611445;1693828, 611445	FALSE
ASV_26085	1348418, 1692611, 700369;1692611, 700369	FALSE
ASV_26093	247613, 247613;1302335;1690978	FALSE
ASV_26109	112082, 4768;112030	FALSE
ASV_26259	2249061;2249062	TRUE
ASV_26262	6551, 2653597, 61855, 6550, 6551;61855, 6551;2653595	FALSE
ASV_26294	472282, 2872784;2877644;2877648;2877650;2877651;2877652	FALSE
ASV_26320	2679167, 2679173, 2669625;2669628;2669630;2669634;2669640;2669642;2679167	FALSE
ASV_26334	1754622;1881779	TRUE
ASV_26341	1428570, 1052040, 1034652, 633638, 632150;1034652	FALSE
ASV_26428	2709532, 2709530, 2709528, 2709526, 2709523, 2709522;2709533, 2709513;2709525;2709527;2709531	FALSE
ASV_26512	830469, 830469;1100391	FALSE
ASV_26529	2308869;2308967;2309077	TRUE
ASV_26535	1111009, 1142711, 836972;1111009;1142711	FALSE
ASV_26545	220647, 3108435, 1918684, 220649;3108435, 220649	FALSE
ASV_26555	1357804;1390317;1392359	TRUE
ASV_2659	875844, 875844;2333602	FALSE
ASV_26617	1110799, 836791, 836791;1110799	FALSE
ASV_26656	1495395;3120124	TRUE
ASV_26664	1642465, 2065307, 3375943, 565288, 1477121, 3073787, 3073772, 1861855, 981404, 544909;565288;747254;864826;864827	FALSE
ASV_26790	2922255, 2763099, 2763099;2922255	FALSE
ASV_26824	1893352, 1893350;1893354;1893360, 1893363	FALSE
ASV_26842	29920, 3297569, 53987, 475626;544909	FALSE
ASV_2685	2754243, 2658204, 820737;2658204, 820737	FALSE
ASV_26857	2109010;2109015;2109094	TRUE
ASV_269	1893352, 1893350;1893354;1893360, 1893363	FALSE
ASV_26929	1577959, 2998197, 1704126, 1704123;1704128	FALSE
ASV_26995	2065307, 3297569, 3375943, 565288, 1477121, 1861855, 981404, 475626;544909, 544909;565288;747254;864826;864827	FALSE
ASV_27050	2020456;2020461, 1382562;2020452;2020455;2020457;2020462, 1382564;2020449;2020451;2020453;2020454;2020458;2020459;2020460;2020463, 2020446, 2020445, 1441003, 1441005, 1441004, 1382569, 767276;1382568;1441002;1441004;1441005;1441006;1472269, 767276;1382562;1382564;1441005, 2047402, 2047402;3045286, 3045354, 3045286;3045354	FALSE
ASV_27052	1428570, 1052040, 1034652, 633638, 632150;1034652	FALSE
ASV_27132	40077, 1139636, 2697223, 40077;832945;994014;1139636;2697223	FALSE
ASV_27165	557349;557350	TRUE
ASV_27170	2362586;2362587;2362589;2362590	TRUE
ASV_27209	336594, 815499, 336594;815499	FALSE
ASV_27230	2362586;2362587;2362589;2362590	TRUE
ASV_27272	1743664, 1743664;1890483;2321697	FALSE
ASV_273	2872752, 2872750;2872751, 168771	FALSE
ASV_27340	7130;2587999, 354542	FALSE
ASV_27440	1687828;2332809, 814964	FALSE
ASV_27460	164536;164539	TRUE
ASV_27472	2333565, 2333563;2333566	FALSE
ASV_27519	1608382;1608384;1778847	TRUE
ASV_27615	2334691;2334692	TRUE
ASV_27682	382370, 29208;29209;382370	FALSE
ASV_27686	382370, 29208;29209;382370	FALSE
ASV_27693	382370, 29208;29209;382370	FALSE
ASV_27704	382370, 29208;29209;382370	FALSE
ASV_27717	2137137, 1562391;2109000;2109022;2109063;2464746;2464747, 1562391	FALSE
ASV_27761	2137137, 1562391;2109000;2109022;2109063;2464746;2464747, 1562391	FALSE
ASV_27766	2455876, 2455505;2455662	FALSE
ASV_27767	1891144;2321478	TRUE
ASV_27774	1103170;2878054, 1893352, 1893350;1893354;1893360, 1893363	FALSE
ASV_27835	1675079, 1675079;2502572	FALSE
ASV_2786	1577959, 1704126, 1704123;1704128	FALSE
ASV_27911	204500, 204501, 204501;1870756, 1870756	FALSE
ASV_27924	2065307, 3375943, 565288, 1477121, 1861856, 1861855, 1861850, 981404, 457354;565288;708009, 544909;565288;747254;864826;864827	FALSE
ASV_27926	443219;457354, 127442	FALSE
ASV_27947	443219;457354;708009	TRUE
ASV_28074	297730, 283613, 283591;297730	FALSE
ASV_28095	2709532, 2709530, 2709528, 2709526, 2709523, 2709522;2709533, 2709513;2709525;2709527;2709531	FALSE
ASV_281	2872752, 2872750;2872751, 168771	FALSE
ASV_28109	1049592, 1704120, 1704119;1704127, 1704127	FALSE
ASV_28135	2464749, 2137134, 2137127;2137133;2137134	FALSE
ASV_28139	204500, 204501, 204501;1870756, 1870756	FALSE
ASV_2823	2137137, 1562391;2109000;2109022;2109063;2464746;2464747, 1562391	FALSE
ASV_28385	45157, 45157;280699	FALSE
ASV_2839	1642946, 1642946;1642947	FALSE
ASV_28418	2176022, 1732519;3126461	FALSE
ASV_28430	946373, 944610;946373	FALSE
ASV_28435	2381693, 1881780, 1888125, 1743633, 2334968;2660971	FALSE
ASV_28545	1754804;1888081	TRUE
ASV_28550	2888403;2888409;2888414;2888417;2888419;2888424;2889994;2889996	TRUE
ASV_28563	254362, 254362;842173	FALSE
ASV_28582	2082477;2082478	TRUE
ASV_28585	496230, 496230;1103170	FALSE
ASV_28597	2514809, 2505119;2514807;2514808;2514813, 2505115;2505118;2514799	FALSE
ASV_28682	2854622, 2854611, 2854427, 2854425;2854426;2854428;2854429;2854442, 2854417;2854630;2854631;2854632	FALSE
ASV_28714	89336;3044185	TRUE
ASV_28724	120417, 4770;120421	FALSE
ASV_28733	688582, 688582;835828	FALSE
ASV_28752	2065307, 3297569, 3375943, 565288, 1477121, 1861855, 981404, 475626;544909, 544909;565288;747254;864826;864827	FALSE
ASV_28768	2464749, 2137134, 2137127;2137133;2137134	FALSE
ASV_28827	2362586;2362587;2362589;2362590	TRUE
ASV_28871	1724854, 2441144;2441147	FALSE
ASV_28906	1816945, 1216552;1816945	FALSE
ASV_28924	1893599;1893600, 698532	FALSE
ASV_28975	3018229, 467498;3018229	FALSE
ASV_29109	1597668;1597670, 1596396;1596467;1597630;1597667;1597681	TRUE
ASV_29186	1428570, 1052040, 1034652, 633638, 632150;1034652	FALSE
ASV_29217	2108992;2109017;2109078	TRUE
ASV_29263	1692615, 1692615;2548600	FALSE
ASV_29277	4768;112030	TRUE
ASV_293	2872752, 2872750;2872751, 168771	FALSE
ASV_29348	2877636, 2877617, 2877615;2877616;2877619;2877620;2877621;2877623;2877624;2877626;2877629;2877630;2877631;2877632;2877634;2877635, 472258	FALSE
ASV_29440	2939114, 709194, 835258, 709194;835258	FALSE
ASV_2946	2451576, 2451558;2451564;2451566	FALSE
ASV_29512	45157, 45157;280699	FALSE
ASV_2952	3297569, 3297565, 747252, 708009, 475626;544909	FALSE
ASV_29533	81594;1826827	TRUE
ASV_29593	1897910, 1897910;2754167	FALSE
ASV_29595	848571;1103420	TRUE
ASV_29597	2514809, 2505123, 2505120, 2505119;2514807;2514808;2514813, 2505115;2505118;2514799	FALSE
ASV_29631	4792, 65069, 4792;944609, 4768	FALSE
ASV_29634	2464749, 2137134, 2137127;2137133;2137134	FALSE
ASV_29641	1103191, 1099106;1103170, 841775	FALSE
ASV_29733	6116, 6116;2834557	FALSE
ASV_29794	4768;112030, 4768	FALSE
ASV_29806	82945;2125992	TRUE
ASV_2985	2872752, 2872750;2872751, 168771	FALSE
ASV_29851	382370, 29208;29209;382370	FALSE
ASV_29856	382370, 29208;29209;382370, 29208	FALSE
ASV_29903	2505125, 2505124, 2505121, 2505114;2505117	FALSE
ASV_29913	309933;1931964	TRUE
ASV_29932	1893352, 1893350;1893354;1893360, 1893363	FALSE
ASV_29957	257860, 2305476, 257860;2305476	FALSE
ASV_29977	1251580, 1251580;2332348;2332349;2332361	FALSE
ASV_30001	140046;147705;944626	TRUE
ASV_30016	2176022, 1732519;3126461	FALSE
ASV_30027	1754622;1881779	TRUE
ASV_30086	1896717;2085056	TRUE
ASV_301	2554787;2554789	TRUE
ASV_3012	2514809, 2505119;2514807;2514808;2514813, 2505115;2505118;2514799	FALSE
ASV_30128	1894221;1894316	TRUE
ASV_30129	2168654, 2168553, 2168522;2168526;2168528;2168531;2168622, 2168510	FALSE
ASV_30171	798349, 295201, 798351, 295201;2097493, 1889626	FALSE
ASV_30200	112081;112083	TRUE
ASV_30204	382370, 29208;29209;382370	FALSE
ASV_30211	1989031;1997816	TRUE
ASV_30252	2554784;2554785;2554788	TRUE
ASV_30266	330871;330872, 209516	FALSE
ASV_30299	1754622;1881779	TRUE
ASV_30476	314352, 916720;1098042	FALSE
ASV_30585	1161000;1888113	TRUE
ASV_30606	2137137, 1562391;2109000;2109022;2109063;2464746;2464747, 1562391	FALSE
ASV_30607	2168654, 2168522;2168526;2168528;2168531;2168622, 2168510	FALSE
ASV_3061	835098;1102128	TRUE
ASV_30653	2137137, 1562391;2109000;2109022;2109063;2464746;2464747, 1562391	FALSE
ASV_30656	2137137, 1562391;2109000;2109022;2109063;2464746;2464747, 1562391	FALSE
ASV_30660	2679167, 2679173, 2669625;2669628;2669630;2669634;2669640;2669642;2679167	FALSE
ASV_30667	1721950, 1105562;1721950;1887186;2324880;2324881;2324882;2324884;2395824;2395837;2395847	FALSE
ASV_30710	2126152, 2339971, 2126152;2321482	FALSE
ASV_30722	382370, 29208;29209;382370	FALSE
ASV_30754	382370, 29208;29209;382370	FALSE
ASV_30769	2044931, 36331;186163	FALSE
ASV_3086	2137137, 1562391;2109000;2109022;2109063;2464746;2464747, 1562391	FALSE
ASV_30865	841630;1485834	TRUE
ASV_30867	2938365, 2938365;3103095	FALSE
ASV_30895	841754;1103586, 841754	FALSE
ASV_3092	1001481;2068128, 1001481	FALSE
ASV_30993	82936, 944620, 156628;944618;1862977;2773627	FALSE
ASV_3105	2329880;2329881;2329887	TRUE
ASV_31106	1894415;1894418	TRUE
ASV_31115	913352;1332934;1816963, 1819327	FALSE
ASV_31125	1893352, 1893350;1893354;1893360, 1893363	FALSE
ASV_3114	2872752, 2872750;2872751, 168771	FALSE
ASV_31249	2415343;2416969	TRUE
ASV_3130	2709532, 2709530, 2709528, 2709526, 2709523, 2709522;2709533, 2709513;2709525;2709527;2709531	FALSE
ASV_31305	1484360;1484362, 1484361	FALSE
ASV_3131	2172804;2935931, 2172803, 1763807, 3076214, 2935915	FALSE
ASV_31318	2754243, 2658204, 820737;2658204, 820737	FALSE
ASV_31431	1251580, 1251580;2332348;2332349;2332361	FALSE
ASV_31478	2129979;2368033	TRUE
ASV_31623	1754279;1887973	TRUE
ASV_31716	236714, 1656575, 236714;1656575;1864008	FALSE
ASV_31834	2861412;2861485	TRUE
ASV_31848	544909, 544909;565288	FALSE
ASV_31866	1898700;2052616	TRUE
ASV_31924	1898700;2052616	TRUE
ASV_31969	1888081, 1754804;1888081	FALSE
ASV_31982	102976, 102976;2952871	FALSE
ASV_32026	3102965, 2935832, 2935824, 2935820;2935821;2935830, 2935817	FALSE
ASV_32125	2137084, 2137077;2137082;2137084;2137086, 2137081, 2137077;2137078;2137079;2137080;2137081;2137082, 2137086	FALSE
ASV_32155	1376081;1376146	TRUE
ASV_32194	1861856, 1861850, 457354;565288;708009	FALSE
ASV_32219	2973430, 2973273, 2973272, 2973271, 2973270, 2973270;2973271;2973272;2973430	FALSE
ASV_32240	3128459, 2055726, 2055726;2872296	FALSE
ASV_32315	1704122;1704124	TRUE
ASV_32336	27404;132683, 42853, 27404, 132683	FALSE
ASV_32339	164536;164539	TRUE
ASV_32399	1687828;2332809, 814964	FALSE
ASV_32402	1338563;2325824;2325843;2325844	TRUE
ASV_3243	112081;112083	TRUE
ASV_3253	2872752, 2872750;2872751, 168771	FALSE
ASV_32548	2513968;2513978	TRUE
ASV_32656	843896;1888519	TRUE
ASV_32687	3297569, 565287, 4792, 443219;457354, 708009, 475626;544909	FALSE
ASV_32711	830338;1098265, 830338	FALSE
ASV_32794	140046;147705;944626	TRUE
ASV_32823	3297569, 565287, 475626;544909	FALSE
ASV_32842	1659367, 815574;1107789;1659367, 1107789	FALSE
ASV_32884	1893676;1893682, 256902	FALSE
ASV_32895	2689685;2689687	TRUE
ASV_32913	45157, 45157;280699	FALSE
ASV_32989	2482374;2482375;2482376, 2482367;2482368;2482369;2482370, 2482360, 2482359, 700815	FALSE
ASV_33022	1474073, 1096056, 1096054, 1096053, 1890840;2327444;2658715	FALSE
ASV_33092	382370, 29208;29209;382370	FALSE
ASV_33146	859643, 90936;859642;859643, 859642, 90936	FALSE
ASV_33178	1887849;2332386;2332387, 2332385	FALSE
ASV_33253	2464749, 2137134, 2137127;2137133;2137134	FALSE
ASV_33273	4768;112030, 4768	FALSE
ASV_33291	529825;529826	TRUE
ASV_33337	859649, 859643, 415975;859642;859643, 90936, 859642;859643	FALSE
ASV_33345	2176022, 1732519;3126461	FALSE
ASV_33586	6551, 2653597, 61855, 6550, 6551;61855, 6551;2653595	FALSE
ASV_33591	2596354, 2596350;2596351;2596353;2596355;2596357;2596359, 41808	FALSE
ASV_3360	36331;186163	TRUE
ASV_33660	2168654, 2168522;2168526;2168528;2168531;2168622, 2168510	FALSE
ASV_33675	2451576, 2451558;2451564;2451566	FALSE
ASV_33700	2329880;2329881;2329887	TRUE
ASV_33779	1848273, 748554;1848273	FALSE
ASV_33788	1886920, 2922255, 1473875, 2325338, 2325334, 2325328;2336819	FALSE
ASV_33821	382370, 29208;29209;382370	FALSE
ASV_33832	4768;112030, 4768	FALSE
ASV_33842	2938474, 1710095;2334095;2334096	FALSE
ASV_33851	1888049, 1749338;1888049	FALSE
ASV_33859	2115156;2115157, 2085728	FALSE
ASV_3386	2514814, 2514798, 2505112;2514802;2514803;2514811	FALSE
ASV_33901	2168654, 2168553, 2168522;2168526;2168528;2168531;2168622, 2168510	FALSE
ASV_33940	1950028, 1950029;1950030	FALSE
ASV_33985	2082488, 2082479, 2082489, 2044622;2082475	FALSE
ASV_33989	1754622;1881779	TRUE
ASV_34	2137137, 1562391;2109000;2109022;2109063;2464746;2464747, 1562391, 2137132	FALSE
ASV_34004	166515, 1535391, 1535388, 401731;401732;401733;401734;401735;401736;401737;401738	FALSE
ASV_34036	2005530, 2005530;2579444	FALSE
ASV_34087	189646, 902892, 189646;902892	FALSE
ASV_3412	2872752, 2872750;2872751, 168771	FALSE
ASV_34147	36331, 36331;65070, 115418	FALSE
ASV_34161	2464749, 2137134, 2137127;2137133;2137134	FALSE
ASV_34192	1968193;2259401	TRUE
ASV_34194	1428570, 1052040, 1034652, 633638, 632150;1034652	FALSE
ASV_3423	1894415;1894418	TRUE
ASV_34244	2464749, 2137134, 2137127;2137133;2137134	FALSE
ASV_34256	97145, 97145;590106	FALSE
ASV_34286	2137137, 1562391;2109000;2109022;2109063;2464746;2464747, 1562391	FALSE
ASV_34326	2137137, 1562391;2109000;2109022;2109063;2464746;2464747, 1562391	FALSE
ASV_34339	2513968;2513978	TRUE
ASV_34380	1754622;1881779, 139046	FALSE
ASV_34422	2065307, 3375943, 565288, 1477121, 1861855, 981404, 544909;565288;747254;864826;864827	FALSE
ASV_34429	2463469;2463471;2831491, 2463470, 2831491, 315326	FALSE
ASV_34514	3297569, 475626;544909	FALSE
ASV_34544	2137137, 1562391;2109000;2109022;2109063;2464746;2464747, 1562391	FALSE
ASV_34560	382370, 29208;29209;382370	FALSE
ASV_34589	2114840, 2114782;2114936, 2938357, 414342	FALSE
ASV_34592	921181;1103063, 1432770	FALSE
ASV_34600	3240987, 1415267, 2797458, 1104067;1415267;2797458	FALSE
ASV_34634	1901208;1901212	TRUE
ASV_34689	918552;993171, 993171	FALSE
ASV_34693	2512205, 173545, 1240999, 1240999;2512205	FALSE
ASV_34703	382370, 29208;29209;382370	FALSE
ASV_34869	993981, 831444;993981	FALSE
ASV_34951	2722241, 2307663;2307765;2307786, 1881763	FALSE
ASV_34996	1869246, 1869246;1869249, 1869248	FALSE
ASV_35043	1677228;1881746, 1677228	FALSE
ASV_3513	2872752, 2872750;2872751, 168771	FALSE
ASV_35156	2065307, 3297569, 3375943, 565288, 1477121, 1861855, 981404, 475626;544909, 544909;565288;747254;864826;864827	FALSE
ASV_35169	1792566;2703763, 1792566, 1410101, 2703766, 2703759	FALSE
ASV_35212	1894656, 1894655, 1894654, 1894652;1894653	FALSE
ASV_3534	2872752, 2872750;2872751, 168771	FALSE
ASV_35435	1642946, 1642946;1642947	FALSE
ASV_35498	2402363;2402425	TRUE
ASV_35522	382370, 29208;29209;382370	FALSE
ASV_35527	382370, 29208;29209;382370	FALSE
ASV_35542	1708453, 1480357;1708453	FALSE
ASV_35616	2082477;2082478	TRUE
ASV_35638	3102965, 2935845, 2935837, 2935832, 2935820;2935821;2935830, 2935817	FALSE
ASV_35642	2854622, 2854611, 2854427, 2854425;2854426;2854428;2854429;2854442, 2854417;2854630;2854631;2854632	FALSE
ASV_35700	89336, 247283, 1205998, 247283;767458	FALSE
ASV_35703	2926, 671315, 671316;671317, 671321, 65670, 39455, 686664, 2932, 2929, 2925, 39453, 2925;2926;2935;39453;191036;671319;671320;671322;686664, 2925;2926;39453, 201731, 79894	FALSE
ASV_35709	1371644;1555474	TRUE
ASV_35710	2854622, 2854611, 2854427, 2854425;2854426;2854428;2854429;2854442, 2854417;2854630;2854631;2854632	FALSE
ASV_3584	1666779, 989835;1666779	FALSE
ASV_36094	2872752, 2872750;2872751, 168771	FALSE
ASV_36125	2872750;2872751, 168771	FALSE
ASV_36218	2285064;2285065, 2322576	FALSE
ASV_36241	2858126, 2856438;2858124;2858125	FALSE
ASV_36323	1881774, 1741877;1881774	FALSE
ASV_36356	1098975, 832839;1098975, 832839	FALSE
ASV_36383	89336, 89336;3044185, 137729	FALSE
ASV_3641	2872752, 2872750;2872751, 168771	FALSE
ASV_3642	2381693, 1881780, 1888125, 1743633, 2334968;2660971	FALSE
ASV_36443	254362, 254362;842173	FALSE
ASV_36502	61755, 61755;309591	FALSE
ASV_3651	2802162;2802163	TRUE
ASV_3654	172567, 6678;164412, 164412	FALSE
ASV_36577	102976, 102976;2952871	FALSE
ASV_36618	611546;879761;1790284, 879761	FALSE
ASV_36644	40077, 1139636, 2697223, 40077;832945;994014;1139636;2697223	FALSE
ASV_36657	189646, 902892, 189646;902892	FALSE
ASV_3674	164412;172567;1220549, 164412, 1677663	FALSE
ASV_3677	2872752, 2872750;2872751, 168771	FALSE
ASV_36812	360399, 134455;360399	FALSE
ASV_3686	1628357, 2514809, 2505120, 2505119;2514807;2514808;2514813, 2505115;2505118;2514799	FALSE
ASV_36920	360399, 134455;360399	FALSE
ASV_37051	944641, 101203;944641	FALSE
ASV_37072	2362586;2362587;2362589;2362590, 1892515	FALSE
ASV_37171	61755, 61755;309591	FALSE
ASV_37252	1783334, 1722998;1783334, 1722998	FALSE
ASV_37273	1260869, 1260869;1881792	FALSE
ASV_37297	1881796, 1339644, 1881796;2335787;2335808;2335810;2335821, 2335820	FALSE
ASV_37306	2297340;2297372;2297377;2297399;2297409;2403440;2403557;2403597;2403678, 2297452, 2297347, 2297249;2297255;2297280;2297317;2297319;2403407;2403484;2403580;2403632;2403660;2403749, 2297322;2297416, 2403486, 2403441;2403674	FALSE
ASV_37330	1881796, 1339644, 1881796;2335787;2335808;2335810;2335821, 2335820	FALSE
ASV_37354	1893667;1893673	TRUE
ASV_37370	611445, 1693828, 611445;1693828	FALSE
ASV_37394	2472861, 2472854, 2472849, 2330375;2330382;2330384;2330413;2472837;2472838;2472842, 2330397;2330402;2472839	FALSE
ASV_37402	1754622;1881779	TRUE
ASV_37440	1704122;1704124	TRUE
ASV_37461	1871798, 1871792;1871793;1871794;1871795;1871797, 1871791	FALSE
ASV_37506	65070, 36331;65070	FALSE
ASV_37508	2082477;2082478	TRUE
ASV_37512	842478;1102934	TRUE
ASV_37600	228916, 4770;334526	FALSE
ASV_37628	1428570, 1052040, 133427, 1034652, 160621, 289378, 71861;631048, 303951, 673109, 630972, 71861;671502, 40986, 633638, 632150;1034652, 482566	FALSE
ASV_37662	2679167, 2679173, 2669625;2669628;2669630;2669634;2669640;2669642;2679167	FALSE
ASV_3771	944641, 101203;944641	FALSE
ASV_37868	1107702, 815563;1107702	FALSE
ASV_37876	1185525, 1185525;1892930	FALSE
ASV_37954	2464748, 2464749, 2137134, 2137127;2137133;2137134	FALSE
ASV_37996	1897910, 1897910;2754167	FALSE
ASV_38057	2065307, 3375943, 565288, 1477121, 1861855, 981404, 544909;565288;747254;864826;864827	FALSE
ASV_38071	382370, 29208;29209;382370	FALSE
ASV_38109	2394313, 2324751;2394979	FALSE
ASV_38150	382370, 29208;29209;382370, 382380, 2893596	FALSE
ASV_38171	1869246, 1869246;1869249, 1869248	FALSE
ASV_38195	1687379;2679176, 1687379	FALSE
ASV_38210	1869246, 1869246;1869249, 1869248	FALSE
ASV_38211	382370, 29208;29209;382370, 382380, 2893596	FALSE
ASV_38284	1986218, 1986210, 2973257, 2973256, 2973255, 2973254, 2973253, 2973252, 2973251, 2973250, 2973250;2973251;2973252;2973254;2973255;2973256;2973257, 2849416	FALSE
ASV_3832	2872752, 2872750;2872751, 168771	FALSE
ASV_38337	1749338;1888049	TRUE
ASV_38395	382370, 29208;29209;382370	FALSE
ASV_38397	382370, 29208;29209;382370	FALSE
ASV_384	2134699;2134700;2134702;2134703;2134704, 2739589	FALSE
ASV_3842	1104144, 1129703, 710635;831534;1104144;1129703	FALSE
ASV_38443	2137137, 1562391;2109000;2109022;2109063;2464746;2464747, 1562391	FALSE
ASV_38461	382370, 29208;29209;382370	FALSE
ASV_38497	2935811;2935812	TRUE
ASV_3851	2872752, 2872750;2872751, 168771	FALSE
ASV_38526	1890515, 1890515;2337146;2337147	FALSE
ASV_3855	3012, 3012;87149	FALSE
ASV_38562	1754622;1881779	TRUE
ASV_38589	2082477;2082478	TRUE
ASV_38596	944641, 101203;944641	FALSE
ASV_38598	1897910, 1897910;2754167	FALSE
ASV_38632	753633, 753633;1142924	FALSE
ASV_38695	1428125;1428127	TRUE
ASV_38772	2137137, 1562391;2109000;2109022;2109063;2464746;2464747, 1562391	FALSE
ASV_38791	2137137, 1562391;2109000;2109022;2109063;2464746;2464747, 1562391	FALSE
ASV_38822	2065307, 3375943, 565288, 1477121, 1861855, 981404, 544909;565288;747254;864826;864827	FALSE
ASV_38854	2065307, 3375943, 565288, 1477121, 1861855, 981404, 544909;565288;747254;864826;864827	FALSE
ASV_38878	1894021;1894038	TRUE
ASV_3891	2926, 671315, 671316;671317, 671321, 65670, 39455, 686664, 2932, 2929, 2925, 39453, 2925;2926;2935;39453;191036;671319;671320;671322;686664, 2925;2926;39453, 201731, 79894	FALSE
ASV_38912	2857313;2857316	TRUE
ASV_38915	1428570, 1052040, 1034652, 633638, 632150;1034652	FALSE
ASV_39	2872752, 2872750;2872751, 168771	FALSE
ASV_39001	385268, 560714, 385268;1892765;3078943	FALSE
ASV_39005	705167, 2992542, 705167;835496	FALSE
ASV_39051	1741752;1881779;2331510	TRUE
ASV_39124	2671796, 2936837, 1267058, 1441032, 1441031;1441033	FALSE
ASV_39153	271454;1279387, 271454, 1279387, 1279385	FALSE
ASV_39211	830232;1140731	TRUE
ASV_39227	2318890;2318913	TRUE
ASV_39291	360399, 134455;360399	FALSE
ASV_39329	848571;1103420	TRUE
ASV_39341	120407, 4770, 281402;946370, 101203	FALSE
ASV_39361	1754622;1881779	TRUE
ASV_39404	1519752;2742850, 2742850	FALSE
ASV_39462	382370, 29208;29209;382370	FALSE
ASV_39472	1694639, 1829430, 2334267, 1829430;2334268	FALSE
ASV_39488	861477, 861477;2331916, 1106960, 861477;876058;1106960;1622213;2331917	FALSE
ASV_39490	830338;1098265, 830338	FALSE
ASV_39494	382370, 29208;29209;382370	FALSE
ASV_39527	6145;1016880	TRUE
ASV_39528	2137137, 1562391;2109000;2109022;2109063;2464746;2464747, 1562391	FALSE
ASV_3955	2754243, 2658204, 820737;2658204, 820737	FALSE
ASV_39569	1642946, 1642946;1642947	FALSE
ASV_39594	1049592, 1704120, 1704119;1704127, 1704127	FALSE
ASV_3960	2503668, 2503651;2503652;2503653;2503654;2503655;2503656;2503657;2503658;2503659;2503660;2503661;2503662;2503663;2503664;2503665;2503666;2503669;2503670	FALSE
ASV_3967	877746, 1166873, 877746;1166873	FALSE
ASV_3977	2872752, 2872750;2872751, 168771	FALSE
ASV_39776	360399, 134455;360399	FALSE
ASV_3993	1150260;1150261, 1150261, 2899797	FALSE
ASV_40003	1741748, 2334960, 2334969, 1888124;2334962;2334966	FALSE
ASV_40172	3297569, 708009, 475626;544909	FALSE
ASV_4027	2872752, 2872750;2872751, 168771	FALSE
ASV_40352	1694347;2330820, 1337175	FALSE
ASV_40354	2361906, 2362191;2362192;2362194	FALSE
ASV_40410	2451576, 2451558;2451564;2451566	FALSE
ASV_40544	1896717;2085056	TRUE
ASV_40559	2514814, 2514810, 2514798, 2505112;2514802;2514803;2514811, 2505111	FALSE
ASV_40612	2667392;2679452	TRUE
ASV_40638	4768;112030, 4768	FALSE
ASV_40706	2137137, 1562391;2109000;2109022;2109063;2464746;2464747, 1562391	FALSE
ASV_40718	6116, 6116;2834557	FALSE
ASV_40720	2137137, 1562391;2109000;2109022;2109063;2464746;2464747, 1562391	FALSE
ASV_40734	1109492;2981718	TRUE
ASV_40738	1049592, 1704120, 1704119;1704127, 1704127	FALSE
ASV_40749	2137137, 1562391;2109000;2109022;2109063;2464746;2464747, 1562391	FALSE
ASV_40926	48606, 48606;2512188	FALSE
ASV_40931	2115156;2115157, 2085728	FALSE
ASV_410	2554787;2554789	TRUE
ASV_41040	1754622;1881779	TRUE
ASV_41110	382370, 29208;29209;382370	FALSE
ASV_41129	1675322;2502394	TRUE
ASV_41161	818436;1098035	TRUE
ASV_41176	382370, 29208;29209;382370	FALSE
ASV_41218	818436;1098035	TRUE
ASV_41228	2184139;2184140, 1428126, 1428124, 1428045	FALSE
ASV_4123	1344033, 1156569;1344033	FALSE
ASV_41240	4799, 4799;289613;1862977, 944627	FALSE
ASV_41250	2513968;2513978	TRUE
ASV_41251	382370, 29208;29209;382370	FALSE
ASV_41277	382370, 29208;29209;382370	FALSE
ASV_4139	2554784;2554785;2554788	TRUE
ASV_41410	1474347, 76823;1474347	FALSE
ASV_41464	1817629, 1817629;2997271	FALSE
ASV_41653	2137137, 1562391;2109000;2109022;2109063;2464746;2464747, 1562391	FALSE
ASV_41658	4768;112030, 4768	FALSE
ASV_41807	1473657, 1881774, 1473657;1881774, 1473657;1881774;1888100	FALSE
ASV_41811	1900499;1900500	TRUE
ASV_41822	90936, 90936;859642, 358089	FALSE
ASV_41856	839625;1140743, 839625	FALSE
ASV_41906	1887677;1889305	TRUE
ASV_41912	31340;62302, 31340	FALSE
ASV_4212	2463469;2463471;2831491, 2463470, 2831491, 315326	FALSE
ASV_42141	1894656, 1894655, 1894654, 1894652;1894653	FALSE
ASV_42152	3037938, 3037938;3054743, 3037938;3054726;3054753	FALSE
ASV_4216	835098;1102128	TRUE
ASV_42171	1896717;2085056, 2938860	FALSE
ASV_42208	1139460, 1139460;2566909	FALSE
ASV_42218	2679167, 2679173, 2669625;2669628;2669630;2669634;2669640;2669642;2679167	FALSE
ASV_42225	2329910;2553652, 1722607;1887192;2329909, 2329912	FALSE
ASV_42264	2394313, 2324751;2394979	FALSE
ASV_42316	2176022, 1732519;3126461	FALSE
ASV_42377	830469, 830469;1100391	FALSE
ASV_42467	1504864, 1771820, 1771412;1771735	FALSE
ASV_42634	1141039, 835738;1141039	FALSE
ASV_42673	688582, 688582;835828	FALSE
ASV_42698	867323, 867323;880400, 880400	FALSE
ASV_42714	2044559, 81523, 81523;2044559	FALSE
ASV_42784	2137077;2137078	TRUE
ASV_42825	120407, 4770, 281402;946370, 101203	FALSE
ASV_42827	1881774;2330927	TRUE
ASV_42855	2854622, 2854611, 2854427, 2854425;2854426;2854428;2854429;2854442, 2854417;2854630;2854631;2854632	FALSE
ASV_4287	1894415;1894418	TRUE
ASV_42872	90936, 90936;859642, 358089	FALSE
ASV_42879	1861856, 1861850, 457354;565288;708009	FALSE
ASV_42939	2464749, 2137134, 2137133, 2137127;2137133;2137134	FALSE
ASV_42945	382370, 29208;29209;382370, 29208	FALSE
ASV_42982	1894415;1894418	TRUE
ASV_43030	1468491;1468494	TRUE
ASV_43031	2455478;2455497	TRUE
ASV_43118	2082477;2082478	TRUE
ASV_43171	3297565, 747252, 443219;457354	FALSE
ASV_43174	4768;112030, 4768	FALSE
ASV_43213	2854622, 2854611, 2854427, 2854425;2854426;2854428;2854429;2854442, 2854417;2854630;2854631;2854632	FALSE
ASV_43252	1744498;2324897	TRUE
ASV_43264	1098270, 836813;1098270	FALSE
ASV_43282	443219;457354	TRUE
ASV_43291	2513968;2513978	TRUE
ASV_43299	382370, 29208;29209;382370	FALSE
ASV_43318	228916, 4770;334526, 2977933	FALSE
ASV_43353	36331;186163	TRUE
ASV_43398	1881774, 1881774;2374669	FALSE
ASV_43440	944641, 101203;944641	FALSE
ASV_43584	1659962, 336600;1659962	FALSE
ASV_43605	2513968;2513978	TRUE
ASV_43669	832499;988978	TRUE
ASV_43690	1995636;1998566;2001630;2001631	TRUE
ASV_437	1893352, 1893350;1893354;1893360, 1893363	FALSE
ASV_43720	2134614;2134625;2134626	TRUE
ASV_43758	1955416, 860634;860636, 860634	FALSE
ASV_4380	186163, 36331;186163	FALSE
ASV_43970	83392, 83390, 83390;83392	FALSE
ASV_44010	2872752, 2872750;2872751, 168771	FALSE
ASV_44022	265988, 1049592, 1704120, 1704122;1704124, 1704119;1704127, 1704127	FALSE
ASV_44049	67591;134455, 360400	FALSE
ASV_4405	2938365, 2938365;3103095	FALSE
ASV_44067	61755, 61755;309591	FALSE
ASV_44132	2872750;2872751, 168771	FALSE
ASV_44168	120407, 4770, 281402;946370, 101203	FALSE
ASV_44202	1132395, 1132395;2411485, 2333971	FALSE
ASV_44214	2172804;2935931, 2172803, 1763807, 3076214, 2935915	FALSE
ASV_44216	2872752, 2872750;2872751, 168771	FALSE
ASV_44218	2849321, 2849320, 2854486, 2854484;2854488, 2854473, 2854471;2854472;2854474;2854475, 2854470, 2854469, 336594	FALSE
ASV_4425	2514814, 2514798, 2505112;2514802;2514803;2514811	FALSE
ASV_44252	1428570, 1052040, 1034652, 671453, 671440, 671441, 671444, 671443, 671442, 671438, 425808, 633638, 632150;1034652	FALSE
ASV_44260	1428570, 1052040, 1034652, 633638, 632150;1034652	FALSE
ASV_4428	2065307, 3375943, 565288, 1477121, 1861856, 1861855, 1861850, 981404, 457354;565288;708009, 544909;565288;747254;864826;864827	FALSE
ASV_44368	1895390;2321590	TRUE
ASV_44417	1886999;2362372, 1886999	FALSE
ASV_44422	2596515;2596517;2596521	TRUE
ASV_44496	2872752, 2872750;2872751, 168771	FALSE
ASV_44528	40077, 1139636, 2697223, 40077;832945;994014;1139636;2697223	FALSE
ASV_44590	544909, 708009, 544909;565288, 129352	FALSE
ASV_44598	1861856, 1861850, 457354;565288;708009	FALSE
ASV_44637	382370, 29208;29209;382370	FALSE
ASV_44686	3373387, 3123061;3373387, 3123061	FALSE
ASV_44718	1692615, 1692615;2548600	FALSE
ASV_44728	4799, 289613, 299625, 4799;289613;1862977, 944627	FALSE
ASV_4486	2872752, 2872750;2872751, 168771	FALSE
ASV_44925	1861856, 1861854, 1861850, 457354;565288;708009	FALSE
ASV_44932	847750;1085683	TRUE
ASV_4497	4768;112030	TRUE
ASV_44989	1428570, 1052040, 1034652, 633638, 632150;1034652	FALSE
ASV_45016	1894723, 1894720;1894731, 1894729;1894730	FALSE
ASV_45069	4770;120421	TRUE
ASV_45108	2503181;2503219	TRUE
ASV_45144	61755, 61755;309591	FALSE
ASV_45151	2263603;2263665;2263765, 2263510	FALSE
ASV_45155	112027;120407	TRUE
ASV_45169	944620, 156628;944618;1862977;2773627	FALSE
ASV_45192	231958;255166	TRUE
ASV_45334	839173;1098579, 839173	FALSE
ASV_45374	1881761;2402175, 1480298	FALSE
ASV_45425	360399, 134455;360399	FALSE
ASV_45459	27404;132683, 42853, 27404, 132683	FALSE
ASV_45486	1881796, 1339644, 1881796;2335787;2335808;2335810;2335821, 2335820, 1339644;1881796, 2256617	FALSE
ASV_45494	1894555;1894577	TRUE
ASV_45497	2547366, 324887, 947585;994278	FALSE
ASV_45545	212334, 1138466, 212334;1138466	FALSE
ASV_45550	1588010;1588011;1588012;1588013;1588014;2728308;2728424;2728425;2728426, 2728488, 2728487, 2728459, 2728287, 2728280;2728288;2728305;2728315;2728337;2728339;2728340;2728351;2728352, 2728276	FALSE
ASV_45571	1791805;1993293;1993294;1996410;1996411;1996412;1996413;1999516;1999517;2002580;2002581, 1887125	FALSE
ASV_45602	1672260, 818798;1672260, 818798	FALSE
ASV_45620	2547366, 324887, 947585;994278	FALSE
ASV_45629	2414868, 1881792, 1480410;1509260	FALSE
ASV_45677	1078534, 1078534;2830689, 1078534;2830685, 1028782	FALSE
ASV_45748	663852;831944	TRUE
ASV_45760	1692614;2366182;2548599	TRUE
ASV_45844	3297556, 1196597, 1196597;1704125, 1216509, 981427	FALSE
ASV_45874	2482374;2482375;2482376	TRUE
ASV_45937	1901801;1901802;1901803	TRUE
ASV_45944	833778;993708	TRUE
ASV_46025	842478;1102934	TRUE
ASV_46034	2065307, 3297569, 3375943, 565288, 1477121, 1861855, 4792, 544909, 981404, 443219, 544909;565288, 443219;457354, 708009, 475626;544909, 544909;565288;747254;864826;864827	FALSE
ASV_46069	443219;457354	TRUE
ASV_46085	1901467, 1555421;1901408;1901427;1901466, 1555421	FALSE
ASV_46107	2514809, 2505120, 2505119;2514807;2514808;2514813, 2505115;2505118;2514799	FALSE
ASV_46114	1888113;2334001;2334009;2334013	TRUE
ASV_4620	1628357, 2514809, 2505120, 2505119;2514807;2514808;2514813, 2505115;2505118;2514799	FALSE
ASV_46207	1732091, 587149;1732091, 199486	FALSE
ASV_46238	2324844;2324848	TRUE
ASV_46270	1109492;2981718	TRUE
ASV_46286	1897910, 1897910;2754167	FALSE
ASV_46335	835959, 835959;1098399	FALSE
ASV_46340	2514809, 2505120, 2505119;2514807;2514808;2514813, 2505115;2505118;2514799	FALSE
ASV_46350	2065307, 3375943, 565288, 1477121, 1861855, 981404, 544909;565288;747254;864826;864827	FALSE
ASV_46392	443219;457354	TRUE
ASV_46424	1072791;2754165	TRUE
ASV_46517	112081;112083	TRUE
ASV_46522	354887, 2581181;2581182	FALSE
ASV_46548	944641, 101203;944641	FALSE
ASV_46564	1894221;1894316	TRUE
ASV_4660	2872752, 2872750;2872751, 168771	FALSE
ASV_46660	401954, 2499800, 2499798, 2499797;2499799, 2499565, 2499563, 2499561	FALSE
ASV_46676	112081;112083, 112026	FALSE
ASV_46731	2580469, 2580441;2580446;2580461;2580471, 2580435;2580443;2580448;2580459;2580467, 1207538	FALSE
ASV_4674	1726184;2348539, 1726184	FALSE
ASV_46800	2888426, 2888410;2888422;2888429;2888435, 2888407	FALSE
ASV_46851	4768;112030, 4768	FALSE
ASV_46868	111171;707996, 111171	FALSE
ASV_4689	2872752, 2872750;2872751, 168771	FALSE
ASV_4702	2872752, 2872750;2872751, 168771	FALSE
ASV_47029	1285561, 1285562, 1285561;1285562	FALSE
ASV_47044	214244, 214243, 3031134, 2938614, 1212980, 1001455, 214243;214244	FALSE
ASV_47052	382370, 29208;29209;382370	FALSE
ASV_47064	2902849;3037938, 3037938	FALSE
ASV_47072	1049592, 1704120, 1704119;1704127, 1704127	FALSE
ASV_47077	48606;2512188	TRUE
ASV_47085	382370, 29208;29209;382370	FALSE
ASV_47095	3232325, 74727;3232325, 3032101	FALSE
ASV_47167	2053092;2053123, 2053092;2053120;2053121	TRUE
ASV_47212	382370, 29208;29209;382370	FALSE
ASV_47213	2464748, 2464749, 2137134, 2137127;2137133;2137134	FALSE
ASV_47277	382370, 29208;29209;382370	FALSE
ASV_47310	2381262;2381263, 1881774, 1694416, 1694416;1881774	FALSE
ASV_47353	2082477;2082478	TRUE
ASV_47386	1810174, 1810164;1810167	FALSE
ASV_47407	2464749, 2137134, 2137127;2137133;2137134	FALSE
ASV_47415	2041088, 2822734, 714793;830443, 714793	FALSE
ASV_47447	2451576, 2451558;2451564;2451566	FALSE
ASV_47467	2285064;2285065, 1887693	FALSE
ASV_47573	2137137, 1562391;2109000;2109022;2109063;2464746;2464747, 1562391	FALSE
ASV_47593	2052682, 2052683, 2125998, 944588;2052682;2052683	FALSE
ASV_47615	178554, 178552, 1088918, 2973857, 2973382, 2973381, 2973381;2973382;2973857, 2718995, 344319	FALSE
ASV_47618	1887744, 572676;1887744;2327529, 2327519	FALSE
ASV_47631	1888124, 1741748, 2334960, 2334969, 1888124;2334962;2334966	FALSE
ASV_47650	1901801;1901802;1901803	TRUE
ASV_47668	2137137, 1562391;2109000;2109022;2109063;2464746;2464747, 1562391	FALSE
ASV_47693	2065307, 3375943, 565288, 1477121, 3073777, 3073752, 1861855, 981404, 544909;565288;747254;864826;864827	FALSE
ASV_47705	918552;993171, 993171	FALSE
ASV_47806	841900, 717160;841900	FALSE
ASV_47893	818436;1098035	TRUE
ASV_47907	2381693, 1881780, 1888125, 1743633, 2334968;2660971	FALSE
ASV_47925	944641, 101203;944641	FALSE
ASV_47949	1869246, 1869246;1869249, 1869248	FALSE
ASV_47990	2168654, 2168553, 2168522;2168526;2168528;2168531;2168622, 2168510	FALSE
ASV_48012	2172626, 879535;2469913	FALSE
ASV_48022	1900092, 1900093;1900094	FALSE
ASV_48087	1239271, 3051284, 1595861, 1593366;1593369	FALSE
ASV_48100	2176022, 1732519;3126461	FALSE
ASV_48111	832459;1098261	TRUE
ASV_48171	2263603;2263665;2263765, 2263510	FALSE
ASV_48225	832499;988978	TRUE
ASV_48230	2550176;2659035	TRUE
ASV_48236	2455478;2455497, 2035276	FALSE
ASV_48318	382370, 29208;29209;382370	FALSE
ASV_4832	2872752, 2872750;2872751, 168771	FALSE
ASV_48323	1239271, 3051284, 1595861, 1593366;1593369	FALSE
ASV_48331	1708586, 1708583, 1428051, 1428050, 1428023;1428024;1428093, 1428010;1428074, 1428009;1428011;1428025;1428075;1428094	FALSE
ASV_48388	1710095;2334095;2334096	TRUE
ASV_48416	2065307, 3375943, 565288, 1477121, 1861855, 981404, 544909;565288;747254;864826;864827	FALSE
ASV_48424	946373, 944610;946373	FALSE
ASV_48455	2514809, 2505120, 2505119;2514807;2514808;2514813, 2505115;2505118;2514799	FALSE
ASV_48493	2475333;2475343, 130010	FALSE
ASV_48501	2176022, 1732519;3126461	FALSE
ASV_48542	2052682;2052683	TRUE
ASV_48559	2872752, 2872750;2872751, 168771	FALSE
ASV_4862	2872752, 2872750;2872751, 168771	FALSE
ASV_48680	2082477;2082478	TRUE
ASV_48847	2464748, 2464749, 2137134, 2137127;2137133;2137134	FALSE
ASV_4887	2137137, 1562391;2109000;2109022;2109063;2464746;2464747, 1562391	FALSE
ASV_48967	2362238, 1741711;1886979	FALSE
ASV_48993	861477, 861477;2331916, 861477;876058;1106960;1622213;2331917	FALSE
ASV_490	1894415;1894418	TRUE
ASV_4900	944641, 101203;944641	FALSE
ASV_49013	1754622;1881779, 1695089;1881779	TRUE
ASV_49118	2137137, 2137132, 1562391;2109000;2109022;2109063;2464746;2464747, 1562391	FALSE
ASV_49131	1694204;1889973	TRUE
ASV_49175	443219;457354	TRUE
ASV_49180	1869246, 1869246;1869249, 1869248	FALSE
ASV_49184	2381693, 1881780, 1888125, 1743633, 2334968;2660971	FALSE
ASV_49259	271454;1279387, 271454, 1279387, 1279386	FALSE
ASV_49326	2137137, 1562391;2109000;2109022;2109063;2464746;2464747, 1562391	FALSE
ASV_49443	831555, 831555;1103233	FALSE
ASV_49498	153587, 419017, 234737;234738	FALSE
ASV_49535	1754622;1881779	TRUE
ASV_49540	1881774;2374669	TRUE
ASV_49546	2137137, 1562391;2109000;2109022;2109063;2464746;2464747, 1562391	FALSE
ASV_49612	4768;112030, 4768	FALSE
ASV_49655	147703;946375	TRUE
ASV_49725	2451570, 164412;172567;1220549, 6678, 164412	FALSE
ASV_4977	2514814, 2514798, 2505112;2514802;2514803;2514811	FALSE
ASV_49826	472282, 2872784;2877644;2877648;2877650;2877651;2877652	FALSE
ASV_49859	1900499;1900500	TRUE
ASV_49872	2608613, 397005;2608613	FALSE
ASV_49909	4768;112030	TRUE
ASV_49967	2176022, 1732519;3126461	FALSE
ASV_49992	382370, 29208;29209;382370	FALSE
ASV_50036	2492099;2492112	TRUE
ASV_50039	78482, 2761512, 78482;2761512	FALSE
ASV_50044	443219;457354	TRUE
ASV_50056	2137137, 1562391;2109000;2109022;2109063;2464746;2464747, 1562391	FALSE
ASV_50071	1098977, 832610;1098977	FALSE
ASV_50111	652864;874590	TRUE
ASV_50180	2137137, 1562391;2109000;2109022;2109063;2464746;2464747, 1562391	FALSE
ASV_50181	2137137, 1562391;2109000;2109022;2109063;2464746;2464747, 1562391	FALSE
ASV_50255	2053091, 2039474;2039475, 1104535	FALSE
ASV_50276	1754622;1881779	TRUE
ASV_50283	1640241;2202168	TRUE
ASV_50298	228916, 4770;120421, 4770;334526	FALSE
ASV_50300	2137137, 1562391;2109000;2109022;2109063;2464746;2464747, 1562391	FALSE
ASV_50324	2487003, 2125992, 82952, 4768;112030	FALSE
ASV_50325	36331, 36331;65070	FALSE
ASV_50362	1251222, 1251222;2322346;2322355;2322358, 2322351, 1251222;1251585;2322349;2322350;2322352;2322353;2322354	FALSE
ASV_50370	443219;457354	TRUE
ASV_50371	2005530, 2005530;2579444	FALSE
ASV_50421	382370, 29208;29209;382370	FALSE
ASV_5044	2554787;2554789	TRUE
ASV_50462	112081;112083	TRUE
ASV_5047	831397, 705211;831397;1103149	FALSE
ASV_50474	2514809, 2505120, 2505119;2514807;2514808;2514813, 2505115;2505118;2514799	FALSE
ASV_5048	2285064;2285065, 1887693	FALSE
ASV_50505	4786, 111171;707996, 111171	FALSE
ASV_50554	2137137, 1562391;2109000;2109022;2109063;2464746;2464747, 1562391	FALSE
ASV_50556	1754622;1881779	TRUE
ASV_50601	4766, 4768;112030	FALSE
ASV_50614	1428570, 1052040, 1034652, 633638, 632150;1034652	FALSE
ASV_50618	382370, 29208;29209;382370	FALSE
ASV_50633	382370, 29208;29209;382370	FALSE
ASV_50634	2926, 671315, 671316;671317, 671321, 65670, 39455, 686664, 2932, 2929, 2925, 39453, 2925;2926;2935;39453;191036;671319;671320;671322;686664, 2925;2926;39453, 201731, 79894	FALSE
ASV_50645	1754622;1881779	TRUE
ASV_50677	1763819, 1763819;2798770, 2798770	FALSE
ASV_50678	2464749, 2137134, 2137127;2137133;2137134	FALSE
ASV_50736	1810174, 1810164;1810167	FALSE
ASV_5077	120407, 4770, 281402;946370, 101203	FALSE
ASV_50780	112027;120407, 112078	FALSE
ASV_50829	818436;1098035	TRUE
ASV_50882	2114840, 2114782;2114936, 414342	FALSE
ASV_5092	2514814, 2514798, 2505112;2514802;2514803;2514811	FALSE
ASV_50982	4768;112030, 4768	FALSE
ASV_50990	2168648, 2168579, 2168514, 2168504;2168550;2168555;2168558;2168562;2168580;2168597;2168619;2168621, 1474452	FALSE
ASV_51008	688480, 688480;2016918	FALSE
ASV_5109	1894415;1894418	TRUE
ASV_51112	261677, 261677;2854686	FALSE
ASV_51182	714778, 714778;830609	FALSE
ASV_51200	2065307, 3375943, 565288, 1477121, 1861855, 981404, 544909;565288;747254;864826;864827	FALSE
ASV_51201	2115156;2115157, 2085728	FALSE
ASV_51270	2464748, 2464749, 2137134, 2137127;2137133;2137134	FALSE
ASV_51307	2464749, 2137134, 2137133, 2137127;2137133;2137134	FALSE
ASV_51326	2464749, 2137134, 2137127;2137133;2137134	FALSE
ASV_51352	1691096, 1691096;2553684	FALSE
ASV_51406	1041932, 2511829, 88149, 1736704, 1735275, 1729945, 1652143;1714571;1729944;2044565;3020498, 1595980, 1581710, 416841, 416839, 416837, 416842, 88150	FALSE
ASV_51450	1997600;1997625;2000696, 1994845, 1994822	FALSE
ASV_51457	2330340, 2330338;2362300	FALSE
ASV_51475	713106;1972065;1972066;1972067	TRUE
ASV_51477	382370, 29208;29209;382370	FALSE
ASV_51494	818436;1098035	TRUE
ASV_51529	2065307, 3375943, 565288, 1477121, 1861855, 981404, 544909;565288;747254;864826;864827	FALSE
ASV_51560	2159215, 2159202;2159208;2159254, 2134896, 1687957	FALSE
ASV_51596	2464749, 2137134, 2137127;2137133;2137134	FALSE
ASV_5172	2554787;2554789	TRUE
ASV_51835	112081;112083	TRUE
ASV_51895	993171, 918552;993171	FALSE
ASV_51933	2464749, 2137134, 2137127;2137133;2137134	FALSE
ASV_51948	2565996;2565998;2565999;2566001;2566003;2566005;2566006;2566009;2566010	TRUE
ASV_52098	48606, 48606;2512188	FALSE
ASV_52120	1929678;1929679	TRUE
ASV_52193	297730, 283591;297730, 942672, 283613	FALSE
ASV_52299	112027;120407	TRUE
ASV_5232	2872752, 2872750;2872751, 168771	FALSE
ASV_52337	242753, 51051, 1869259, 2201885, 1917244, 351729;2201890, 1780396, 1216035, 1917279, 242744, 51051;1328282;2201881, 242744;1917279, 983583, 3280192, 242753;351729, 1328282, 51051;1216035;1328282;1328283, 1917255, 214976	FALSE
ASV_5245	2137137, 1562391;2109000;2109022;2109063;2464746;2464747, 1562391	FALSE
ASV_52487	920461;1104025	TRUE
ASV_52506	2464748, 2464749, 2137134, 2137127;2137133;2137134, 168724	FALSE
ASV_52595	382370, 29208;29209;382370	FALSE
ASV_5261	2872752, 2872750;2872751, 168771	FALSE
ASV_52627	1749338;1888049	TRUE
ASV_52632	220647, 3108435, 1918684, 220649;3108435, 220649	FALSE
ASV_52648	1754622;1881779	TRUE
ASV_52653	186163, 36331;186163	FALSE
ASV_52797	36331;186163	TRUE
ASV_52821	2464749, 2137134, 2137127;2137133;2137134	FALSE
ASV_52871	2361906, 2362191;2362192;2362194	FALSE
ASV_52876	2363018;2363027	TRUE
ASV_52948	1554527, 1554526;1554527	FALSE
ASV_52958	2464749, 2137134, 2137127;2137133;2137134	FALSE
ASV_5298	2137137, 1562391;2109000;2109022;2109063;2464746;2464747, 1562391	FALSE
ASV_53004	1869246, 1869246;1869249, 1869248	FALSE
ASV_53027	2329880;2329881;2329887	TRUE
ASV_53060	283519, 1006827;3292394	FALSE
ASV_53066	382370, 29208;29209;382370, 29208	FALSE
ASV_53095	1890200, 2881995, 1890200;2328790	FALSE
ASV_53102	2052682, 2052683, 2125998, 944588;2052682;2052683	FALSE
ASV_53137	1239271, 3051284, 1595861, 1593366;1593369	FALSE
ASV_53179	120407, 4770, 281402;946370, 101203	FALSE
ASV_53191	2282857, 1428570, 1052040, 1034652, 633638, 632150;1034652	FALSE
ASV_53256	4768;112030	TRUE
ASV_53264	1749338;1888049	TRUE
ASV_5328	1887912;2335431	TRUE
ASV_53289	3297565, 747252, 758755, 443219, 443219;457354	FALSE
ASV_53296	78482, 2761512, 78482;2761512	FALSE
ASV_5333	1899655;1899656;1899692	TRUE
ASV_53385	382370, 29208;29209;382370	FALSE
ASV_53395	2082477;2082478	TRUE
ASV_53466	65070, 1049592, 1704120, 1704119;1704127, 1704127	FALSE
ASV_53469	2328332;2328333;2328342;2328344	TRUE
ASV_53479	1887849;2332386;2332387, 2332385	FALSE
ASV_53491	1726184;2348539, 1726184	FALSE
ASV_53542	4768;112030, 4768	FALSE
ASV_53564	1485010, 147703;147705, 147705, 147703	FALSE
ASV_53595	2323011;2323012	TRUE
ASV_53647	1321405, 1820162, 1321405;1820162, 1269730	FALSE
ASV_53754	2363018;2363027	TRUE
ASV_53796	1525519, 1874313, 1525519;1874313	FALSE
ASV_53844	1216615;1432882;1697117, 2938623	FALSE
ASV_53896	2944603, 201765, 201765;2944603	FALSE
ASV_53960	382370, 29208;29209;382370	FALSE
ASV_53964	833266, 833266;1099676	FALSE
ASV_54025	1901801;1901802;1901803	TRUE
ASV_54027	1900211;1900214	TRUE
ASV_54061	1428570, 1052040, 1034652, 633638, 632150;1034652	FALSE
ASV_5415	2440930;2440933, 2440935	FALSE
ASV_54194	2513790, 2513570, 2513562;2513576;2513603, 2513261, 2513001	FALSE
ASV_54256	3373387, 3123061, 3123061;3373387	FALSE
ASV_54264	2737386;2737387	TRUE
ASV_54277	163341;1609944	TRUE
ASV_5429	994209, 994209;2410001, 1473667, 1887114	FALSE
ASV_54292	2872752, 2872750;2872751, 168771	FALSE
ASV_54297	2872752, 2872750;2872751, 168771	FALSE
ASV_54320	2872752, 2872750;2872751, 168771	FALSE
ASV_54321	2872752, 2872750;2872751, 168771	FALSE
ASV_54417	2583524;2583525;2676093	TRUE
ASV_5443	2134699;2134700;2134702;2134703;2134704, 2739589	FALSE
ASV_54439	2872752, 2872750;2872751, 168771	FALSE
ASV_54442	2872752, 2872750;2872751, 168771	FALSE
ASV_54604	2935851, 2935848;2935849;2935850	FALSE
ASV_5476	1132395, 1132395;2411485, 2333971	FALSE
ASV_54884	2137102;2137103	TRUE
ASV_5494	1976767;1976773	TRUE
ASV_55016	1688009;2241560;2241593	TRUE
ASV_55076	1898700;2052616	TRUE
ASV_55149	76823;1474347	TRUE
ASV_55187	2179635;2179636	TRUE
ASV_55205	2312409, 1887116;2538580, 1887116, 2875758, 1724790, 2332682	FALSE
ASV_55237	3095583, 3095583;3095593	FALSE
ASV_55238	2082488, 2082479, 2082489, 2044622;2082475	FALSE
ASV_55307	1150260;1150261, 1150261, 2899797	FALSE
ASV_55312	1754964;2063655	TRUE
ASV_55318	2332881;2332890	TRUE
ASV_55503	2596509;2596520	TRUE
ASV_55522	360399, 134455;360399	FALSE
ASV_5556	2137137, 1562391;2109000;2109022;2109063;2464746;2464747, 1562391	FALSE
ASV_55684	1107854;1107855	TRUE
ASV_55694	944641, 101203;944641	FALSE
ASV_55698	2137084, 2137077;2137082;2137084;2137086, 2137081, 2137077;2137078;2137079;2137080;2137081;2137082	FALSE
ASV_557	2872752, 2872750;2872751, 168771	FALSE
ASV_55745	2214978;2215115	TRUE
ASV_5576	1897910, 1897910;2754167	FALSE
ASV_55797	1072375, 940420;1072375	FALSE
ASV_55834	2248593, 2248656, 2248654, 2248653, 2248737, 2248648;2248649;2248650;2248651;2248652;2248655;2248657;2248658;2248659;2248660;2248661, 2248647, 2248592	FALSE
ASV_55867	544909, 544909;565288	FALSE
ASV_55870	1749338;1888049	TRUE
ASV_56064	1674762, 1528083;1674762	FALSE
ASV_56231	1969545, 76587, 76587;1969545, 6386	FALSE
ASV_56251	1893324;1893327	TRUE
ASV_56305	611654, 1881752, 1887125;2418220, 1887125, 611654;1881752;1887125;2418058, 2418038, 1105572;1887125, 1105572	FALSE
ASV_56331	288855;2889116, 288855	FALSE
ASV_56402	1893324;1893327	TRUE
ASV_56510	2065307, 3375943, 565288, 1477121, 1286608, 1861856, 1861855, 1861850, 981404, 457354;565288;708009, 544909;565288;747254;864826;864827	FALSE
ASV_56516	164536;164539	TRUE
ASV_5653	2872752, 2872750;2872751, 168771	FALSE
ASV_56536	848272;1139844	TRUE
ASV_56549	1992404;1992405, 1998323	FALSE
ASV_56562	231958;255166	TRUE
ASV_56565	1871872;1871873, 1871871	FALSE
ASV_56619	795183, 795180, 671422;795182, 795172	FALSE
ASV_56639	944641, 101203;944641	FALSE
ASV_56689	229769, 229769;1304475	FALSE
ASV_56694	1642946, 1642946;1642947	FALSE
ASV_56698	2581011;2581012	TRUE
ASV_56933	1861856, 1861850, 457354;565288;708009	FALSE
ASV_5701	89336, 247283, 1205998, 247283;767458	FALSE
ASV_5747	1562015;1889984;2061634;2061637, 1562015	FALSE
ASV_5754	1893352, 1893350;1893354;1893360, 1893363	FALSE
ASV_5819	1428570, 1052040, 1034652, 633638, 632150;1034652	FALSE
ASV_5820	2109010;2109015;2109094	TRUE
ASV_584	45157, 45157;280699	FALSE
ASV_5856	2872752, 2872750;2872751, 168771	FALSE
ASV_5878	2872752, 2872750;2872751, 168771	FALSE
ASV_5916	713106;1972065;1972066;1972067	TRUE
ASV_5949	1109492;2981718	TRUE
ASV_5965	112081;112083	TRUE
ASV_5991	875844, 875844;2333602	FALSE
ASV_6085	3367338, 1316372, 1316368;1316369;1316370	FALSE
ASV_6110	2503181;2503219	TRUE
ASV_6134	2322564;2322567;2322568	TRUE
ASV_6148	1861856, 1861850, 457354;565288;708009	FALSE
ASV_6170	2872752, 2872750;2872751, 168771	FALSE
ASV_622	2872752, 2872750;2872751, 168771	FALSE
ASV_6245	608134, 6058, 6058;608134	FALSE
ASV_625	2475333;2475343, 130010	FALSE
ASV_630	818436;1098035	TRUE
ASV_6364	2248581, 2248578;2248582;2248583, 2248572;2248576, 2248645, 2248644, 2248570;2248571;2248574;2248577, 2248569;2248573;2248575, 1037251	FALSE
ASV_6446	2125998, 36331, 36331;65070, 946377	FALSE
ASV_6465	2872752, 2872750;2872751, 168771	FALSE
ASV_6546	2872752, 2872750;2872751, 168771	FALSE
ASV_6564	1107714;1881774;1888100;2330591;2330818;2330843	TRUE
ASV_6576	2115077, 2085682;2115132;2334093	FALSE
ASV_6582	484329;2795334, 2908799, 1588620, 346836	FALSE
ASV_6683	2872752, 2872750;2872751, 168771	FALSE
ASV_6687	2872752, 2872750;2872751, 168771	FALSE
ASV_6710	2554787;2554789	TRUE
ASV_6725	229769, 229769;1304475	FALSE
ASV_6731	918552;993171, 993171	FALSE
ASV_6754	1894415;1894418	TRUE
ASV_6785	425966, 425965;425966, 425965, 425967	FALSE
ASV_6827	2168654, 2168522;2168526;2168528;2168531;2168622, 2168510	FALSE
ASV_6837	2896160, 2877673;2877674;2896134;2896137;2896140;2896153;2896154;2896156, 2896141	FALSE
ASV_6850	2285064;2285065, 1887693	FALSE
ASV_6883	2176022, 1732519;3126461	FALSE
ASV_6897	2872752, 2872750;2872751, 168771	FALSE
ASV_6985	2243776, 1687759;2243769	FALSE
ASV_6986	2065307, 3297565, 3375943, 747252, 565288, 1477121, 1861855, 981404, 544909;565288;747254;864826;864827	FALSE
ASV_7005	2872752, 2872750;2872751, 168771	FALSE
ASV_7015	236714, 1656575, 236714;1656575;1864008	FALSE
ASV_702	1072375, 940420;1072375	FALSE
ASV_7028	2689685;2689687	TRUE
ASV_7053	1562015;1889984;2061634;2061637, 1562015, 1887035	FALSE
ASV_7081	112081;112083, 112026	FALSE
ASV_7082	2554787;2554789	TRUE
ASV_7100	2137137, 1562391;2109000;2109022;2109063;2464746;2464747, 1562391	FALSE
ASV_7129	2329880;2329881;2329887	TRUE
ASV_7144	2872752, 2872750;2872751, 168771	FALSE
ASV_7181	3367338, 1316372, 1316368;1316369;1316370	FALSE
ASV_7183	3012, 3012;87149	FALSE
ASV_72	2176022, 1732519;3126461	FALSE
ASV_7222	1740753;1888122, 2334695	FALSE
ASV_7229	102976, 102976;2952871	FALSE
ASV_7266	2872752, 2872750;2872751, 168771	FALSE
ASV_7276	1527928, 1527928;1674559	FALSE
ASV_7321	172567, 6678;164412, 164412	FALSE
ASV_7328	2872752, 2872750;2872751, 168771	FALSE
ASV_7329	2872752, 2872750;2872751, 168771	FALSE
ASV_7330	3373387, 3123061;3373387, 3123061	FALSE
ASV_7388	1428570, 1052040, 1034652, 633638, 632150;1034652	FALSE
ASV_7390	1104144, 1129703, 710635;831534;1104144;1129703	FALSE
ASV_748	2872752, 2872750;2872751, 168771	FALSE
ASV_7486	1976865, 1976843;1976876;1976878	FALSE
ASV_7549	2137137, 1562391;2109000;2109022;2109063;2464746;2464747, 1562391	FALSE
ASV_7560	2872752, 2872750;2872751, 168771	FALSE
ASV_769	45157, 45157;280699	FALSE
ASV_7708	2137137, 1562391;2109000;2109022;2109063;2464746;2464747, 1562391	FALSE
ASV_7760	1564259;1569279, 1564257	FALSE
ASV_7811	2329880;2329881;2329887	TRUE
ASV_7873	2872752, 2872750;2872751, 168771	FALSE
ASV_788	220647, 3108435, 1918684, 220649;3108435, 220649	FALSE
ASV_789	2872752, 2872750;2872751, 168771	FALSE
ASV_7957	2926, 671315, 671316;671317, 671321, 65670, 39455, 686664, 2932, 2929, 2925, 39453, 2925;2926;2935;39453;191036;671319;671320;671322;686664, 2925;2926;39453, 201731, 79894	FALSE
ASV_8035	7671, 7671;2653616	FALSE
ASV_805	1072375, 940420;1072375	FALSE
ASV_8106	913356;1816860	TRUE
ASV_811	2872752, 2872750;2872751, 168771	FALSE
ASV_816	1072375, 940420;1072375	FALSE
ASV_8160	2795671, 866028;1709689;1943765, 1943767	FALSE
ASV_8172	2176022, 1732519;3126461	FALSE
ASV_8211	2176022, 1732519;3126461	FALSE
ASV_8221	1986219, 595388, 2923268, 2973347, 2973346, 2973345, 2973862, 2973343, 2973343;2973347;2973862, 2854622, 2854611, 2854427, 2854425;2854426;2854428;2854429;2854442, 2854417;2854630;2854631;2854632	FALSE
ASV_8258	90936, 90936;859642, 358089	FALSE
ASV_8267	336594, 815499, 336594;815499	FALSE
ASV_8285	717384, 717384;895687	FALSE
ASV_8355	3037938, 3054736;3054753	FALSE
ASV_8364	1109492;2981718	TRUE
ASV_8400	9728, 3056773, 3056774, 9737, 103584, 9728;103584	FALSE
ASV_8425	835098;1102128	TRUE
ASV_8451	145610, 145610;381125;2481585;2481589	FALSE
ASV_8483	2889065;2889066	TRUE
ASV_8486	2872752, 2872750;2872751, 168771	FALSE
ASV_8523	2137137, 1562391;2109000;2109022;2109063;2464746;2464747, 1562391	FALSE
ASV_8547	1072375, 940420;1072375	FALSE
ASV_8593	2180558;2180559;2180562;2180563, 2180561	FALSE
ASV_8695	3012, 3012;87149	FALSE
ASV_8874	847108;1098836	TRUE
ASV_8897	2362586;2362587;2362589;2362590	TRUE
ASV_9015	2158914;2158919	TRUE
ASV_9032	2335247;2363390	TRUE
ASV_907	946373, 944610;946373	FALSE
ASV_9117	1714609, 1714607;1714608;1714610;1714611, 743461	FALSE
ASV_9120	65070, 36331;65070	FALSE
ASV_9176	1562015;1889984;2061634;2061637, 1562015	FALSE
ASV_9296	1562015;1889984;2061634;2061637, 1562015	FALSE
ASV_933	2065307, 3375943, 565288, 1477121, 1861855, 544909, 981404, 544909;565288, 544909;565288;747254;864826;864827	FALSE
ASV_942	7202, 7202;1596831	FALSE
ASV_9482	2872752, 2872750;2872751, 168771	FALSE
ASV_9668	1107702, 815563;1107702	FALSE
ASV_9741	90936, 90936;859642, 358089	FALSE
ASV_9779	2554787;2554789	TRUE
ASV_9793	2172804;2935931, 2172803, 1763807, 3076214, 2935915	FALSE
ASV_980	2653606, 869194;2653605, 869194;2653604;2653608, 869194	FALSE
ASV_9807	1562015;1889984;2061634;2061637, 1562015	FALSE
ASV_9810	3367338, 1316372, 1316368;1316369;1316370	FALSE
ASV_9818	3012, 3012;87149	FALSE
ASV_9857	1094219, 836724;1094219	FALSE
ASV_987	1562015;1889984;2061634;2061637, 1562015	FALSE
