1001396
1001402
1001411
1001423
1001426
1001449
1001455
1001481
1002672
1002889
1002969
1002979
1003008
1003062
1003076
1003145
1003499
1003509
1003759
1004761
1005064
1005081
1005985
1006
100677
1006797
1006801
1006821
1006827
1007037
1007244
1007360
1007371
100756
1007685
1007690
100816
100870
100879
101203
1016880
1017091
1017313
1017923
10224
102628
1026705
1027435
1027436
1027699
1028523
1028551
1028782
1028814
1029667
1029721
1029725
102976
1031121
1031130
1031136
1031138
1031141
1031179
1031247
1031252
1031642
1032745
1033783
1034349
1034355
1034394
1034652
103584
1036598
1037065
1037066
103713
1037237
1037238
1037239
1037242
1037244
1037245
1037250
1037251
1037266
1037303
1037304
104018
1041512
1041513
1041932
1041945
1042120
1042181
1042627
1042649
1043159
1043182
1043183
1043386
104460
104463
104537
1045928
1045937
1045938
1045939
1045944
1045948
1045966
1045968
1045976
1045979
1046773
1046787
104687
104777
1048559
1048869
1049196
1049555
1049592
1050419
1051287
1051440
1051443
1051452
105151
105152
1051616
1051988
1052040
1053727
1053873
1053874
1053982
1053990
105404
105407
105409
1054385
1054411
1055677
105601
105605
105608
1056814
105714
105861
105876
105881
1060863
106224
1062344
106299
1064555
1064563
1064566
1065153
1065252
1068821
106917
1069389
1069839
107021
1070352
1070398
1070785
1070909
1070914
1070967
1071226
1072025
1072375
107252
1072791
1073088
1073095
107326
1073398
1073844
1073936
107401
1076714
1076725
1076758
1077227
1077228
1077399
107758
1077844
1077847
107853
1078534
107860
1079021
107927
1079369
1079935
1079982
1080314
1080765
1080927
1081868
1081897
1082595
1082617
1082618
1082619
1082620
1082621
1082659
1082663
1082670
1085683
1086202
1086286
1086775
1086776
1087462
1087466
1087561
1087567
1087579
1087585
1087599
1087719
1087816
1087823
1087845
1087848
1088163
1088236
1088459
1088533
1088918
1089214
1089218
1089222
1089223
1089235
1089236
1089239
1089247
1089252
1089256
1089257
1089265
1089297
1089303
1090267
1090323
1090324
1090334
1090546
1091503
109152
1091600
1092457
1093063
1093165
1093821
1094219
109461
1096053
1096054
1096056
1096061
109660
109671
1096883
1096885
1097460
1097462
109757
1098035
1098042
1098076
1098087
1098261
1098265
1098270
1098294
1098317
1098331
1098338
1098399
1098414
1098579
1098631
1098836
1098975
1098977
1099000
1099072
1099106
1099152
1099216
1099329
1099629
1099650
1099676
1099682
1100100
1100103
1100391
1100406
110072
1101006
1101052
1101058
1101090
1101102
1101143
1101818
1101844
110189
110192
110193
1102128
1102650
1102717
1102934
1103063
1103149
1103170
1103191
1103233
1103420
1103444
1103586
1103767
1103920
1103965
1104025
1104057
1104067
1104076
1104115
1104144
1104147
1104319
110438
1104407
1104521
1104524
1104535
1104537
1104540
110477
1104995
1105092
1105107
1105175
1105311
1105345
1105511
1105516
1105535
1105537
1105562
1105567
1105572
1105657
1105674
1105969
1106410
1106447
1106701
1106726
1106771
1106774
1106807
1106960
1107221
1107241
1107548
1107582
1107584
1107586
1107588
1107590
1107643
1107655
1107686
1107702
1107714
1107731
1107761
1107785
1107789
1107811
1107817
1107854
1107855
1108076
1108084
1108094
110811
1108580
1108701
1108706
1108961
1108962
1109402
1109446
1109451
1109479
1109492
1109757
1109777
1109794
1110480
1110715
1110784
1110799
1110917
1110923
1110925
1111009
1111234
1111306
111171
1112059
1112348
1112383
1112401
1112466
1112493
1112496
1112534
1112541
1112547
111281
1113196
1113204
1113278
1113379
1113434
111370
1114221
1114222
1114231
1114254
111463
1115404
1115529
1115533
111561
1115703
1115711
1115718
1116891
1117027
1117030
1117031
1117176
1117813
111789
111831
1118906
1118949
1118953
1120020
112026
112027
112028
112030
112031
112057
1120770
1120771
112078
1120781
112079
112081
112082
112083
112087
112088
112089
112090
112092
112097
112098
112267
112268
1123183
1123329
1123340
1124194
1124199
1124549
1124591
112506
112507
1125144
112524
112525
112526
1125265
112528
1125756
1125843
1126001
1126721
1127301
1127308
1128349
1128524
1128534
1129641
1129672
1129703
1129794
1130980
1131323
1131463
1131915
1132302
1132395
1133191
1133979
1134705
113483
1135985
1136389
113644
1136913
1136925
1137200
1138466
1139002
1139157
1139264
1139296
1139394
1139420
1139427
1139454
1139460
1139590
1139636
1139844
1139936
1139938
1139977
1140662
114067
114069
1140731
1140743
1140877
1140954
1141016
1141039
1141738
1142483
1142711
1142712
1142793
1142805
1142848
1142924
1143158
1143192
1144608
1144660
114594
114598
1146997
1147021
114742
1148474
1148761
1148795
1149715
1149716
1149953
1150258
1150260
1150261
1150262
1150270
1150609
1150631
1150634
1150636
1150736
1150884
115417
115418
115421
115423
115424
1154625
1155460
1155482
1155755
1156569
1156572
1156574
1156872
1156886
1157699
1157731
1157739
1157803
1157873
1158016
1158125
115914
1159285
115944
116065
1160993
1161000
1161001
1162241
1162569
1163344
1165381
1166729
1166785
1166801
1166812
1166840
1166865
1166873
1166874
1166879
1166941
1167214
1167535
1167875
1168193
1169134
1170699
117179
1173034
1173036
1173707
1174485
1174592
1174594
1174597
1174644
117512
117513
117514
117521
117523
1176698
1177070
1178094
1178221
1178825
1181784
1181997
1182298
1183107
118375
1184682
1184852
1184855
1185009
118530
1185511
1185525
1187870
1188048
118994
1190534
1190596
1190597
1190602
1190757
1190758
1190783
119111
119117
1191186
119121
119122
119130
119134
119141
119142
119145
119146
119149
119155
1191583
119246
119251
119369
119370
119372
119373
1194252
1194254
1194341
1195427
1195437
1196008
1196118
1196142
1196597
1197119
1197124
1197126
1197709
1197752
1198230
119927
120023
1200954
1200956
1201160
1201161
1201394
1202107
1202772
120396
120398
120407
120412
120415
120416
120417
120418
120419
120421
1204431
1204437
120452
120472
120479
120566
1205982
1205995
1205996
1205998
1206029
1206218
1206250
1206289
1206316
1206571
1206598
1207538
1207558
120787
120807
120870
120871
120874
1208884
1209096
1209564
1209623
1209680
1209966
1209994
121045
121068
121138
121149
1211948
1211981
1211982
1212042
1212196
1212232
1212324
1212325
1212361
1212608
1212846
1212980
1212981
1213133
1213204
1213213
1213229
1214271
121492
1215038
1215624
1216035
1216507
1216509
1216510
1216511
1216527
1216552
1216560
1216602
1216615
1216624
1217586
1218212
1218286
1219156
1219162
1219852
1220207
1220407
1220549
1223412
1223578
122368
1225065
1225233
1225254
1225262
1227362
1227669
1229243
1229495
1229982
1229996
1230418
1230847
1230915
1231966
1232011
1232061
1232264
1232797
1232900
1233030
1233087
1233413
1233435
1233764
1233768
1233775
1233776
1233779
1233785
1233797
1233801
1233839
1233847
1233850
1233855
1233865
1234564
1235424
1235425
1235695
1237361
123750
123754
1239271
1240904
1240993
1240995
1240996
1240997
1240999
1241000
1241005
1242022
1242057
124245
124248
1243821
124389
1244813
1246315
1246322
1246454
1246625
1246668
1247482
1248350
1248362
1248366
1248367
1248430
1249110
1249111
1249112
1249599
1249610
1249611
1249688
1250573
1251056
1251089
1251107
1251128
1251139
1251170
1251187
1251214
1251222
1251263
1251286
1251367
1251496
1251580
1251585
1251643
1251733
1251802
1251839
1251903
1251981
1252089
1252512
1252856
1252857
1254446
1254561
1254965
1254976
1255212
1255295
1256343
1256475
1256654
1256662
1258568
1258623
1258624
1260466
1260805
1260806
1260809
1260812
1260819
1260842
1260869
1260899
1260908
1260956
1261574
1261578
1262068
1262161
1262250
1262671
1263163
1263166
1263168
1263268
1263275
1263279
1263281
1263441
1264784
1264790
1264792
1264793
1265453
1265835
1265872
1265878
1265881
1265885
1265891
1265900
1266055
1266083
1266483
1266503
1266525
126655
1266578
1266817
1266903
1267012
1267058
1267086
1267140
1267143
1267241
1267489
1267491
1267525
1267908
1268109
1268265
1268266
1268267
126844
126845
126846
1269034
1269528
1269540
1269552
1269631
1269637
1269730
1269740
1269744
1269755
127008
127148
1271694
1273726
1273727
127402
127442
127443
127444
1274463
127544
127563
127578
1276335
127718
1277258
1277646
1277647
1277721
1277933
1277936
1277942
1277943
1277948
1279385
1279386
1279387
128036
128040
128042
128043
1280451
1280583
1280633
128131
1281428
1281654
1281656
1282148
1282972
1282988
1284839
128490
1285095
128532
128533
1285561
1285562
1285580
1285981
1285985
1286008
1286232
1286608
1286866
1289668
1291220
1291750
1291760
1291785
1291799
1291802
1291945
1291946
1291954
12921
1293378
1293383
1293389
1293405
1293406
129348
129349
129350
129351
129352
129354
129355
129356
129357
129358
1293582
129359
129360
129364
1295085
1295496
1298549
1298643
130010
1300357
1302335
1302388
1302610
1302800
1302817
1302819
1302829
1302831
1303728
1303801
1304385
1304388
1304475
1304500
1304518
1305603
1305651
1306403
1306518
1307124
130734
1308578
1309033
1309051
1309217
1309300
1309584
1309588
1309596
1310084
131038
1310418
13106
131064
131070
13108
131094
131097
1311528
1311566
1311570
1312072
1313328
1313334
131350
1315130
1315226
1316049
1316053
1316060
1316061
1316368
1316369
1316370
1316372
131645
131647
1317352
1317354
1317411
1317511
1317557
1317581
1317623
1317682
1318556
1320134
1320192
1320216
1320217
1320219
1320699
1320714
1321403
1321405
1321409
1321675
1321679
1321685
13221
1323384
1323389
1323535
1324371
1324862
1325560
1325868
1326106
132621
132622
132623
132625
132628
132629
132631
132633
132634
132637
132683
1326913
132705
132710
132717
132722
1328282
1328283
1328284
1329268
1329455
1329457
1330343
1330517
1330701
133122
133128
1331616
1331962
1332556
1332620
1332903
1332934
1333004
1333008
1333662
1333970
1334181
133427
1334869
133487
1334896
1334904
1334917
1334921
1335017
133509
133510
133511
133515
133519
133531
1336491
1336536
1336804
1337087
1337175
1337248
1337253
1337259
1337282
1338159
1338292
1338553
1338563
133902
1339644
1339646
133978
133999
1340770
1342019
1342104
1343527
1344033
1344364
1344365
1344366
1344368
134455
134471
1344733
1345006
1345079
1345081
1345082
1345083
1345084
1345085
1345087
1345089
1345137
1345145
134558
1346093
1346319
1346509
134686
1347097
1347098
1347099
1347159
1347342
1348078
1348418
1348585
134924
1349785
1349877
1350135
1351856
1353399
1353542
1354726
135481
135523
1355461
1355979
1357804
135856
1358729
135895
135925
13608
136139
136180
136184
1364886
1365231
1365870
1365925
1366311
1366313
1366432
1366434
136697
136796
1368097
1368477
1368505
1368622
136948
137002
1370207
1370808
1370817
1370955
1370985
1371081
1371091
1371099
1371133
1371148
1371155
1371172
1371314
1371334
1371354
1371418
1371471
1371474
1371476
1371575
1371644
1371783
1371866
1371878
1371890
1371892
1371977
1371981
1371982
1372341
1372414
1372474
1372526
1372943
1373073
1373075
1373359
1373387
1373536
1373648
1373760
1373820
1373847
1373934
1374168
1374306
1374310
1374536
1374539
1374553
1374705
1374750
1374805
1374843
1374914
1375278
137544
1375458
1375522
1375575
1375619
1375776
1375825
1375860
1375923
1376010
1376081
1376146
137625
1376340
1376415
1376566
1376666
1376679
1376680
1376739
1376853
1376854
1376869
1376908
1377030
1377040
1377207
137729
1377352
1377515
1377559
1377657
1377669
1377846
1377914
1379798
1380061
1380089
1380738
1380885
1381113
1381492
1381947
1382469
1382562
1382564
1382568
1382569
1383031
1383032
1383035
1383262
1383453
1385232
1385233
1385341
138538
138539
1385620
1385621
1386913
1388755
1388884
1388885
1390099
1390100
1390112
1390214
1390218
1390317
139045
139046
139049
139056
1391049
1391587
1391588
1391607
1391618
1391633
1391836
1392359
1392444
1392506
1392507
1393003
1393004
139386
1393879
1394343
1394359
1394383
1394398
1394468
1394987
1395048
1395096
1396423
139723
139727
139733
1397789
1399213
1399332
1399618
1399955
1399965
1400037
1400253
140046
140048
140074
1400851
140091
1401295
1401296
1401698
1402379
1403501
1403515
1403516
1403517
1403523
1403533
1403536
1403548
1403549
1403670
140455
140469
140487
1405097
1405160
1405630
1406089
1406130
1407198
1407799
1407839
1407850
1407872
1407897
1408693
1408742
1408757
1410101
1410306
1410394
1410438
1410440
1411630
1411677
1411894
1411912
141248
1413812
1414595
1414799
1415258
1415260
1415267
1415336
1415923
1416941
1417249
1417368
1417833
1417925
1418652
1418739
1418960
1419291
1419334
1420601
1421108
1421113
142113
1421134
1421135
1421147
1421154
1421183
1421204
1421308
1421327
1421331
1421560
1421589
1421599
1421717
1423250
1424565
1424638
1424639
1424651
1424652
142493
142512
142518
142540
1425523
1425531
1425532
1425582
1426857
1427174
1427387
1428009
1428010
1428011
1428023
1428024
1428025
1428038
1428045
1428050
1428051
1428065
1428067
1428074
1428075
1428093
1428094
1428117
1428120
1428122
1428123
1428124
1428125
1428126
1428127
1428129
1428570
142889
142890
142891
142892
142893
142894
142904
1429247
1429934
1429959
1429967
143008
1430462
1430541
1430664
1430850
1431719
1431720
1431743
1432156
1432349
1432381
1432569
1432770
1432882
143297
1434456
143453
1434540
1434630
1436027
1436822
1436824
143993
1440115
1440116
1440457
1440627
1440973
1440974
1441002
1441003
1441004
1441005
1441006
1441031
1441032
1441033
1441517
1441520
1441535
1441559
1441563
1441580
1441590
1441741
1441742
1441771
1441772
1442297
1442300
1443144
1446065
1446092
1446178
1446186
1446189
1446240
1446250
1447870
1448053
1450307
1450308
1450309
1450477
1450757
1452904
1452965
1453176
1453365
1453366
1454312
145445
145475
1454750
1454772
1454942
1454959
145522
145535
145590
145599
145610
145622
1457066
1457131
145868
145882
1460096
1460100
1460289
1461544
1461793
1464076
1464558
1464559
1464793
1464853
1464978
1465138
1465663
1465689
1465700
146722
1468479
1468491
1468494
1469971
1470270
1470271
1470272
1470273
1470289
1470318
1470434
1470711
1470766
1470871
1471631
1471795
1472009
1472010
1472018
1472269
1472349
1472680
1473249
1473629
1473646
1473655
1473657
1473659
1473660
1473664
1473667
1473679
1473685
1473686
1473724
1473755
1473793
1473836
1473849
1473865
1473875
1473999
1474073
1474180
1474215
1474285
1474298
1474304
1474347
1474401
1474452
1474578
147464
1474726
1474777
147581
147615
1476603
147702
147703
147704
147705
147706
1477119
1477121
1477532
1479427
1479453
1480298
1480357
1480375
1480400
1480410
1480445
1480487
1480534
1481130
1481434
1481761
1482870
1483203
1483204
1483207
1483208
1483210
1483211
1483212
1483213
1483816
1483837
1483863
1483931
1483935
1483943
1484356
1484358
1484360
1484361
1484362
1484363
1484364
1484366
1484376
1484381
1484385
1484431
1484486
1484680
1485010
1485667
1485759
1485834
1485879
1486034
1486047
1486439
1486650
1486731
1486853
1486912
1487602
1488679
1488741
1488784
1488856
1488869
1488880
1488921
1488927
1489012
1489789
148993
148996
149000
149007
149009
1490146
1490304
149074
149076
1491441
1491443
1492280
1492550
1494261
1494275
1494359
1495320
1495347
1495395
1495433
1496267
1496334
1496607
1498831
1498843
1498849
1498851
1499105
1499585
1500390
1501862
1501869
1501887
1502338
1502414
1503216
1503317
1503747
1503748
1503763
1503836
1503841
1504117
1504834
1504846
1504853
1504854
1504864
1504982
1504999
1505206
150597
1507127
1507163
1507176
1509260
1509297
1509378
1511448
1511676
1512276
1512279
1514137
1514875
151714
151733
1518534
1518635
1519357
1519742
1519752
1519755
1519771
1519773
1519775
1519776
1519861
1520323
1521549
1522345
1522444
1522452
1522705
1522711
1522713
1522715
1522717
1522718
1524159
1525256
1525397
1525399
1525512
1525519
1525714
1525829
1525847
1525866
1526496
1526501
1526508
1526596
1526720
1527696
1527882
1527928
1527954
1528026
1528083
1528106
1529059
1529069
1529319
1529423
1529424
1529429
1529435
152958
1529667
1529900
1530119
1530122
1531408
1531448
1531498
153280
153284
1532965
1532972
1532983
1533003
1533054
1533059
153374
153388
153394
153396
1534424
153446
1534972
1535334
1535336
1535340
1535348
1535351
1535352
1535353
1535355
1535356
1535357
1535358
1535361
1535362
1535363
1535364
1535365
1535366
1535370
1535372
1535373
1535374
1535376
1535377
1535378
1535380
1535381
1535384
1535385
1535386
1535387
1535388
1535389
1535391
1535392
1535393
1535394
1535395
1535396
1535397
1535398
1535399
1535400
1535401
1535402
1535403
1535405
1535406
1535407
1535410
1535411
1535414
1535423
1535425
1535426
153587
1536106
1536120
1536141
153617
1536183
1536263
1536355
153655
1537815
1538118
1539197
1539224
1539236
1539306
1540001
1540034
1540035
1540036
1540192
1540897
1541161
1541162
1542051
1542146
1542179
1542276
1542454
1542469
154329
1543422
1543440
1545448
1545450
1545452
1545455
1545458
1545706
1545970
1545973
1546019
154616
154618
1546212
1546244
1546287
1547361
1547369
1547409
1548270
154958
1549852
1550590
1550598
1550614
1550622
1551477
1551903
1551907
1551949
1551998
1552826
1552834
1552836
1552838
1552842
1553160
1553204
1553335
1553336
1553349
1553381
1553420
1553516
1553525
1553572
1553584
1553610
1553642
1553643
1553648
1553661
1553674
1553808
1553822
1553837
1554456
1554526
1554527
1554581
155465
1555316
1555392
1555421
1555474
1555576
155558
1555611
1555695
1555726
1555768
1555853
1555895
1555904
1555907
1555937
1556022
155675
1557585
1557627
1557652
1557719
1557855
1557900
1557933
1557990
1557996
1558054
1558094
1558104
1558145
1558237
1558416
1558422
1560385
1560404
156128
1561963
1562015
1562163
156230
1562391
1562475
1562708
1562912
1562928
1563187
1563188
1563190
1564257
1564259
156628
156629
1567491
156845
156852
1569279
1569467
1569505
1569541
1569772
1569950
156996
157001
157072
157146
1572527
1573495
157394
1574049
1577088
1577152
1577725
1577906
1577959
1579249
1579250
157967
157968
1579976
1580036
1580038
1580131
158017
1580726
1581403
1581557
1581710
1582096
1582409
1582918
1582947
1582983
1582986
1582990
1582993
1582996
1583023
1583025
1583039
1583041
1583043
1583046
1583047
1583061
1583065
158441
1585563
1586155
1586348
1586434
158647
1586470
1586489
1586494
158663
1586943
158698
1586988
1586997
1587006
1587069
158710
158712
1587144
158720
1587200
158722
1587227
1587229
158729
1587309
1587324
1587328
1587330
1587337
1587371
1587385
1587402
1587437
1587489
1588010
1588011
1588012
1588013
1588014
1588099
1588260
1588269
1588348
1588384
1588442
1588496
1588532
1588551
1588553
1588618
1588620
1588623
1588625
1588697
1588895
1588898
1588902
1588903
1588904
1589764
158986
158987
159162
1592982
1593015
1593366
1593369
1594243
1595861
159598
1595980
1596186
1596197
1596311
1596339
1596396
159640
159641
159642
159643
1596444
1596467
1596734
1596831
1596936
1597137
1597454
1597517
1597533
1597630
1597667
1597668
1597670
1597681
1601808
1601810
1601811
1601816
1601817
1601818
1601821
1601824
1601827
1601831
1601832
1602131
1602337
1603210
1604062
1604063
1604112
1604253
1604324
1604442
160619
160621
1606505
1606511
160675
1607752
1607937
1608248
1608261
1608382
1608384
1608540
1609039
1609062
1609944
1610086
1610110
1610600
1610625
1610627
161080
161082
1612173
1614792
1615057
1615070
1615090
1615168
1615186
1615269
1615283
1615309
1615395
1616779
1616908
1617283
1617312
1617314
1617317
1617958
1618013
1619589
162094
162103
162104
162108
162109
162110
162111
162113
162118
162120
162123
162125
162128
1622118
1622213
1622219
1622667
162275
1622763
1622827
1622883
1623232
1628357
1628430
1628863
1629122
1629185
1629202
1629211
1629291
1629292
1629532
162998
1630622
1630631
1631189
1631362
1631756
1631843
1631993
1632203
1632837
163310
1633141
163333
163335
163341
1633846
163472
163483
163503
1635156
1637455
1638326
1638373
1638598
1638754
1638756
1638924
1639175
1639294
1639830
1639835
1640241
164055
1640647
1642459
1642464
1642465
1642819
1642946
1642947
1642948
164328
1643973
1643978
1643982
1644009
164412
164536
164537
164539
164545
1645903
1645906
1646075
1646298
1647170
1648404
164856
1649092
1649328
1650758
1651985
1652005
1652015
1652143
1653081
1653778
1654320
1654809
1654810
165482
1654952
1654974
1655880
1655881
1655959
1656515
1656519
1656533
1656575
1657077
1657125
1658310
1658325
1658341
1658366
1658377
1659235
1659335
1659365
1659366
1659367
1659390
1659398
1659408
1659898
1659940
1659941
1659962
1659968
1659974
1659979
1659993
1659998
166024
166027
1660679
1660701
1661939
1661941
1661942
1661971
1662106
1662246
1662307
166266
1663100
1663125
1663273
166341
166344
166345
1663686
1663699
1664057
1664059
1664388
1664502
1664747
1664927
1664958
1664992
166510
166515
166516
1666455
1666508
1666534
1666564
1666570
1666728
1666732
1666737
1666760
1666779
1667272
1667278
1667356
1667552
166937
166938
1671741
1671780
1671782
1672260
167367
1674418
1674419
1674559
1674626
1674740
1674762
1674784
1674792
1675045
1675079
1675322
1675507
1675619
1675656
1675683
1676579
1676581
1676583
1676584
1676585
1676593
1676989
1677008
1677223
1677228
1677387
1677478
1677480
1677521
1677553
1677565
1677568
1677576
1677622
1677663
1677827
167976
167977
1680025
1680238
1680295
1680318
1680550
1680565
1680846
1680849
1680865
1681346
1683810
1683866
1683867
1683870
1684118
1684130
1684782
1684783
1685122
1685155
1685181
1685326
1685383
1686019
1686263
1686265
1686268
1686271
1686275
1686278
1686617
1686634
1686644
1686670
1686704
1686726
1686741
1686745
168710
1687127
1687172
168719
168724
1687262
1687379
168738
168739
1687485
1687494
1687516
168759
168765
168769
168771
168775
1687759
168779
1687828
168789
1687913
168794
1687957
1688009
1688251
1688443
1688446
1688451
1688452
1688454
1688461
1688463
1689253
1689310
168935
1689726
1689798
1689952
1690041
1690101
1690329
1690340
1690345
1690394
169064
1690956
1690978
1691096
1691182
1692154
1692339
1692344
1692362
1692385
1692389
1692404
1692406
1692407
1692409
1692428
1692436
1692445
1692451
1692485
1692611
1692614
1692615
1692623
1692631
1692638
1692642
1692654
1692658
1693577
1693828
1693834
1693894
1693990
1694032
1694111
1694122
1694159
1694160
1694165
1694167
1694171
1694188
1694204
1694223
1694250
1694251
1694286
1694287
1694298
1694347
1694416
1694421
1694468
1694484
1694575
1694585
1694639
1694819
169489
1694913
1695089
1695090
1695095
1695208
1695209
1695211
1695946
1696049
1696062
1696096
1697117
169769
169770
169771
169774
169778
169782
1697873
1698482
1698634
1698651
1698793
1698814
1698839
1698842
1698861
1698890
1698893
1698916
1698922
1698931
1698965
1698983
1699000
1699273
1699275
1699299
1699301
1699314
1699393
1699394
1699629
1699690
1699765
1701710
170179
1702223
1702224
1702228
1702233
1702234
1702235
1702609
1704119
1704120
1704121
1704122
1704123
1704124
1704125
1704126
1704127
1704128
1704130
1704450
1706494
1707128
1707647
1707687
1707700
1707712
1707830
1708453
1708535
1708583
1708586
170903
1709054
1709589
1709626
1709689
1709991
1710054
1710095
1710159
1710183
1710200
1710204
1710241
1710365
1710383
1710403
1710407
1710414
1710481
1710521
1710548
1710564
1710565
1710569
1710598
1710638
1710650
1710652
1710658
1710760
1710786
1710794
1711942
1711945
1711960
1711966
1711971
1711972
1711975
1711977
1712261
1712763
1712771
1713929
1713946
1714404
1714571
1714607
1714608
1714609
1714610
1714611
1715249
171548
171606
1718321
1718340
1718343
1718345
1718398
1719027
1719173
1719396
1719425
1720645
1720673
1720684
1720690
1720691
1720732
1720741
1720744
1720755
1720767
1720791
1720807
1721112
1721950
1722102
172234
1722454
1722607
1722998
1724414
1724790
1724799
1724854
1724863
1725401
1725488
1725502
1725510
1725518
1725523
1725534
1725547
1725553
1725557
1725636
1725639
172567
1725678
1725861
1726184
1726819
1726822
1726983
1727049
1727050
1727108
1727111
1727112
1727116
1727258
1727714
1728492
1728568
1728634
1728669
1728683
1728731
1728795
1729206
1729481
1729541
1729547
172966
1729665
172968
172969
172989
1729944
1729945
1730086
1732091
1732104
1732512
1732519
1733999
1734002
173452
173457
173468
173497
1734996
1735275
173545
173654
1736674
1736704
1737323
1737895
1738594
1739645
1739649
1740206
1740334
1740753
1740754
1740769
1740917
1740922
1740929
1740942
1740945
1740976
1741035
1741445
1741683
1741711
1741748
1741752
1741763
1741771
1741783
1741821
1741877
1741976
1741992
1741999
1742024
1742053
1742086
1742247
1742416
1742463
1742473
1742474
1742479
1742519
1742533
1742536
1742549
1742551
174260
1743098
1743104
1743105
1743441
1743447
1743455
1743479
1743502
1743562
1743633
1743651
1743663
1743664
1743745
1743763
1743809
1743821
1743833
1743842
174385
1743854
1743858
1743951
1743977
1744075
1744177
1744223
1744224
1744226
1744244
1744258
1744260
1744474
1744498
1744892
1745276
1745278
1745279
1745283
1745294
174576
1745953
1746148
1747369
1747380
1747482
1747693
1747743
1747749
1747752
1747825
1748204
174826
174907
1749338
1749748
1749755
1749758
1749811
1750004
1750018
1750019
1750037
1750223
1750269
1750334
1750711
1750723
1751056
1752040
175341
1753970
1754251
1754259
1754279
1754284
1754428
1754446
1754498
1754542
1754622
1754637
1754639
1754651
1754665
1754764
1754804
1754819
1754905
1754953
1754964
1755686
175592
1756133
175648
1756744
1756759
1756843
1756844
1758292
1758310
1758311
1758348
175861
175863
175864
1758910
1760144
1761922
1762844
1763534
1763602
176364
1763776
1763781
1763790
1763793
1763798
1763805
1763807
1763811
1763817
1763819
1763969
1764286
1764367
1765702
1765705
1767030
1767033
1767276
176760
176762
176763
176767
176768
176771
176825
176886
1769274
1769401
1771393
1771412
1771735
1771820
1772091
1772171
177224
177274
1773569
1773891
177394
1774218
1774273
1774287
1774296
1774298
1774299
1775059
1775173
1775493
1775516
1775700
1776302
1776375
1776482
177708
1777471
1777590
1777624
1777630
177772
1778199
1778202
1778831
1778847
1779007
1779091
1779132
1779133
1779140
1780250
1780385
1780396
1780467
1780468
1783245
1783325
1783334
1783336
1783339
178375
1783877
1784035
178539
178541
178552
178554
1785729
1785970
178770
178779
1789672
1789750
1789826
1789827
1790122
1790125
1790137
1790196
1790220
1790270
1790284
1791805
1792220
1792277
1792278
1792280
1792566
1793163
179441
1795572
1796499
1796564
1796581
1796590
1796596
1798859
180227
180228
1802957
1803846
1804005
1804019
1804024
1804033
1804120
1804121
1804726
1805600
1805947
1806182
1806633
1806715
1806994
1807361
1807691
1807760
1807772
180788
180901
1809541
1809547
1809581
1809585
1809600
1809611
1809752
1809822
1810164
1810167
1810174
1810939
1812115
181222
1812852
1812931
1812976
1813168
1813796
1815037
1815214
1815235
1815236
181527
1815298
1815303
1815307
181531
1816462
1816860
1816884
1816924
1816945
1816953
1816961
1816963
1817125
1817181
1817205
1817324
1817330
1817591
1817594
1817629
1817648
1817664
181804
1818077
1818375
181844
1818453
1818517
1818558
1819311
1819324
1819327
1819328
1819486
1819745
1819772
1820162
1820972
1821187
1821767
1821771
1821822
1821940
1822589
1824647
1824648
1824654
1824658
1824836
1824838
1824972
1825121
1825471
1825474
1825475
1825505
1825506
1825507
1825508
1825698
1825722
1826432
1826549
1826827
1826829
182683
1826847
1827014
182766
182783
182798
1828799
1828805
1828842
1828853
1828911
1829430
1829435
1829458
1830386
183362
183363
183366
183381
183382
1833877
1834020
1836143
1836603
1836943
1838060
1838149
1838169
1838179
1838180
1838181
1838187
1838190
1838194
1838228
1838230
1839757
1840506
1840512
1841616
1841648
1843190
1843194
1843197
1843198
1843204
1843498
184482
1844930
1844987
1845006
184747
184757
184760
184761
1848273
1848298
1848301
1848506
1848540
1849201
1849970
185004
1850252
1850431
1850501
1851495
185217
1852696
1853005
1855336
1855817
1855969
1856470
1856765
1856766
1857753
1857766
185802
185804
1858046
185805
1858564
1858662
1858799
1858808
1859155
185958
1859608
185982
186039
186040
186043
1860949
186148
186163
186175
1861774
186178
1861797
1861800
1861802
1861809
1861846
1861847
1861850
1861851
1861852
1861853
1861854
1861855
1861856
1861859
1862603
1862604
1862976
1862977
1864008
1864485
1864532
1864534
186514
1866962
1867777
1867949
1868015
1868228
1868321
1869246
1869248
1869249
1869259
1869397
1869460
1869811
1869883
1869944
1870005
1870126
1870158
1870160
1870165
1870166
1870322
1870367
1870396
1870620
1870675
1870682
1870725
1870726
1870756
1870962
1871037
1871765
1871769
1871791
1871792
1871793
1871794
1871795
1871797
1871798
187181
1871871
1871872
1871873
1871955
187198
1871995
1872001
187201
1872016
1872036
1872075
1873872
187399
1874007
187405
187406
1874248
1874313
1874367
1874423
1874495
1874705
1874827
1875002
1875088
1875363
1875477
1875629
1875665
1875667
1875862
187597
187600
1876108
1876900
1876902
187706
1877750
1877807
1877889
187798
187812
187813
187818
187820
1878213
1878484
1878655
1878656
1878722
1878734
1878746
1878774
1879295
187986
1880901
1880918
1881687
1881717
1881724
1881743
1881746
1881751
1881752
1881754
1881757
1881758
1881761
1881762
1881763
1881773
1881774
1881777
1881779
1881780
1881783
1881792
1881796
1881806
1881925
1881937
1882091
1882105
1882106
1882107
1882128
1882136
1882139
1882164
1882202
1882207
1882210
1882844
1882852
1882853
1882855
188290
188323
1883388
1884248
1884865
1884883
1885590
1885614
1885756
1885801
1885803
1886623
1886624
1886625
1886626
1886627
1886631
1886632
1886633
1886634
1886649
1886677
1886679
1886920
1886937
1886941
1886963
1886964
1886968
1886977
1886979
1886991
1886999
1887011
1887015
1887016
1887034
1887035
1887089
1887095
1887106
1887110
1887114
1887116
1887125
1887181
1887185
1887186
1887187
1887192
1887195
1887199
1887204
188721
1887212
1887223
1887232
1887233
1887261
1887263
1887291
1887293
1887296
1887300
1887550
1887585
1887590
1887677
1887688
1887693
1887704
1887706
1887719
1887744
1887782
1887820
1887849
1887896
1887912
1887940
1887959
1887973
1887978
1887990
1888004
1888032
1888042
1888045
1888048
1888049
1888067
1888071
1888081
1888087
1888088
1888100
1888101
1888110
1888113
1888122
1888124
1888125
1888128
1888132
1888142
1888156
1888207
1888470
1888519
1888527
1888531
1888580
1888669
1888707
1888915
1889016
1889064
1889305
1889326
1889391
1889518
1889612
1889626
1889685
1889973
1889984
1889987
1889988
1889989
1890014
1890034
1890074
1890200
1890411
1890483
1890515
1890523
1890555
1890603
1890609
1890825
1890840
1890844
1890848
1890900
1890998
1891014
1891054
1891090
1891144
1891229
1891256
1891797
1891810
1891812
1891815
1891821
1891853
1891861
1891880
1891890
1892515
1892765
1892891
1892930
1893106
1893324
1893327
1893350
1893352
1893354
1893360
1893361
1893363
1893529
1893599
1893600
1893625
1893639
1893662
1893667
1893673
1893676
1893682
1893690
1893693
1893974
1894000
1894021
1894027
1894038
1894221
1894316
1894406
1894415
1894418
1894555
1894577
1894596
1894652
1894653
1894654
1894655
1894656
1894669
1894677
1894720
1894723
1894729
1894730
1894731
1894792
1894794
1895162
1895315
1895320
1895347
1895384
1895387
1895390
189623
189631
189646
189650
1896717
1896887
1897227
1897261
189735
189737
1897510
1897571
1897582
1897691
1897709
1897867
1897910
1897922
189839
1898581
1898582
1898585
1898694
1898700
1899210
1899241
1899534
1899655
1899656
1899692
1899753
1899760
1899820
1899925
1900092
1900093
1900094
190013
1900194
1900211
1900214
1900376
1900382
1900499
1900500
1900547
1900691
1900692
1901208
1901212
1901256
1901308
1901310
1901408
1901427
1901466
1901467
1901588
1901593
1901595
1901801
1901802
1901803
190219
1902205
1902207
1902214
1902220
1902222
1902398
1902784
1902795
1902845
1902930
1902982
190327
1903275
190360
1903600
1903601
1903602
1903709
1903800
1903816
1904351
190468
1904778
1904810
1905130
1905137
190575
1906387
1906453
1906970
1907001
1907005
1907012
1907015
190704
190705
190706
1907068
190707
1907077
1907082
1907101
1907111
1907426
1907427
1908316
1908712
1908714
1908801
190918
191036
191064
191067
1911075
1911418
1911540
1911807
1911944
1911946
1911947
1912040
1912056
1912261
1912461
1912790
191313
1913378
1913405
1913407
1913419
1913421
1913479
1913489
1913497
1913543
1913598
1913961
191432
1914869
1914961
1915245
1915362
1916211
1916212
1917010
1917021
1917029
1917030
1917034
1917036
1917099
1917173
1917244
1917255
1917279
1917360
191775
1917761
191788
191791
191793
191797
1918025
1918039
1918047
191805
1918051
1918065
1918067
191807
1918070
1918078
1918080
1918090
1918110
1918125
1918164
1918243
1918294
1918684
1920047
1920067
192020
1920612
1920618
1920631
1921170
192188
1922250
1922251
1922289
1922290
192378
1923904
192430
1925428
1925548
1925689
1925709
1925760
1926136
1926161
1926166
1926171
1926177
1926181
1926187
1926198
1926199
1926230
1926233
1926242
1926365
1926825
1926931
1926936
1927164
1927207
1927212
1927224
1927231
1927238
1927247
1927264
1927285
192730
1927339
1927398
1927828
1927961
192812
1928706
1928728
1928738
1928861
1929355
1929470
1929678
1929679
192975
1929893
1930182
1930294
1930904
1930915
1931125
1931135
193167
193174
193184
1931964
1931978
1932384
1932403
193290
193291
1932964
1933384
1933878
1934465
1934636
1934652
1934723
1934725
1934749
1934901
1935391
1935446
1935873
1935879
1935883
1935889
1935892
1935916
1935917
1935936
1937395
1937982
1938043
1938519
1940102
1940180
1940545
1940749
1941344
194193
1942464
194329
1943735
1943736
1943765
1943767
1943824
1943839
1943882
1943933
1944119
194517
1945762
1945763
194697
1949127
1949182
1949360
1949616
1949797
1949988
1950024
1950025
1950028
1950029
1950030
1950182
1955332
1955333
1955416
195546
1955561
1955563
1955566
1955568
1955676
195626
1956283
1956321
1956333
1956338
1956407
1956435
1956444
1956460
1956466
1956514
1956520
1956563
1956608
1956625
1956674
1956710
1956730
1956731
1956768
1956786
1956788
1956808
1956819
1956889
1956961
1956982
1957025
1957061
1957063
195857
195873
1958924
1958926
1958929
1959309
195935
195969
1960807
1961790
1962580
1962706
1962710
1962718
1963045
1964287
1964976
1965393
196575
196595
196632
1966438
1967072
1967381
1967720
1967723
1967724
1967729
1967743
1967842
1967849
1968193
1968605
1968705
1968926
196913
1969383
1969545
1969548
1969928
1969938
1969951
1970214
1970217
1970646
197113
197117
1971288
1971301
1971315
197152
1971756
1971790
1971852
1971869
197206
1972065
1972066
1972067
1972480
1973054
197330
1973308
1973512
1973629
1973632
1973717
1974137
1974147
1974391
1975174
1975451
1976413
1976667
1976668
1976732
1976733
1976736
1976737
1976742
1976744
1976767
1976773
1976780
1976843
1976865
1976876
1976878
1977308
197754
1977546
197759
1977864
1977865
1978037
1978094
1978358
1978359
197837
1979135
1979181
1980650
1980723
1980732
1980863
1980874
1980903
1980912
198116
1981407
1981408
1981409
1981416
1981460
1981463
1981473
1981476
1981480
1981487
1981491
1981577
1981753
1982022
1982404
198241
1982637
1982705
1982775
1982778
1982783
1982784
1982785
1982804
1982835
1982984
1982988
1982989
1982992
1982995
1982999
1983023
1983024
1983027
1983029
1983033
1983071
1983084
1983102
1983138
1983254
1983731
1983786
1983796
1983832
1983856
1984363
1985167
1985168
1985624
1985937
198618
1986210
1986218
1986219
1987023
1987605
1987618
1987635
1987658
1987668
1988063
1988066
1988357
1988428
1988522
1988805
1988808
1989025
1989031
1989683
1989766
199018
1990429
199074
1990963
1991020
1991140
1991401
1991555
1991574
1991659
1991903
1991937
1992404
1992405
1992759
199325
1993293
1993294
1993905
1993915
1994359
1994702
1994822
1994845
199486
1995012
1995636
1995686
1995743
1995931
1996410
1996411
1996412
1996413
1996478
1996655
1997131
1997205
1997364
1997600
1997625
1997816
1997822
1997932
1998323
1998402
1998493
1998566
199890
1998931
1998932
1998933
1998945
1999516
1999517
1999522
199953
1999679
1999711
1999746
2000244
2000350
2000395
2000432
2000462
2000479
2000696
2000878
2000921
2001630
2001631
2001632
2001756
2001883
200191
2001989
2001991
2002580
2002581
2003107
2003109
2003110
2003111
2003113
2003114
2003115
2003118
2003136
2003657
200418
2004662
2005325
2005327
2005329
2005451
2005452
2005453
2005524
2005528
2005529
2005530
2005544
2005753
2005770
2005780
2005782
2005788
2005876
2006943
2006944
2006978
2006982
2007162
2007163
2007176
2007208
200855
2008694
2008714
2010386
201069
201070
2010942
2010982
201230
2013234
2013245
2013246
2013350
2013494
201378
2014651
2015490
2015893
2016324
2016378
201645
2016866
201691
2016918
2017131
2017132
2017144
201731
2017597
2017598
2017643
201765
2017986
2017988
2018511
2018512
2019425
2019925
2020179
2020254
2020258
2020259
2020319
2020445
2020446
2020449
2020451
2020452
2020453
2020454
2020455
2020456
2020457
2020458
2020459
2020460
2020461
2020462
2020463
2021242
2021253
202137
2021452
2021641
202203
2022663
2023062
2023239
2023270
2023714
2024526
2025025
2025033
2025116
2025184
2025205
2025221
2025261
2025282
2025299
2025469
2025849
2025860
2025861
2025897
2025898
2025899
2025988
2025989
2025990
2025991
2025993
2026785
202687
2026929
2026947
2027546
2027988
2028485
2028661
2029278
2029281
2029282
2030401
2030506
2030514
2030522
2030527
2030579
2031000
2031091
2031100
2032702
2032964
2032965
2032973
2032981
2033078
2033079
2033090
2033091
2033101
2033109
2033149
2033164
2033201
2033224
2033225
2033248
2033324
2033326
2033329
2033330
2034013
2034047
2034291
2034445
2035276
2035278
2035279
2035285
2035595
2035596
2035971
2035974
2037894
2037895
2037898
2037903
2037908
2037912
2037920
2037929
2037931
2037932
2037933
2037935
2037944
2038285
2038615
2039391
2039409
2039474
2039475
2039476
2039477
2039481
2039622
2039647
2039676
2040047
2040077
2040108
2040118
2040119
2040120
2040214
2040215
2040394
2040403
2040410
2040411
2040413
2040414
2041055
2041088
2041153
2041217
2041380
2041922
2041923
2041924
2041930
2042915
2043170
204328
2043542
2043589
2044558
2044559
2044565
2044622
2044929
2044930
2044931
2044944
204500
204501
2045263
2045369
2046924
204738
2047402
2047695
2047717
2047821
2047822
2047823
2048088
2048598
2049123
2049133
2049141
2049164
2049238
2049322
2049324
2049335
2049386
2049445
2049535
2050694
2050698
2050714
205101
2051809
2051937
2052301
2052355
2052414
2052418
2052422
2052427
2052448
2052468
2052470
2052472
2052616
2052633
2052635
2052648
2052682
2052683
205307
2053084
2053088
205309
2053091
2053092
2053103
2053104
2053105
2053106
2053107
2053108
2053110
2053120
2053121
2053123
2054052
2054054
2054923
2055726
2056924
2056925
2056978
2057967
2058135
2058137
2058190
2058195
2058203
2058485
2058791
2058913
2059235
2060626
2060693
2060751
2061001
206113
2061634
2061637
2063647
2063655
2064561
2064786
2064797
2064827
2064897
2065307
2065310
2065602
2065646
2065724
2066057
2066604
2066645
2066655
2066660
2066684
2066694
206744
206770
2067740
2067865
2067897
2067902
206794
2067969
2068128
2068216
2068217
2068640
2068801
206890
2068916
2068951
2069066
2069105
2069108
2069152
2069157
2069295
2069600
2069908
2070516
2070523
2070859
2070861
2070862
2070863
207118
207146
2071638
2071700
2072009
2072561
2072562
2072865
2072966
207463
2077184
2077214
2078594
2078649
2078667
2078957
2079219
2079221
2079343
207955
2080228
2080229
2080231
2080266
2081791
2082475
2082477
2082478
2082479
2082482
2082488
2082489
2082490
2082949
2083042
2083044
2083070
2083162
2083164
2083170
2083173
2083232
2083271
2083273
2083274
2083331
2083507
2083517
2083529
2083555
2083610
2083708
2084129
2085056
208524
208525
208526
2085682
2085728
2085791
2086471
2086754
2086763
2086764
2086782
2086881
2086890
2086891
2087351
209166
209243
209404
209516
209521
2097493
209926
210010
2100207
210167
210195
2104121
210419
210441
2105528
2105595
210626
2107226
2107302
2108376
210852
210875
2108987
2108991
2108992
2108996
2109000
2109009
2109010
2109012
2109015
2109017
2109020
2109022
2109026
2109027
2109029
2109037
2109041
2109043
2109052
2109053
2109056
2109060
2109063
2109069
2109073
2109078
2109080
2109094
2109103
2109104
2109105
2109106
2109107
2109114
2109116
2109117
2109124
2109153
2109155
2109172
2109195
2109196
2109199
2109207
2109210
2109217
2109218
2109238
2109240
2109247
2109273
2109492
2109493
2109633
2109639
2109713
2112508
2112769
2112917
2113080
2113131
2113273
2113279
2113281
2113689
2113852
2113928
2113931
2114632
2114641
2114643
2114651
2114782
2114840
2114936
2115075
2115077
2115132
2115156
2115157
2115169
2115249
2115715
2115745
2115746
2116078
2116080
2116083
211681
211736
211771
211837
2121122
2121679
2121835
2122282
2122285
2122312
212246
212334
2125992
2125994
2125995
2125998
2126152
2126154
2126157
2126261
2126262
2126263
2126271
2126543
2127004
2128619
2129660
2129749
2129979
2130963
2133757
2134330
213435
2134358
2134362
2134366
2134368
2134369
2134370
2134382
2134398
2134406
2134415
2134420
2134426
2134436
2134443
2134614
2134625
2134626
2134699
2134700
2134702
2134703
2134704
2134896
2134979
2135076
2135798
2135899
2135900
213639
2136827
213694
2137075
2137077
2137078
2137079
2137080
2137081
2137082
2137083
2137084
2137086
2137102
2137103
2137127
2137132
2137133
2137134
2137137
2137327
2137486
2137664
2137665
2137666
2137668
2138175
2138292
2138295
214081
214123
214143
214243
214244
214277
2144354
2146429
2147468
2147548
214887
214914
214961
214965
214969
214972
214976
2151187
2153641
215426
215428
2155279
2156228
2156473
2157456
2158680
2158914
2158919
2159202
2159208
2159215
2159254
216057
2161666
216182
2163041
2164000
2164056
2164058
216741
216763
216802
216823
2168504
2168510
2168514
2168522
2168526
2168528
2168531
2168550
2168553
2168555
2168558
2168562
2168579
2168580
2168597
2168619
2168621
2168622
2168648
2168654
2168665
216927
2169487
217026
2170269
2170270
2171454
2171460
2171466
2171472
2171480
2171483
2171767
2171932
2171934
217247
2172543
2172551
2172557
2172560
2172572
217258
2172626
2172627
2172659
2172679
2172704
2172708
2172709
2172718
2172728
2172748
2172764
2172767
2172770
2172775
2172776
2172779
2172796
2172802
2172803
2172804
2172886
2173247
2173258
2173286
2173356
2173398
2173567
2173599
2173710
2173711
2173757
217427
217481
217482
2174836
217487
2175002
2175031
2175164
2175193
2175252
2175269
2175341
2175360
2175537
2175538
2175550
2176021
2176022
2176023
2176024
2176025
2176026
2176027
2176029
2176036
2179635
2179636
2180558
2180559
2180561
2180562
2180563
2182038
2182429
2184139
2184140
2184362
2185081
2185085
2185261
2185264
218663
219424
219465
219653
2198344
2198605
2198908
2199090
2199786
2199790
2201007
2201168
2201762
2201792
2201881
2201885
2201890
2202168
2202239
2202241
2202244
2202245
2202252
2202518
2202698
2202701
2202949
2202989
2203017
2203018
2203041
2203057
2203220
2203275
2203277
2203279
2203294
2203597
2203755
2203809
2203893
220395
220402
2204229
2204260
2204261
2204297
2204503
2204563
2204576
2204579
2204582
2204583
2204790
220647
220649
2206535
2207955
2211494
2211572
2211573
2211574
2211577
2211617
2211620
2211628
2211629
2211634
2211880
2211989
2212106
2212305
2212507
2212514
2212519
2212530
2212898
2212929
2212938
2213139
2213436
2213489
2213506
2213927
2214954
2214978
2215009
2215115
221518
2215291
2216056
2216119
2216504
2216565
221721
221722
221724
221743
2217858
2217901
2218025
2218406
2218412
2218435
2218642
2218788
2218819
2218979
2219007
221905
221933
2219560
2219833
2219843
222013
2227768
2228113
222890
2229452
2230261
2232957
2232967
2232971
2233007
2233094
2233361
2233377
2233503
223364
223366
2233781
2234142
223528
223709
223746
223818
2239559
223967
2241560
2241593
2243286
2243424
2243769
2243776
224536
224616
2248109
2248424
2248426
2248427
2248468
2248479
2248541
2248542
2248569
2248570
2248571
2248572
2248573
2248574
2248575
2248576
2248577
2248578
2248581
2248582
2248583
2248592
2248593
2248594
2248599
2248602
2248644
2248645
2248647
2248648
2248649
2248650
2248651
2248652
2248653
2248654
2248655
2248656
2248657
2248658
2248659
2248660
2248661
2248737
2249061
2249062
2249492
2249919
2249967
2250005
2250021
2250025
2250443
225107
225474
2256617
2259014
2259126
2259175
2259358
2259365
2259400
2259401
2259701
2259702
2259718
2259819
2259842
2260805
2260821
2262270
2263312
2263510
2263541
2263603
2263608
2263665
2263765
226560
2268451
226851
2268605
2268625
2268635
2268639
2268641
2268652
2268654
2268666
2268672
2268683
2268689
2268691
2268711
2268932
2269594
2269865
2269909
2269914
227480
2275494
2276199
228011
2280604
2280903
228092
2281270
2281524
228259
228265
2282854
2282857
2283403
2283404
2283408
228347
2283562
2283839
2283887
2285064
2285065
2285364
228744
228749
2288970
2288971
228916
2289258
2289499
2290481
2290489
2291285
2291361
2291373
2291440
2291602
2291610
2291854
2291878
2292440
2292808
2292810
2292816
2294632
229672
2297249
2297255
2297280
2297317
2297319
2297322
2297340
2297347
2297372
2297377
2297399
2297409
2297416
229743
2297452
229769
2300341
2300428
2301380
2301597
2301598
2302361
2302362
230238
230250
230263
230273
230362
230375
2304003
2304005
2304006
2304007
2304008
2304009
2304010
2304012
2304014
2304015
2304017
230427
230428
230429
230439
230441
230442
230444
230445
230449
2304659
2304783
2304799
2304823
2304904
2304910
2305083
2305476
2305713
2305843
2305844
2305950
2306401
2306429
230730
2307663
2307765
2307773
2307786
230839
2308869
2308967
2309077
2309088
2312409
2313499
2315355
2315357
2315358
2315951
2316190
231620
2316228
231624
2316243
2316453
2316455
2316462
2317303
2318455
2318522
2318890
2318913
2318918
2318950
2319019
231958
2319687
2319689
2319690
2320523
2320997
2321443
2321453
2321457
2321477
2321478
2321482
2321590
2321640
2321697
2322346
2322349
2322350
2322351
2322352
2322353
2322354
2322355
2322358
2322427
2322511
2322516
2322564
2322567
2322568
2322576
2322682
2322708
2322709
2322710
2322711
2322721
2323011
2323012
2323014
2323052
2323284
2323672
2323741
2324113
2324227
2324670
2324671
2324672
2324674
2324676
2324677
2324679
2324681
2324683
2324684
2324691
2324694
2324695
2324696
2324699
2324700
2324701
2324703
2324704
2324705
2324707
2324709
2324710
2324713
2324715
2324718
2324720
2324721
2324722
2324751
2324779
2324827
2324844
2324848
2324880
2324881
2324882
2324884
2324897
2325141
2325144
2325328
2325334
2325338
2325577
2325609
2325677
2325687
2325688
2325690
2325696
232579
2325824
2325843
2325844
2326389
2326713
2326722
2327301
232741
2327444
2327446
2327519
2327529
2327853
2328098
2328297
2328298
2328299
2328332
2328333
2328342
2328344
2328790
2329273
2329390
2329391
2329392
2329393
232941
2329775
2329829
2329832
2329850
2329868
2329873
2329880
2329881
2329887
2329909
2329910
2329912
2329947
2329999
2330198
2330338
2330340
2330375
2330382
2330384
2330397
2330402
2330413
2330429
2330591
2330619
2330818
2330820
2330843
2330927
2331149
2331265
2331471
2331493
2331510
2331514
2331522
2331523
2331524
2331538
2331544
2331548
2331553
2331562
2331566
2331571
2331720
2331736
2331830
2331831
2331832
233184
233186
2331865
2331890
2331916
2331917
2332348
2332349
2332361
2332385
2332386
2332387
2332682
233271
2332716
2332757
2332763
2332764
2332765
2332809
2332881
2332890
233296
2333088
2333114
2333210
2333219
2333255
2333261
2333563
2333565
2333566
2333602
2333849
2333887
2333922
2333925
2333970
2333971
2333993
2334001
2334009
2334013
2334093
2334095
2334096
2334122
2334230
2334242
2334267
2334268
2334271
2334344
2334346
233458
2334691
2334692
2334695
2334696
2334698
2334704
2334757
233479
233488
233490
233495
2334960
2334962
2334966
2334968
2334969
2334989
2335247
2335311
2335430
2335431
2335570
2335571
2335660
2335664
2335787
2335808
2335809
2335810
2335820
2335821
2335973
2336190
2336191
2336193
2336194
2336258
2336263
2336320
2336522
2336524
2336526
2336534
2336601
2336778
2336805
2336819
2336828
2337094
2337146
2337147
2337332
2337626
233764
233783
2338370
233863
2339117
2339118
2339119
2339146
2339150
233953
233954
233959
2339844
2339875
2339889
2339968
2339971
2339972
2339973
2340011
2340016
2340032
2340042
2340054
2340078
2340082
2340124
2340409
2340842
2340931
2341111
234737
234738
234756
2348539
234950
234951
235500
235537
2357650
2358252
2358665
2359138
236033
236040
2360503
2360684
2360774
2360816
2361030
2361034
2361906
2362191
2362192
2362194
2362238
2362300
2362309
2362372
2362586
2362587
2362589
2362590
2362749
236278
2362874
2363008
2363018
2363027
2363390
2363431
2364287
2364468
2364537
2364637
2364641
2366182
2366186
2366193
2366205
2366288
2366317
2367112
2367137
2367139
236714
2367148
2367229
236787
2368033
2370717
2373509
237383
2373901
237398
237413
237455
237457
2374659
2374669
2374765
2375077
2380247
2380280
2380301
2381153
2381262
2381263
2381390
2381426
2381427
2381431
2381432
2381693
2381697
2381702
2382032
2382329
2385227
2387189
238771
238784
2394313
2394979
2395097
2395596
2395644
2395824
2395837
2395847
239731
2398566
2402175
2402363
2402425
2403261
2403262
2403407
2403440
2403441
2403484
2403486
2403557
2403580
2403597
2403632
2403660
2403674
2403678
2403749
240656
240811
240813
240815
240816
240821
240869
2410001
241031
2410519
2411485
241173
2412789
241406
2414868
2414896
2415226
2415343
241551
2416040
2416544
241664
2416741
2416969
2416993
2418038
2418058
2418220
2420053
2421392
2421436
2421544
242228
2423705
2424656
242550
242744
242753
243387
243395
243411
2434200
2434212
2434225
2434227
243480
243734
2440503
2440504
2440930
2440933
2440935
2441144
2441147
244122
2441253
2441384
2441396
2441402
2441465
244167
244423
2445895
2447940
2448078
2448084
2448513
2448936
2448937
2448938
2449055
2449069
2449106
2449108
2449134
2449166
2449168
2449169
2449295
245077
2451558
2451564
2451565
2451566
2451568
2451570
2451576
2453059
2453060
2453151
2453487
2453489
2453577
2453583
2453650
2454336
2455124
2455267
2455281
2455478
2455497
2455505
2455564
2455662
2455749
2455874
2455876
2456537
2456539
2456548
2457935
2457936
245889
2459252
2459320
245939
2459535
2460299
2460348
246121
246123
2461356
2461490
2461501
2461689
2463464
2463469
2463470
2463471
2463656
2463658
2463663
2463667
246460
2464688
2464738
2464746
2464747
2464748
2464749
2464812
246892
2469913
246994
247006
247007
2472067
2472071
2472219
2472300
2472301
2472506
2472557
2472733
247283
2472837
2472838
2472839
2472842
2472849
2472853
2472854
2472861
247290
247332
2473362
2473363
247416
2474601
2475327
2475333
2475343
2475418
2475420
247612
247613
247647
2476970
2476972
2478234
2478237
2478932
2479611
2479785
2479834
2480019
2480062
2480849
2480945
2480954
2481122
2481429
2481454
2481455
2481585
2481589
2481886
248212
2482359
2482360
2482367
2482368
2482369
2482370
2482374
2482375
2482376
2483246
2483254
2483258
2483365
2483554
2483654
2484165
2484274
2484538
2484546
2484551
2484689
2484785
2485745
2486710
2487003
2487004
2487005
2487009
2487020
2487170
2487433
248753
2487537
2490005
2490940
2491349
249137
2491484
2491954
2492099
2492112
2492276
2492843
2493140
2493244
2493253
2493267
2493678
2493998
2494543
2494815
2494835
2494837
2494848
2494936
2494939
2494942
2494955
2494969
2494980
2495144
2495148
2495242
2495246
2495264
2495283
2495285
2495287
2495292
2495295
2495301
2495302
2495320
2495325
2495341
2495575
2495606
2495759
2496075
2496366
2496803
2497326
2497411
2498018
2498021
2498842
2499211
2499530
2499543
2499557
2499561
2499563
2499565
2499577
2499797
2499798
2499799
2499800
2500656
2501338
2501433
2501889
2502266
2502380
2502394
2502572
2503181
2503208
2503219
2503253
2503376
2503437
2503447
2503449
2503520
2503549
2503551
2503651
2503652
2503653
2503654
2503655
2503656
2503657
2503658
2503659
2503660
2503661
2503662
2503663
2503664
2503665
2503666
2503668
2503669
2503670
2504346
2505111
2505112
2505114
2505115
2505117
2505118
2505119
2505120
2505121
2505123
2505124
2505125
2505146
2505383
2505669
2505875
2506114
2506486
2506492
2507044
2507077
2507164
2507354
2507364
2508618
2508641
2508646
2508993
2509429
2509437
2509599
2510234
2510853
2510984
2511144
2511147
2511165
2511829
2512186
2512188
2512190
2512201
2512205
2512206
2512210
2512227
2512231
2512232
2512234
2512268
251228
2512433
2512474
2512572
2512573
2512583
2513001
2513009
2513261
2513347
2513434
2513562
2513570
2513576
2513603
2513770
2513790
2513950
2513968
2513978
2513982
2513995
2514593
2514781
2514783
2514784
2514798
2514799
2514802
2514803
2514807
2514808
2514809
2514810
2514811
2514813
2514814
2515038
2515957
2516208
2516559
2516998
2517916
2518165
2518177
2518762
2518822
2518833
2519479
2521360
2523442
252466
252549
252668
252669
252671
2527840
2527851
2528262
252829
2529175
2529208
2529512
252961
253176
2532292
2533070
253309
2534238
2534954
2536861
2537016
2537306
2538580
253979
253983
253985
254093
254095
2541746
2541748
2543111
254362
2545304
2546155
2546163
2546196
2546882
2546894
2547366
2547545
2547651
2547839
2547871
2548486
254849
2548561
2548565
2548566
2548599
2548600
2548696
2548785
2548921
2548933
2548946
2549017
2549023
2549064
2549394
2549406
2549440
2549993
2549996
2550093
2550098
2550176
2550542
2550573
2550574
2550610
2550611
2550612
2550613
2550631
255163
255165
255166
2553468
2553652
2553675
2553684
2553714
2553755
2554565
2554649
2554784
2554785
2554787
2554788
2554789
255479
2554834
2554946
2555064
2555435
2555877
2556859
2556916
255724
2557316
2557323
2557363
2557404
2557493
2557494
2557495
2557496
2557500
2557502
2557507
2557508
2557509
2557510
2557511
2557516
2557518
2557519
2557520
2557521
2557541
2557708
2559105
256004
2560853
2560869
2560871
2560889
2560953
2561097
2561098
2561242
2561248
2561253
2561316
256139
2561458
2561462
2561477
2561538
2561670
2561776
2561917
2562892
2562967
2563701
2563747
2563896
2565274
2565275
2565276
2565277
2565417
2565438
2565733
2565734
2565942
2565945
2565946
2565958
2565960
2565996
2565998
2565999
2566001
2566003
2566005
2566006
2566009
2566010
2566276
2566306
2566476
2566645
2566702
2566808
2566824
2566881
2566909
2566925
2567131
2567161
2567209
2567366
2567731
2567906
2567908
2567986
2567987
2568328
2568330
2568535
2568686
2568688
2568750
2568841
256902
2569087
2569196
2569229
2569266
2569308
256936
2570988
2570995
2571001
2571146
2571216
2571492
2572170
2572326
2572395
2572786
2572793
2572795
2572796
257545
2575620
2575646
257566
257567
257569
2575701
257571
257577
257578
257582
257588
257627
2576333
2576783
2576785
2576787
2576788
2576790
2576827
2576911
2578494
2578499
2578512
2578513
2578562
2578577
2578586
257860
2578930
2578978
2579355
2579356
2579370
2579390
2579434
2579442
2579444
2579452
2579513
2579807
2580435
2580441
2580443
2580446
2580448
2580459
2580461
2580467
2580469
2580471
2581011
2581012
2581021
2581181
2581182
2581300
2581390
2581428
2581430
2581469
2581513
2581711
2581722
2581841
2581871
2581921
2582012
2582036
2582155
2582187
2582204
2582719
2583056
2583061
2583227
2583244
2583407
2583524
2583525
2583725
2583814
2583972
2584053
2584175
2584291
2584304
2584322
2584372
2584441
258463
2584915
2585170
258581
2586301
2586345
2586718
2587910
2587999
2588536
2588555
2589289
2589627
2589717
258989
259064
2590950
2590954
2591203
2591536
2591643
2591732
2591736
2592251
2592254
2592936
2592961
2592988
259332
2593425
2594005
2594727
2594745
2595585
2596350
2596351
2596353
2596354
2596355
2596357
2596359
2596360
2596509
2596515
2596517
2596520
2596521
2596687
2596838
2596842
2597066
259719
259720
2597364
2597375
2598073
2598120
259825
259842
2598529
2598534
2598567
2598577
2599095
2599317
2599346
2599347
2599369
2599508
2599921
2599948
2600282
2600286
2600290
2601572
2602014
2602417
2602739
2603282
2603343
2603640
2603644
2603971
2603982
2603997
2604432
2605035
2605628
2605747
2606404
2607067
2607083
2607085
2607257
2607274
2607317
2607330
2607331
2607333
2607374
2607385
2608095
2608096
2608613
2608709
2609052
2609534
2609681
2609776
2609988
2610095
2610225
2610352
2610847
2611168
2611262
2611268
2611624
2611627
2611640
2611680
2611756
2611798
2611944
2612000
2612312
2612334
2612352
2612490
2612491
2612542
2613055
2613120
2613146
2613300
2613564
2613669
2614037
2614739
2615131
261597
261677
261852
262281
262427
262428
262673
263384
264047
264050
264052
264059
264060
264065
264068
264074
264117
264121
264219
264248
264261
264288
2650322
2650812
2651253
2651502
2651523
2651548
2651588
2651977
2652061
2652062
2652063
265222
2652706
2653595
2653597
265360
2653604
2653605
2653606
2653607
2653608
2653609
2653610
2653611
2653616
2653729
2653872
265388
2653902
2654017
2654239
2654249
265543
265552
265559
265563
265564
2655716
265575
2655781
2655867
2655972
2656076
2656128
2656224
2656959
2656984
2656986
2656999
2657006
2657134
2657139
2657170
2657188
2657193
2657354
2657375
265745
2657517
2657533
2657549
2657621
2657935
2657938
2657956
2657978
2658015
2658017
2658019
2658021
2658025
2658026
2658027
2658030
2658031
2658039
2658178
2658197
2658204
2658288
2658374
2658375
2658413
2658482
2658665
2658715
2658751
2658775
2658781
2658796
2658860
2658886
2658904
2658907
2659035
2659064
2659102
2659170
2659292
2659321
2659366
2659472
2659474
2659526
2659537
2659541
2659586
2659655
2659694
2659697
2659726
2659767
2659812
2659873
265988
2659972
265998
266005
2660161
2660170
266018
2660255
2660291
2660293
2660335
2660408
2660410
2660433
2660446
2660501
2660646
2660647
2660788
2660797
2660911
2660945
2660963
2660970
2660971
2661005
2661040
2661048
2661049
2661090
2661171
2661222
2661383
2661427
2661474
2661499
2662032
2662111
2662112
2662603
2662829
2662875
2663284
2663345
266374
2664504
2664614
2665167
2665645
2665712
2665883
2666111
2666518
2666804
2666909
2666979
2667172
2667321
2667340
2667349
2667392
2667544
2667733
2668019
2668036
2668041
2668053
2669371
2669625
2669628
2669630
2669634
2669640
2669642
2670393
2671796
2672263
2672287
2672408
2672415
2672479
2672482
2672483
2673377
2673489
2673493
2675225
2675432
2675548
2675551
267565
267566
267567
2675696
2675857
2675868
2676093
2676423
2678023
2678218
2678236
2678268
2678294
2678372
2678379
2678380
2678589
2678957
2679167
2679173
2679176
2679217
2679227
2679452
2679494
2679556
267982
267983
2679883
2680108
2680285
2680306
2680565
2680618
2680626
2680635
2680639
2680645
2680727
2680808
2680922
2681048
2681279
2681392
2681919
2681939
2681946
2682137
2682968
2683030
268570
268576
2686361
2686362
2686363
2686365
2686440
268656
2689263
2689685
2689687
2689911
2689977
2690220
2690413
2691027
2691099
2691113
2691625
2691627
2691631
2691718
2691760
2691779
2691812
2691819
2691820
2691825
2691827
2691828
2691829
2691830
2691877
2692154
2692155
2692156
2692323
269309
269452
2694819
2694825
2694826
2695866
2696787
2696792
269710
2697223
2697639
2698222
2698778
2698780
2698781
2699504
269976
2703759
2703763
2703766
2703797
2704190
2704260
2704383
2704389
2704395
2704403
2704425
2704444
2705983
2706138
2706822
2706931
2707169
2707571
2707620
2707716
2707984
2708265
2708270
2708328
2708687
2709454
2709513
2709522
2709523
2709525
2709526
2709527
2709528
2709530
2709531
2709532
2709533
2710133
2710138
2710139
2710141
271027
271036
2710409
2710487
2711120
2711122
2711123
2711124
2712179
2712293
2712295
2713041
2713153
271454
2714551
2714552
2714553
2714582
2714588
2714665
2714666
2714818
2714820
2714830
2714942
2715032
2715035
2715045
2715160
2715839
2716304
2716563
2716568
2716570
2716572
2716576
2716579
2716586
2716587
2716593
2716595
271690
2717044
2718767
2718780
2718829
2718830
2718995
2719059
2719088
2719128
2719326
2719822
271985
271990
2719985
2720067
2720077
2720252
2721091
2721092
2721152
2721252
2721592
2722018
2722058
2722133
2722185
2722197
2722241
2722248
2722354
2722394
2722403
2723149
2723231
2723262
2723264
2723269
2723279
2723322
2723325
2723343
2723347
2723351
2723356
2723372
2723375
2723832
2723982
2724185
2724434
2724436
2724438
2724441
2724442
2724444
2724447
2724449
2724450
2724933
2724934
2724936
2724979
2725168
2725370
2725501
2725528
2725590
2725796
2725800
2725875
2726012
2726158
2726167
2726384
2726479
2726858
2727345
2727355
2727362
2727386
2727595
2727707
2727881
2728052
2728181
2728276
2728280
2728287
2728288
2728305
2728308
2728315
2728316
2728337
2728339
2728340
2728347
2728351
2728352
2728424
2728425
2728426
2728459
2728487
2728488
2728763
2728764
2729311
2729312
2729314
2729315
2729317
2729320
2729321
2729329
2729513
2729519
272952
2729525
2729528
2729529
2729535
272967
2729673
2729680
2729713
2729814
272999
2730218
2730270
273049
2731013
2731513
2731914
2731915
2731922
2733687
2733710
2733711
273407
2734185
273422
273431
2734784
2734811
2734921
2735177
2735180
2735320
2735341
2735482
2735832
2736074
273636
2736620
2736729
2737306
2737320
2737322
2737330
2737333
2737335
2737340
2737353
2737355
2737356
2737358
2737359
2737360
2737363
2737365
2737381
2737382
2737384
2737386
2737387
2737390
2737391
2737403
2737405
2737474
273748
273775
2737820
2737884
2737911
2737955
2738003
2738144
273843
2738844
2738848
2738849
2739062
2739589
2739648
2739668
2740067
2740093
27404
2740512
2740529
2740590
2740824
2741129
2741266
2741267
2741456
2741757
2741915
2742016
2742166
2742494
2742569
2742850
2742851
2744042
2744054
2744067
2744294
2744341
2745090
27454
2745526
2745560
2745563
2745617
27457
2746056
2746079
2746082
2746095
2746190
2746225
2746230
274624
2746328
2746429
2746461
2746472
2746488
2746538
2746540
2747050
2747051
2747054
2747062
2747091
2747099
2747110
2747119
2747152
2747153
2747154
2747167
2747176
2747201
2747291
2747397
2747401
2748607
2749128
2749152
2749159
2749160
2749161
2749162
2749164
2749165
2749167
2749168
2749169
2749170
2749171
2749172
2749175
2749176
2749178
2749179
2749181
2749251
2750063
2750305
2750687
2751169
2751436
2751440
2751530
2751787
2751836
2751896
2751899
2752518
2752756
2752953
2752956
2752972
2753039
2753165
2753167
2753573
2753925
2754053
2754165
2754167
2754243
2754299
2754319
2754342
2754876
2755218
2755457
2757712
2758231
2758462
2758466
2758987
2759136
2759778
2759786
2760071
27602
2760864
2761512
2761514
2762324
2762441
2762485
2762663
2762701
2762702
2762703
2762863
2763076
2763088
2763099
2763157
2763158
2763160
2763162
2763166
2763272
2763273
2763428
2763434
2763444
2763447
2763465
2763487
2764002
2764995
2765931
2766499
2766600
2766605
2766620
2766656
2766678
2766762
2766766
2766788
2767057
2767590
2767799
2768172
2768722
2768723
2769351
2769507
2769878
2769896
2770099
2770202
2770326
2770408
2770516
2770540
2770552
2770757
2770866
2771296
2772375
2772464
2772883
2772907
2772917
2772927
2772929
2772940
2772941
2772981
2772988
2772992
2773026
2773030
2773110
2773111
2773112
2773154
2773399
2773627
2775080
2775159
2775602
2777832
2777917
2777996
2778049
2778316
2778349
2778350
2778683
2778796
2778894
2779313
2780037
27801
27804
2780937
2781383
2781605
2781778
2781794
2782
2782413
2782460
2782693
2782790
2782914
2782917
2783015
2783068
2783142
2783144
2783148
2783150
2783151
2783222
2783282
2783312
2783314
2783351
2783352
2783362
2783489
2783684
2784754
2785741
2785908
2786966
2786973
2788
2789191
2789192
278976
2790135
2790140
2790176
2790181
2790236
2790512
2790542
2790543
2790559
2790697
2790724
2790736
2790757
2790758
2790771
2790788
2790852
2790858
2790902
2790905
279094
2791086
2791093
2791244
2791268
2791409
2791425
2791441
2791509
2791530
2791544
2791548
2791594
2791600
2791612
2791661
2791750
2791797
2791853
2791857
2791899
2791933
2792252
2792423
2792424
2793188
2793197
2793246
2793348
27942
2794229
2794356
2794596
2794939
2795334
2795335
2795336
2795337
2795343
2795346
2795671
27957
279588
279591
2796155
2796156
27965
27967
2797178
2797234
2797252
2797253
2797254
2797256
2797383
2797458
2797494
2797655
2797660
2797694
2798244
2798246
2798358
2798770
279906
2799214
2799507
2799509
2800448
2800453
2800457
2800496
2800815
2801070
2801072
2801445
28015
2802085
2802103
2802104
2802105
2802106
2802107
2802156
2802162
2802163
2802168
2802847
2802865
2802877
2803249
2803454
2803604
2803606
280434
2805110
2805668
2805954
2805959
2805961
2805969
2805971
2805977
2805979
2805980
2805984
2805987
280699
2806994
2809115
2810031
2810512
2810582
2811325
281258
2812786
2813066
2813067
2813142
2813602
2813607
281364
2813662
2813676
2813710
2813749
2813750
2813871
2813890
2813950
2813987
281400
281402
2814073
2814074
2814101
2814106
281418
281420
2814461
2814463
2814476
2814483
2814572
2814581
2815134
2815162
2815588
2815864
2816357
2816377
2816782
2817067
2817068
281719
281732
2817889
2817918
2817933
2818196
2818201
2818206
2818207
2818213
2818231
2819025
2819321
2819629
2819631
2819632
2819634
2819785
2819786
2819899
2820027
282008
2820187
2820442
2820448
2820449
2820730
2820731
2820767
2820805
2820870
2820953
2820985
2821009
2821011
2821012
2821017
2821020
2821027
2821452
2821738
2821810
2822403
2822404
2822406
2822408
2822697
2822734
2822969
2822972
2823058
282351
282366
2823672
282368
282377
2823906
282392
282395
2824788
2824801
2824860
2824861
2825917
2826157
2827002
2827003
2827493
2828420
2828784
2829
2829596
2829675
283007
283053
2830685
2830689
2830813
2830867
2831026
2831123
2831245
2831272
2831312
2831330
2831331
2831388
2831491
2831661
2832113
2832114
2833463
2833465
283367
283372
2834194
2834224
283432
2834557
2834944
2834945
2834947
2834952
2834959
2834960
2834988
2834989
283510
283516
283519
283528
283554
2835540
283555
2835815
283591
2836056
283613
2836419
2836743
2836751
2836752
2836770
2836773
2836780
2836781
283680
2836819
2836847
2836996
2836997
2836998
2837019
2837028
2837037
2837038
283763
283781
2838060
28381
2838145
2838824
2839068
2839341
284005
2840995
2841602
2841636
2841931
2843
2843183
2843287
2845301
2847024
2847025
2847026
2847208
2847225
2847470
2847557
2847666
2848176
2849160
2849161
2849162
2849225
2849248
2849320
2849321
2849400
2849416
2849452
2849776
2849786
2850255
2850378
2850695
2850698
2853
2853202
2853203
2853204
2853211
2853384
2853422
2853820
2853999
2854415
2854417
2854425
2854426
2854427
2854428
2854429
2854442
2854469
2854470
2854471
2854472
2854473
2854474
2854475
2854484
2854486
2854488
2854611
2854622
2854630
2854631
2854632
2854686
2855561
2855585
2855748
2855756
2855841
2856
2856062
2856193
2856197
2856202
2856204
2856205
2856206
2856208
2856209
2856210
2856211
2856215
2856217
2856221
2856225
2856226
2856269
2856270
2856272
2856275
2856277
2856360
2856438
2856440
2856531
2856535
2856572
2856933
2856934
2857064
2857140
2857141
2857155
2857157
2857165
2857207
2857232
2857234
2857294
2857295
2857313
2857316
2857434
2857439
2857440
2857442
2857445
2857462
2857465
2857466
2857475
2857479
2857480
2857706
2857709
2857713
2857721
2857722
2857727
2857915
2857951
2858
2858080
2858119
2858124
2858125
2858126
2858390
2859795
2859799
286032
2860369
2860530
2860643
2860695
286094
286115
2861198
2861372
2861412
2861414
2861417
2861463
2861485
2861491
2861496
2861499
2861501
2861502
2861536
2861566
2861578
2861588
2861589
2861591
2861616
2861634
2861657
2862331
2862342
2862972
2863097
2863290
2863635
2863810
2864169
2864173
2864434
286459
2865005
2865035
2865057
2865064
2865073
2865075
2865134
286528
2865508
2865852
2866
2866049
2866207
2866284
2866379
2866418
2866776
2866777
2866778
2867076
2867082
2867102
2867162
2867187
2867344
2867345
2867569
2867603
2867952
2868033
2868085
2868122
2868127
2868258
2868426
2868571
2868795
2868874
2869304
2870839
2870870
2871294
2871307
2871378
2871397
2871399
2871400
2871407
2871411
2871412
2871421
2872
2872278
2872296
2872739
2872750
2872751
2872752
2872770
2872784
2872786
2872870
2872936
2872963
2873081
2873687
2873717
2874184
2874298
2874299
28743
2874301
2874303
2874304
2874812
2874813
2874971
2874979
2875028
2875097
2875133
2875140
2875141
2875741
2875758
2875761
2875992
2876
2876032
2876263
2876268
2876354
2876409
2876410
2876422
2876444
2876702
2877187
2877453
2877515
2877588
2877594
2877597
2877599
2877615
2877616
2877617
2877619
2877620
2877621
2877623
2877624
2877626
2877629
2877630
2877631
2877632
2877634
2877635
2877636
2877641
2877644
2877648
2877650
2877651
2877652
2877656
2877673
2877674
2877976
2878054
2878242
2878268
2879400
287944
2879548
2879549
2879550
2879552
2879553
2879686
2880
2880144
2880208
2880581
2880633
2880642
2880672
2880679
2880813
2881085
2881093
2881100
288121
2881493
2881563
2881595
2881617
2881675
2881727
2881732
2881815
2881816
2881837
2881850
2881885
2881902
2881916
2881971
2881995
2882146
2882184
2882261
2882376
2882404
2882405
2882407
2882408
2882409
2882412
2882416
2882417
2882421
2882423
2882572
2882598
2882604
2882840
2882843
2882923
2882928
2882934
2883019
2883028
28835
2883825
2883983
2884927
2884931
2885
2885343
2886513
2886535
2886592
2886608
2886635
2886679
28867
2886729
2886769
2887054
2887065
2887066
2887068
2887069
2887105
2887129
288723
288773
2887768
2888403
2888407
2888409
2888410
2888414
2888417
2888419
2888422
2888424
2888426
2888429
2888435
288855
288859
2888701
288874
2888827
2889
2889065
2889066
2889116
2889994
2889996
2890242
2890431
2890475
2890476
2890480
2890484
2890488
2890579
2890583
2890630
2890645
2890674
2890781
2891132
2891141
2891148
2891159
2891598
2891751
2892021
2892711
2892811
2892814
2892869
2892955
2892963
2892967
2893
2893202
2893595
2893596
2893631
2893636
289378
2893883
2895947
289596
289597
289599
289600
289601
289603
289604
289607
289609
289613
2896134
2896135
2896136
2896137
2896140
2896141
2896142
2896144
2896146
2896149
289615
2896150
2896151
2896153
2896154
2896155
2896156
2896157
2896159
289616
2896160
289617
289620
289621
289623
289624
2896656
2896658
2896659
2896660
2896661
2896664
2896667
2896668
2896670
2896671
2896673
2896674
2897205
2897287
2897434
2897513
2897539
2897544
2897592
2898944
2899018
2899037
2899701
289973
2899797
2899885
289989
2900033
2900060
2900071
2900072
2900179
2900294
2900319
2900423
2900729
2901172
290149
290211
2902249
2902834
2902849
2902853
2903
2903174
2904138
2904232
2904246
2904333
2904439
2904444
2904996
2905339
2905637
2905731
2905736
2905744
2906078
290615
290618
290652
290661
2906832
2906882
2906885
2907554
29076
2907953
2908770
2908775
2908777
2908797
2908799
2908867
2909182
2909228
2909240
2909241
2909243
2909280
2909299
2909346
2909558
2909559
2909560
2909592
2909600
2909602
2909780
2909817
2910015
2910137
2910139
2910143
2910522
2910599
2910645
2910735
2910792
2910942
2910953
2911079
2911181
2911420
2911552
291168
2912275
2912312
2912337
291248
2912898
2912900
2913296
2913308
2913316
2913352
2913484
291393
2913942
2914002
2914510
2914516
2914518
2914519
2914527
2914529
2914533
2914538
2914539
2914559
2914560
2914561
2914562
2914568
2914569
2914581
2914583
2914588
2914589
2914590
2914593
2914603
2914604
2914605
2914606
2914607
2914608
2914609
2914610
2914611
2914612
2914613
2914614
2914615
2914616
2914617
2914618
2914619
2914620
2914621
2914622
2914623
2914626
2914627
2914636
2914637
2914693
2914786
2914904
2914905
2914906
2915472
2915583
2915685
2915910
291622
291623
2916578
2916615
2916623
2917025
2917783
2917835
2917843
2917853
2917854
2917862
2918234
2918453
2918526
2918645
2918860
2919187
29196
2919644
291984
2919856
29204
29207
29208
29209
2920935
2920970
2920971
2920974
29222
2922254
2922255
2922386
2922389
2923
2923014
2923016
2923037
2923039
2923223
2923268
2923539
2923540
292397
292398
2924273
2924643
2924658
2924673
2924693
2925
2925143
2925145
2925146
2925147
2925148
2925150
2925151
2925152
2925153
2926
2926376
2926379
2926383
2927085
2927089
2928035
2928038
2928048
2928051
2928052
2928053
2928058
2928064
2928067
2928079
2928080
2928081
2928083
2928084
2928088
2928446
2929
2929180
2929575
2929588
2929844
2929900
2929926
2930050
2930051
2930208
2930210
2930211
2930756
2931086
2931100
2931140
2931313
2931894
2931896
2932
2932268
2933041
2933287
2934001
2934025
2934031
2934035
2934066
2934082
2934084
2934095
2934096
2934182
2934364
293463
2935
2935810
2935811
2935812
2935813
2935817
2935820
2935821
2935822
2935824
2935826
2935829
2935830
2935832
2935837
2935839
2935840
2935844
2935845
2935848
2935849
2935850
2935851
2935902
2935915
2935931
2935935
2935960
2935975
2936050
2936062
2936063
2936073
2936082
2936097
2936103
2936114
2936117
293613
2936180
2936821
2936837
2938129
2938211
2938356
2938357
2938365
2938376
2938382
2938389
2938395
2938396
2938399
2938403
2938412
2938414
2938416
2938417
2938421
2938431
2938440
2938443
2938445
2938446
2938452
2938453
2938454
2938467
2938473
2938474
2938478
2938479
2938480
2938494
2938501
2938504
2938513
2938516
2938521
2938523
2938526
2938528
2938534
2938537
2938540
2938541
2938594
2938614
2938623
2938686
2938860
2939025
2939114
2939143
2939159
2939164
2939228
2939248
2939346
2939439
2939440
2939453
2939712
2940152
2940161
2940165
2940303
2940304
2940305
2940460
294128
294195
2942113
2942133
2942139
2942358
2942374
2942384
2942778
2942779
2942780
2942782
2942789
2942803
2942813
2942959
2943453
2944426
2944427
2944428
2944442
2944443
2944603
2944856
2945
2946592
2946605
294706
2948983
2948987
2949017
2949052
2949058
2949363
2949368
2949544
2950388
2950392
2950812
2951023
2951295
2951631
2951792
295197
2951979
295201
295207
295235
2952525
2952750
2952871
2952873
2954025
2954064
2954232
295481
295491
2955062
2955065
2955067
2955074
2955081
2955105
2955109
2955112
2955166
295525
295628
295678
295833
295985
295987
296003
296134
2962091
2962094
2962151
2962323
2962330
2962334
2962407
2962414
2962434
2962451
2962460
2962480
2962484
2962709
2962710
2963316
2963529
2963569
2963617
2963924
2964140
2964142
2964147
2964473
2964684
2964727
2965029
2965395
296587
2966157
296683
296691
296695
296696
296712
2967380
2967389
2967392
2968139
2968194
2968373
2969200
2969694
2971044
2971071
2971074
2971075
2971077
2971172
2971195
2971199
2971210
2971543
2971585
2972615
2972865
2973250
2973251
2973252
2973253
2973254
2973255
2973256
2973257
2973270
2973271
2973272
2973273
2973307
2973308
2973309
2973318
2973319
2973326
2973343
2973345
2973346
2973347
2973365
2973366
2973367
2973369
2973381
2973382
2973402
2973413
2973415
2973430
2973857
2973859
2973860
2973862
2974443
2974517
2974991
2975057
2975063
2976054
2976265
2976370
2976585
2976594
2976607
2976645
2976683
2976686
2977053
2977168
2977174
297730
2977321
297759
2977764
2977769
2977771
2977847
2977853
2977933
297825
2978317
2978427
2978435
2978783
2978788
2978794
2978805
2979205
2979797
298018
2980354
2980459
298075
2980962
2980963
2981144
2981151
2981160
2981166
2981168
2981195
2981294
298152
298156
2981718
2981905
2981906
2982243
2982251
2982253
2982256
2982258
2982270
2982276
2982803
2982976
2983168
2983309
2983310
298386
2984036
2985363
2985489
2986823
2986825
2986827
2986829
2986831
2986835
2986836
2987162
2987488
29883
2989623
2989658
2989709
2989890
29910
2991146
2991589
2991632
29917
29920
2992048
2992057
299206
2992262
2992466
2992473
2992475
2992493
2992494
2992498
2992542
2992560
2993498
2993868
2993897
299393
2993977
2994152
2994169
2994319
2994555
2994838
2995346
2995677
2995694
2995738
299625
2996252
2997216
2997262
2997271
2997272
2997276
2997354
2998142
2998197
2998198
2998203
2998204
2998213
2998349
2998367
2998376
2999021
3002449
3002462
3002474
3002500
3002505
3002582
3002584
3002592
3002593
3002693
3002876
3003257
3003258
3003261
3003472
3003603
30041
3004301
3005
300634
30066
301066
301070
301169
3012
3013955
3014132
3014133
3014698
3014700
3014818
3014819
3014820
3014833
3014979
3015538
3015887
3015889
3015892
3015895
3015961
3015974
3015987
3015990
3015991
3016206
3016873
3016982
3016989
3016990
3016992
3017270
3017285
3018229
3018314
3018682
3019021
3019022
3019058
3019339
3019403
3019409
3019495
3020498
3020631
3020633
3020634
3020635
3020636
3020637
3020642
3020643
3020645
3020646
3020647
3020648
3020649
3020650
3020651
3020652
3020653
3020655
3020657
3020658
3020659
3020660
3020661
3020662
3020664
3020665
3020667
3020668
3020669
3020670
3020671
3020672
3020673
3020674
3020675
3020676
3020677
3020678
3020679
3020680
3020681
3020682
3020683
3020684
3020685
3020686
3020687
3020688
3020689
3020690
3020691
3020692
3020693
3020694
3020695
3020696
3020697
3020699
3020700
3020701
3020702
3020703
3020704
3020705
3020707
3020708
3020709
3020710
3021234
3021240
3021246
3021262
3021263
3021276
3021285
3021294
3021321
3021322
3021332
3021531
3021584
3021710
302184
3022152
3022763
3022843
3023391
3023820
3023825
3023829
3023849
3023850
3023867
3023888
3023892
3023893
3023905
3023922
3023980
3024003
3024809
3025315
3025601
3025667
3025897
3026
3027661
3027662
3028040
3028233
302828
3028318
3028912
3028914
3028915
3028916
3028917
3028918
3028919
3028920
3028957
3029106
3029311
3029315
3029335
3029405
3029579
3029917
3030694
3030696
303070
3030701
3030703
3030708
3030710
3030717
3030758
3030987
3030989
3031134
3031135
3031291
3031311
3031313
3031498
3031499
3031500
3031501
3032043
3032101
3032104
3032105
3032110
3032570
3033393
3033743
3033745
303400
303402
3034176
303474
303475
3034941
3035257
3035815
3036676
3037184
3037815
3037889
3037891
3037930
3037938
3038058
3038417
3038427
3038443
3038452
3038455
3038458
3038480
3038929
3038947
3039017
3039233
303951
3039627
3039960
3040636
3040693
3040877
3041418
3041597
3041598
3041689
3041752
3041873
3042014
3042047
304241
3042830
3042840
3042855
3042860
3042878
304361
3043745
3043751
3044185
3045208
3045223
3045225
3045226
3045286
3045354
3046
3046104
3046375
3046377
3046379
3046381
3046417
3047
3047333
3048517
3048676
3049141
3049284
3049840
3049852
3049861
3050093
3050664
3050669
3051284
3051872
3052286
3052288
3052289
3052834
3053389
3053463
3053591
3053613
3053765
3054001
3054002
3054009
3054014
3054018
3054023
3054039
3054069
3054085
3054111
3054166
3054406
3054506
3054726
3054736
3054743
3054750
3054753
3054920
3055515
3055577
3055820
305662
3056765
3056773
3056774
3058441
3058458
3059063
3059464
3059573
3060293
3061191
3061435
3061474
3061999
3062023
3062169
3062250
3062255
3063597
3063791
3063798
3063801
3063810
3063889
3063968
3064556
3064683
3065320
3065340
3065355
3065363
3065373
3065375
3066195
3066204
3066205
3066221
3066252
3066266
3066269
3066369
3067628
3067693
3068582
3068595
3068659
3068661
307047
3070859
3071592
3072560
3073051
3073061
3073423
3073424
3073676
3073752
3073753
3073755
3073756
3073757
3073758
3073759
3073760
3073765
3073767
3073768
3073769
3073770
3073771
3073772
3073774
3073775
3073777
3073779
3073782
3073784
3073786
3073787
3073788
3073789
3073790
3073791
3073792
3073794
3074057
3074058
3074060
3074061
3074062
3074063
3074064
3074067
3074068
3074069
3074072
3074074
3074281
307502
3075349
3075618
307605
307612
3076214
3076552
3076554
3077889
3077948
3077962
3077984
3077999
3078164
3078529
3078546
3078932
3078943
3078960
3078967
3079293
3079324
3079389
3079612
3079722
3079871
3079878
3080035
3080041
3080048
3080049
3080095
3080173
3080419
3080506
3080507
3081563
3081579
3081690
3081716
3081850
3082001
3082003
3082004
3082010
3082696
3083238
308475
308567
308571
308574
3085863
308599
308614
308620
308662
308710
3087131
308717
308735
3088
3088389
3089027
3089055
3089059
309043
3090724
3090730
3092211
3092315
3092530
309353
309354
309355
309358
309363
309364
3093728
3093729
3093872
3093873
309403
3094072
3095583
3095592
3095593
309590
309591
309676
309723
309737
309738
309742
3097582
3097629
3098596
3098607
3098608
3098610
3098757
309933
3100101
3100106
310282
3102939
3102965
3102966
3102967
3103022
3103025
3103030
3103039
3103040
3103071
3103081
3103095
3103127
3104034
3104035
3104385
3104402
3104434
3104437
3104439
3104442
3104611
3105985
310631
310634
310653
3108211
3108432
3108435
3108509
3108768
3108775
3109121
3110653
3111280
311145
3112056
3112588
3113142
3113216
3113649
3113808
3113848
3113849
3114345
311436
3114373
311442
3114861
3115249
3115715
3116713
3117660
3118253
3118341
3118360
3118369
3118392
3118780
3118781
3118788
3118999
3119725
3119803
311997
3119991
312005
3120124
3120325
3120462
3120525
3120600
3120631
3120652
3120653
3120757
3121102
3122098
3122099
3122132
312236
312238
3122591
3122597
3122599
3122602
3122607
3123061
3126097
3126458
3126461
3126463
3126475
3126612
3127450
3127472
3128459
3128964
3129087
3129753
313013
31312
313252
3132771
3132817
3132819
3132820
3133
3133089
3133211
3133389
313392
31340
3134086
3134087
3134264
31347
31350
3135301
31354
313558
313575
313598
313603
3136173
31363
313640
31367
3137271
3137278
3137340
3137933
3138358
31391
3139754
3139757
31398
313997
31407
31408
3140889
3140896
31411
3141214
3141219
3141220
3141353
3141550
3141648
3141685
3141941
314225
31429
3143118
314352
3143602
3143645
3143657
3143961
3144018
3144136
314500
3145037
314505
314507
314508
314509
314511
314512
314514
314517
31452
314522
314523
314525
3145285
314529
314534
314577
31467
3151628
3151629
3152163
3152247
3152267
3152273
3152276
3152291
315326
3153519
3153968
3154004
315705
315706
3157960
3158004
3158005
3158247
3158617
3158915
3158932
315943
316014
3160648
3160833
3161
3161538
316165
316166
316179
316183
316184
316187
316193
316200
316205
316211
316222
316224
316226
316231
316235
3162518
3163183
3163303
3163478
316456
3171836
317848
318180
318532
318538
318539
31874
318772
318790
3188154
318818
318820
319040
319499
3201811
320255
320440
320780
320935
320937
320956
321200
321254
321256
321258
321259
321800
322457
322492
3229218
3229311
3230268
3230694
3230699
3230717
3231178
3231556
3231742
3231931
3232325
3232326
3232330
323290
323307
323313
323314
323326
323328
3233620
323487
3236908
3237507
3238736
3240987
3241044
3241333
3241540
3241542
3241569
3243692
3243747
3244637
3245072
3245298
324535
3245477
3245549
3246742
324755
3247553
324758
324761
324873
324887
3248881
324891
324893
3251963
3254102
325432
325434
325436
325452
32570
3257750
325834
325838
325868
325918
326083
327111
327753
327932
3280167
3280192
3280501
328594
328823
328888
3291350
3292394
329443
329479
329739
3297556
3297560
3297561
3297565
3297569
329898
329899
329902
329973
330376
330377
330871
330872
330874
330875
33092
331099
331317
3316526
331701
331966
332519
332538
332763
333832
33402
3341917
3341961
3342755
3343729
3344867
3344876
334524
334526
334528
334529
33453
334531
3345345
334625
3349712
335490
335530
335740
335771
335785
335852
335918
3359542
3359855
335992
3360064
336188
33640
33645
33649
33653
33657
336571
33658
336585
336589
33659
336594
336600
336604
336609
336616
3366728
3366840
3367156
33673
3367338
3367375
3369267
336980
3373384
3373387
3373389
3373390
3373460
3374553
3375063
3375942
3375943
3375946
337810
3378357
338170
3382399
3382443
338246
3382466
3382472
338249
338447
3384620
338881
339422
339432
339588
339597
339598
339606
339826
339834
33990
340183
340421
340431
340433
341249
342753
343929
344217
344319
344322
344325
34471
34499
345469
345692
345743
34611
34621
34626
34632
34633
34648
346692
34676
346808
346836
346870
34692
347277
347362
347913
348426
350097
35052
35100
35122
35125
35128
35161
351729
35179
35192
352270
354338
354542
354887
354989
355232
35572
356141
35632
356471
356475
356642
35677
35684
35687
357114
35717
358089
359324
360021
360399
360400
360500
360686
360705
36107
36121
361418
36150
361651
362195
362310
36324
36331
363835
364334
364535
364747
364885
364894
365160
365656
366071
366118
367070
367286
367791
367843
367844
367914
367916
367917
367925
36881
36894
36911
36941
369871
370292
370592
37099
371488
371667
371682
371728
371952
371966
371971
37200
372086
372507
372547
37318
37319
373260
373262
373265
373295
373514
373622
373630
374047
374175
37469
374766
375146
37515
37519
37520
37524
37531
375517
37553
376155
37621
376270
37655
376686
376836
378309
378364
378388
379561
379806
380052
380558
380572
380574
380575
381125
381378
381394
381448
381667
381670
381671
381673
381674
381678
381697
382370
382379
382380
382392
38269
382869
38341
38344
38372
38401
38473
38482
38512
385136
38516
38520
38522
385268
38578
386116
387006
387435
387623
388095
388100
38817
388264
388268
38833
38836
388876
389028
389064
389195
38945
389512
389820
389838
390676
390977
391631
391801
392300
392763
39299
393194
393196
393657
393766
39442
39447
39453
39455
394739
395363
395610
396358
396600
396695
397005
397012
397016
397018
397057
397140
397147
397153
397554
397926
397951
397989
398072
398858
399047
399053
399078
399131
400035
400117
400756
40077
40145
401645
401647
401703
401704
401731
401732
401733
401734
401735
401736
401737
401738
401862
401953
401954
401958
401966
401968
401970
402420
402698
40296
403040
4031
403652
403808
40396
404226
405000
405010
405028
405985
407208
407301
407830
407928
408116
408198
408199
408200
408746
408750
408815
409298
409302
40986
41045
410727
41075
411246
411423
411424
411432
411433
411438
411444
412079
41210
412139
413240
413602
413982
414273
414277
414278
414279
41430
414303
414319
414332
414340
414341
414342
414504
41457
414792
414950
415261
415323
415341
415614
415619
415975
415976
416830
416834
416835
416837
416839
416841
416842
41699
417485
417486
417488
417492
417524
417533
417569
417570
41808
418109
418671
41875
418785
41880
41882
41886
419017
419018
419057
419060
419066
419068
419475
419502
42011
42016
42024
420532
421448
42201
422244
424156
424157
424165
424173
424184
424186
424208
424220
424224
42429
42433
424507
42467
425012
425771
425808
425965
425966
425967
425974
425976
425977
425992
426008
426090
426638
42794
428036
42840
42853
428677
43049
430687
430688
430932
430934
430953
431009
431147
431348
431358
43151
431571
431581
431633
432206
43281
433036
433058
433178
433206
433248
433380
433381
433383
433401
433411
433412
433413
433421
433740
433744
43401
434349
435217
436393
436709
43700
437603
438356
438492
439232
43925
43926
43932
43935
43943
440334
440337
440507
44056
441047
44108
441353
44184
441892
44190
442087
442089
442098
442127
442703
442705
44321
443219
44352
443688
44406
44408
44440
44446
44447
444606
445362
445398
446412
446443
44680
447302
447305
447620
447839
447841
448389
449610
449615
449621
449627
450134
451065
45157
451786
452200
452740
453146
45365
454601
456444
457120
457353
457354
457357
45753
459055
459505
45985
459852
459873
459883
460386
460388
461017
461266
463081
463103
463315
463342
463343
463362
463364
464346
464659
464687
465739
465777
466815
46714
46722
46731
467487
467498
46817
468666
468698
468748
468820
469223
469236
469747
469749
469752
469755
470590
470949
471159
472109
472204
472254
472258
472282
472292
472389
473176
473436
474045
475195
475196
475233
475626
475722
475725
475726
47573
475736
475976
475977
476076
47639
4766
4768
4770
477309
477313
477317
47734
477952
47801
478259
478398
4784
478423
4785
478568
4786
4788
4792
479281
4793
47934
479473
4795
4796
479700
4799
480147
480150
480153
4803
480684
4808
481310
481896
482377
482566
48271
483297
483332
483333
483345
483348
483353
483424
483437
483887
483958
483992
484298
484306
484329
484331
48453
484774
485435
485446
485638
485661
485666
48606
486207
486209
486634
486642
487047
487103
48725
487506
487507
488061
488588
489204
489224
489260
48957
48972
48975
48978
489788
489813
490166
490339
490500
490501
490712
490868
492274
492284
492287
49249
492533
492567
492573
492575
49266
493452
493464
493824
493826
49446
496230
497009
497011
497013
497494
497498
497513
497515
497676
497741
497819
497918
497923
498370
498400
498486
498505
498507
498518
498525
498529
498630
498634
498655
498660
498679
499002
499100
499102
499106
499108
499113
499540
499615
499616
499617
499618
499619
499621
499903
499911
500004
500057
500102
500485
500600
500641
501558
502138
502323
502784
502792
502953
502968
503028
503036
503050
503075
503079
503091
503093
50343
503473
503651
504435
504563
504581
504893
505403
505425
505711
505944
505981
506457
506473
506674
506904
506928
508027
508140
509253
50953
51051
51056
51070
511019
511123
511125
5113
511862
511871
512206
51252
51279
51324
513528
515357
51539
515487
515654
515840
516002
51655
516592
517384
517526
517655
517775
518157
518672
518789
518818
519490
519539
52000
520226
52057
521149
521364
52357
523740
523770
523776
524167
524315
52552
52555
52556
525906
525907
526187
526217
52639
526530
527272
52793
52816
528216
52883
529119
529148
529238
529243
52970
529818
529825
529826
5315
5322
5323
533302
533305
533306
5334
535067
535359
535790
536889
53711
537775
537790
537798
537808
538568
538895
53984
53985
53986
53987
540036
540755
540756
541012
541188
541227
542766
542832
542978
543001
543877
544705
544909
546104
546487
546663
548576
54899
549686
5499
55001
55055
55084
55200
552824
552826
552931
5537
553706
553735
553858
554055
554065
554066
554923
55501
55529
555317
555426
555427
555429
55564
55585
556189
55622
556280
556867
557282
557316
557349
557350
557396
557826
5580
55810
55906
559129
559131
55925
559535
559647
559661
559684
559705
560255
560714
560922
56141
56245
563731
564207
564608
565057
565287
565288
569070
569425
569436
569891
570418
57136
572252
572309
572311
572676
572734
572792
572809
572842
572863
572918
573603
573605
573607
573895
574531
574532
574535
574677
574710
57516
5755
5756
5757
5762
576312
576332
576576
576590
576745
576748
576925
577131
577405
5778
577829
578154
57818
578585
578971
57910
57998
580330
580913
581068
581193
581215
58216
58220
58236
58241
58242
58243
582868
583263
58331
583386
583404
584794
585030
585988
58619
586600
587145
587146
587147
587149
587150
587156
587157
587173
58798
58817
588327
588336
588434
589528
590106
590109
590120
5902
590364
590727
590964
590967
59147
59160
59161
59189
593434
593454
593461
593785
594011
594030
594034
594043
594073
594099
594100
594112
594125
594133
595365
595373
595388
596104
596297
59654
596750
596823
597826
59812
598134
59942
59943
59950
599773
599869
601066
60191
601994
603484
603545
603550
603576
603763
603877
603913
604246
6055
60567
6058
6063
607056
607550
608134
6082
608327
6086
608683
608685
608695
6087
608760
608786
608789
6088
6091
60927
6093
60933
6096
610279
61082
611426
611445
611546
611560
611573
6116
611601
611654
611691
611693
611798
61273
6145
614505
6148
61490
61696
61712
61716
61755
61855
618636
61904
619182
619630
619896
619903
62006
620109
620119
620317
620414
620504
621215
622258
622444
62302
62304
62307
62308
62310
62313
62318
623208
624255
624257
624264
62625
626261
626278
626341
626566
62690
626973
62786
62819
630972
631048
63121
631334
631358
63186
632082
632150
632235
632237
632839
632840
632897
633638
633886
633936
633995
634045
63405
634060
6344
634929
63689
63699
63704
637412
637470
638460
6386
638948
639000
63926
63935
63942
6395
639587
639589
639595
63977
641371
641461
642806
6431
643629
643867
64499
645298
645324
645326
645327
645331
645332
645345
645346
645353
645354
645360
645363
645367
645368
645369
645378
645382
645394
645398
645459
64660
647670
64840
64873
64876
64905
649055
649057
649060
649071
64924
64925
64927
64928
64929
64930
64931
64933
650517
650519
65069
65070
65077
65079
6508
651717
652081
6526
652834
652864
653026
65345
6535
65357
653684
654496
65466
65494
6550
655052
6551
655806
65598
655981
65635
656528
656540
65658
65659
65660
65665
65670
657064
657220
657222
658425
658994
66084
66174
661989
661990
661991
661992
661998
661999
662014
662020
662034
662079
662080
662089
662459
662510
663852
663888
663928
66530
66620
666443
666451
666452
666459
666460
666509
666681
667017
667509
667568
6678
66792
66794
66796
66800
669471
669489
670095
670591
670624
671091
671127
671314
671315
671316
671317
671319
671320
671321
671322
671360
671420
671422
671438
671440
671441
671442
671443
671444
671453
6715
671500
671502
671505
671509
6720
672007
672008
672009
672010
672544
672921
673109
673126
673127
673130
673131
673134
673448
673787
673907
673908
674295
674393
674415
674995
675259
67591
67592
67594
67595
676029
676387
676477
678705
678740
67896
67916
680006
680019
680314
680460
680470
681782
681963
681975
683124
68331
68332
68333
683457
683527
683549
6837
684692
684904
685364
685382
685394
68568
686582
686601
686664
687019
687042
687070
687078
687082
687127
687283
687314
687519
687524
687570
688270
688378
688394
688419
688478
688480
688582
68878
689127
689458
689480
689809
690197
690203
690460
691731
692447
692601
692609
69332
694073
6941
6945
695787
695826
695828
696299
696409
696728
696730
69763
69771
69788
697907
698532
698722
698789
699073
699752
699759
699805
699807
700149
700369
700639
700648
700666
700691
700711
700732
700806
700815
700862
701737
701780
70205
702324
702403
702500
702660
702745
702746
702823
702832
703020
703021
703090
703093
703094
703462
704163
704170
704356
70449
70452
705096
705097
705167
705211
706485
706643
706644
706646
707161
707162
707163
707283
70743
707724
707735
707993
707994
707995
707996
708009
70838
708485
708492
708493
709021
709133
709194
709218
709242
709462
710635
7107
7108
71150
711913
712042
712082
7130
713106
71319
713540
71372
713739
714354
714610
714778
714785
714793
714810
714894
71497
7152
715842
7159
7163
7165
716597
716599
716701
716705
71688
717160
71717
717297
7173
71730
717361
717384
717668
717911
717989
718137
71861
71875
71933
71959
7202
7217
721898
722253
722257
722406
7225
722656
722659
72520
7260
72616
72669
72677
72715
7278
7293
7300
73012
73015
73016
73019
73116
73431
735358
735445
735471
73615
73634
7370
73839
7398
74035
74090
74101
741540
742418
743178
743460
743461
74372
74375
74381
743927
744600
74462
744661
744689
74475
74478
744887
744985
745173
745180
745347
74557
745793
746128
747252
747254
747255
74727
747474
748450
748554
748684
748686
74869
749004
749180
749188
749979
753300
753351
753357
753399
753633
754409
756009
75757
758745
758750
758751
758755
758760
759386
76012
7602
761628
761641
76167
761904
761947
762646
763078
763198
763226
7635
763906
764607
764612
764613
764617
764619
764662
764665
764679
764688
765387
765801
76587
766800
7670
7671
76712
767263
767273
767276
767284
767294
767298
767306
767458
76788
768133
76823
768805
768832
7700
77205
77300
77590
77715
7787
779
77928
78236
78437
78482
7873
78898
794811
794826
79495
795029
795044
795082
795086
795124
795125
795152
795172
795180
795182
795183
79588
796164
796977
797215
79731
797523
797794
798139
798349
798351
798355
798372
798406
798435
79858
79894
80357
80365
8047
80668
81069
814964
81523
81540
815499
815559
815563
815574
815727
81594
81703
81824
81834
818373
818436
818534
818798
820737
820790
8226
822777
824434
82581
82600
82633
82926
82932
82933
82935
82936
82938
82940
82942
82945
82946
82949
82950
82951
82952
829864
829895
829969
830185
830232
830338
830375
830425
830443
830469
830487
830609
830732
830740
830767
830781
830804
830814
830869
831195
831397
831433
831444
831534
831555
831724
831944
832113
832459
832499
832610
832647
83269
832727
832839
832945
833266
833439
833647
833653
83372
833778
83390
83392
835013
835098
835258
835426
835496
835738
835828
835873
835959
836114
83649
836724
836791
836813
836895
836972
837335
837662
837713
83917
839173
839625
840462
841630
841704
841754
841775
841900
842173
842335
842478
842521
84301
843095
843896
84397
844536
844541
84516
846116
847100
847108
847152
847307
847343
847345
847357
847362
847563
847571
847638
847647
847726
847750
848173
848272
848571
850085
850754
850765
851175
851241
853880
855553
856301
856713
856767
856772
856793
857007
85707
85795
858189
859642
859643
859649
859653
85976
859954
86043
860618
860631
860634
860636
860641
860642
860650
860651
860653
861477
861512
861514
861515
861516
862106
862455
86255
862617
862912
862913
862921
862925
862927
862948
862949
862950
862951
863366
863367
864289
864587
864627
864648
864786
864826
864827
86572
865874
865886
865893
866028
866040
866073
866807
867311
867313
867317
867318
867320
867321
867322
867323
867325
867326
867327
867918
868023
868024
868031
868044
868062
868072
868085
868093
868098
868099
868101
868105
868106
868107
868113
868254
868273
868580
868582
868587
868593
86870
86896
86898
869065
86908
869184
869194
869195
869203
869207
869224
869230
869232
869233
869240
869613
869627
870544
87102
87149
87157
87161
871654
871656
871660
87236
87246
87248
873059
873061
873393
873419
873440
873485
873512
874459
874590
874597
874619
874623
874741
874764
874847
875395
875827
875832
875835
875839
875841
875843
875844
875845
875846
875849
875850
875859
875860
875861
875863
875999
876006
876009
876012
876014
876016
876018
876020
876029
876058
876071
876072
876079
876145
877507
877745
877746
877769
877772
877799
877873
877922
877995
878026
878042
878053
878057
878063
878065
878160
878163
878164
878381
878393
878421
878423
87870
878991
879008
879065
879318
879534
879535
879537
879538
879542
879543
879545
879547
879743
879758
879761
879795
88015
880166
880221
880268
880269
880271
880391
880394
880400
880401
880408
880410
880411
880412
880414
880432
880618
880885
880892
880894
880907
880911
880912
880914
881465
88149
88150
881575
88159
88167
881815
881824
881829
881847
881871
881873
882466
882578
882602
882614
88308
88316
88324
883820
884089
88410
884136
88421
884555
884619
884622
884960
885041
885654
885670
885678
885871
88588
886377
88925
88944
889790
889937
89334
89335
89336
895155
895552
895687
897679
89940
89952
89957
90012
90013
90014
900957
90269
902892
9031
9033
9034
903972
904060
904677
905063
906758
907715
907745
907943
907945
907947
907948
908144
908212
908214
908343
908852
908854
908857
908858
909054
90936
909823
911292
911564
911891
912347
912799
912973
912985
912993
913347
913352
913356
913364
913641
913667
913668
913992
91661
916652
916659
916720
916956
91752
917560
918552
91925
920461
920777
921144
921181
923280
925971
928215
928250
928255
928758
928776
929244
929247
929250
929252
929253
92950
929565
929621
92964
92976
92981
92986
93049
931015
931187
931299
931554
932968
932983
932994
933002
933006
933021
933030
933333
933798
934827
934841
934842
934861
934862
934892
934930
934949
934994
935088
935097
935098
935222
935721
935871
93591
93706
937687
937696
937754
937755
937756
937758
938085
938086
938113
938177
938252
93837
93895
93947
940223
940420
940422
940423
940427
940434
940438
940507
940675
941124
941159
94180
942012
942296
942320
942412
942414
942630
942642
942649
942650
942654
942672
942683
942692
942693
942701
942703
94301
943117
943146
943175
943747
943918
944587
944588
944595
944596
944600
944609
944610
944611
944616
944618
944620
944622
944624
944626
944627
944634
944640
944641
944965
945019
945086
945090
946204
946366
946367
946370
946373
946374
946375
946377
946379
946380
94675
947153
947580
947585
948056
948369
94907
95348
95469
95524
9606
9612
9615
963306
963742
96390
96477
96639
967094
97105
97143
97145
97150
97153
97227
9728
9737
9739
9742
9744
9749
975946
976305
976312
9773
977741
977818
980197
980326
980336
980385
980509
98051
981404
981427
981428
98220
98221
983544
983576
983577
983583
983661
984907
985043
986
986953
987005
987006
987422
987434
987442
987870
987924
987937
987957
988022
988025
988034
988042
988779
988978
988997
989005
989010
989023
989033
989049
989073
989124
989162
98922
989835
990634
991109
991114
991142
992570
992574
992621
992622
993030
993031
993048
993049
993050
993169
993171
993278
993338
993388
993389
993390
993392
993393
993394
993398
993545
993586
993698
993708
993791
993804
993866
993981
994014
994021
994209
994278
994284
994304
994773
994791
994964
996461
996735
996736
996801
997512
997582
997588
997926
998131
998195
998324
998325
99879
998845
99899
99931
999332
999745
