Summary stat	MP_E446_1B_PCR2	MP_E446_1B_PCR3	MP_E446_2B_PCR2	MP_E446_2B_PCR3	MP_E446_3B_PCR2	MP_E446_3B_PCR3	MP_E449_1B_PCR2	MP_E449_1B_PCR3	MP_E449_2B_PCR2	MP_E449_2B_PCR3	MP_E449_3B_PCR2	MP_E449_3B_PCR3	MP_E475_PCR2	MP_E475_PCR3	MP_E486_PCR2	MP_E486_PCR3	MP_E492_1B_PCR2	MP_E492_1B_PCR3	MP_E573_1B_PCR2	MP_E573_1B_PCR3	MP_E573_2B_PCR2	MP_E573_2B_PCR3	MP_E573_3B_PCR2	MP_E573_3B_PCR3	MP_E598_1B_PCR2	MP_E598_1B_PCR3	MP_E598_2B_PCR2	MP_E598_2B_PCR3	MP_E598_3B_PCR2	MP_E598_3B_PCR3	All_Samples
Total ASVs	147	81	150	172	152	156	108	114	105	117	111	104	38	41	94	108	92	76	123	101	112	112	116	106	66	63	96	69	85	72	1040
Total ASVs, unique taxonomy	61	48	75	80	77	70	61	71	70	71	71	67	28	30	41	44	35	35	46	47	53	51	51	40	22	21	32	25	27	26	275
Percent ASVs with Taxonomic Classification	72.11	85.19	79.33	79.07	79.61	73.08	87.96	91.23	91.43	93.16	82.88	87.5	97.37	97.56	75.53	70.37	70.65	68.42	72.36	75.25	77.68	71.43	68.97	69.81	54.55	61.9	59.38	63.77	67.06	61.11	68.17
Phylum Hits	16	14	14	17	20	17	14	15	15	16	17	15	8	9	14	14	11	12	16	13	17	16	14	12	10	10	13	11	12	12	33
Class Hits	26	21	25	31	29	27	22	25	26	26	27	28	13	13	19	20	15	16	21	21	23	21	22	16	12	11	17	13	15	12	53
Order Hits	37	29	44	47	47	43	34	38	37	41	37	39	16	17	24	27	20	20	30	29	31	29	30	22	15	13	19	14	17	15	101
Family Hits	32	24	37	42	33	35	33	35	38	35	37	31	14	16	20	20	15	14	20	23	29	23	25	18	9	7	10	9	12	9	138
Genus Hits	19	16	26	27	25	27	30	28	31	30	30	28	13	14	16	14	10	8	11	17	21	17	17	13	6	5	7	5	6	6	111
Species Hits	11	8	22	19	17	19	18	18	19	17	21	16	3	4	6	9	4	6	6	12	13	13	11	9	4	2	3	3	4	4	84
