1001915
1001952
1001955
1001956
1001957
1001958
1001959
1001960
1001963
1001970
1001971
1002181
1003687
1003700
1003719
1003724
1003726
1003729
1003730
1003748
1003768
1003779
100952
1010707
1010713
1010714
1010786
1010792
10212
1026960
1026961
1026964
1027347
1028178
1028180
102870
1028721
102976
1031547
1035833
1036015
103866
1042645
1042646
1042647
1042649
1043164
1043165
1043166
1043177
1045544
1046055
1049573
1049575
1049578
1051064
1051066
1051067
1051068
1051071
1051618
1051620
1051621
1051625
105259
1054624
1054627
1054643
105638
105747
105861
105876
106175
106585
1072477
107322
1073844
1076264
1080294
1080299
1080442
1081868
1085684
1090247
1090248
1090249
1090250
1090251
1090252
1090253
1090254
1090256
1090257
109273
109294
109295
109296
109710
109711
109712
109714
109715
109723
109725
109727
109732
109733
109736
109737
109738
109739
109741
109912
109923
1099869
1100067
110272
1104234
1104540
110520
110524
1110611
1115630
111784
111789
1124596
1125681
112728
1127570
1129275
113515
1137050
1137487
1138469
1141927
1142215
1143156
1146995
1147041
1150258
1150263
1154596
1154603
1154617
1154619
1154625
1154629
1154654
1154658
1154659
1155711
1156094
1156109
1156116
1156117
1156118
1156140
1156145
1156471
115654
1156758
1157301
1157699
1159143
1160
1161354
1161356
1161358
1161363
116176
116181
1163486
1163774
1169589
117001
1170836
1171991
1172988
1176151
1181254
1181261
118163
1182200
118798
1188028
1193141
1194740
1194742
1194743
1194747
1194749
1194756
119488
1196843
1197702
1203185
1203427
1206574
1206913
1206991
1209975
121149
121285
1214922
1218181
1218183
1220549
1225888
1226274
1228987
1229908
1229909
1230365
1230544
1230546
1230549
1230551
1230584
1230708
1230718
1230726
1230793
1231346
123223
1232741
1232749
1232801
1232803
1232804
1236004
123867
124278
124279
124282
124283
1243175
1245545
1260382
1260383
1260384
1260385
1260386
1260821
1262610
126308
1263175
1263176
1263179
126353
1263952
1266862
1266863
1266866
1266873
1266874
1266875
1266884
1267064
1267065
1267067
1267071
1267072
1267074
1267079
1267083
1267088
1267097
1267098
1267099
1267101
1267105
1267110
1267112
1267118
1268083
1268088
1268089
1274274
1277708
1286116
1286173
129044
129049
129051
130044
1300979
1302273
1302306
1302316
1302786
1304286
1304287
130472
1305609
1306265
1306753
1306848
1309716
13106
1311415
1311455
1311485
1311505
1311532
1316013
1316014
1316015
1317002
1317004
1317005
1317007
1317009
1320671
1320672
1323790
132415
1325509
132604
1326876
1326878
1328066
1329944
1332101
1332185
133436
1336672
134920
1351937
1351938
1351939
1351940
1351941
1351942
1351943
1351945
1352361
1352362
1352363
1352364
1352365
1352366
1353246
13537
1354032
1354033
135421
13543
1357422
13575
135759
135760
135761
135762
135763
135765
135770
135771
135773
1358729
1358730
1358731
1358732
1358733
1358734
1358735
1358737
13603
13604
136040
136180
136184
1365458
1365579
1365719
1365819
1366890
1366891
1367108
136810
136829
136835
136944
136953
136987
137031
137135
13719
13720
13721
13722
13723
137520
137522
1377964
137881
137882
1379270
1382205
1382212
1384569
1386171
1390635
1394994
1394996
1394998
1394999
1395000
1395001
1395002
1395003
1395004
1395005
1395006
1395007
1395008
1396429
1396440
1396451
1399332
1399335
1399339
1402070
1406388
1406400
1407132
1410051
1410052
1410053
1410054
1410376
1410377
1410378
1410606
1411935
141400
141403
1414657
141825
141885
141886
141887
1419731
142104
1423690
1427364
1427712
1427716
1427717
1427751
143332
143339
143344
143345
143895
143900
1443077
1443078
1443164
1443638
1445868
1447896
1450717
1451183
145388
1454205
1458067
1458157
1458158
1458677
1458985
146078
1461389
146143
146144
146146
146480
146921
1470066
1470067
147208
147210
147211
1472224
1472950
1473247
1473587
1474813
1474814
1474817
1474818
1480062
1480063
1480064
1482869
1483110
1483149
1483516
1484166
1484167
1484357
1484650
1486003
1486005
1486006
1486010
1486013
1486016
1486018
148607
1489734
1489735
1497542
1497672
1497673
1499518
1502869
1502934
1502952
1502953
1503164
150322
150327
1503330
1503331
1504029
1508078
1508112
1510466
151082
1511619
1514671
151728
1517458
1520341
152106
152107
152109
152110
152113
1522389
1522419
1526734
1530446
1531488
1536606
153719
153946
1539876
1543967
1544528
1544529
1545970
1550065
155074
155678
155679
1560653
1560654
1560659
1560667
1560672
1560678
1560686
156128
1562161
1562378
1562708
1562871
1563994
1565084
1566130
1566131
1571525
157167
1573627
1573792
1573810
157584
157585
157669
1580092
158200
1582439
1582965
1585500
1586378
1587500
1593418
159452
1603555
1604631
160595
1606556
1606558
160742
1607840
1608148
160817
160818
160819
1609324
161044
161051
161052
161456
1615909
1617448
161766
1618372
1618600
161905
1619077
161910
161921
161928
161930
161932
1620460
1620464
1620475
1620476
1620477
162982
162989
163105
163117
163124
163129
163139
163141
163143
163144
163149
1633020
1633458
1633460
1633468
1633511
163810
163812
1638153
1638156
1638160
163821
163823
163831
163832
163833
163838
1642177
1643632
1643819
164412
164605
1648921
166256
166264
1667274
166745
166748
166755
166766
167449
1675535
1675537
1675539
1678309
1679027
1679030
1679242
1680609
1680611
1680617
1680631
1680712
1683866
1683870
168724
168767
1695232
1695233
1696824
1696864
1697963
170203
170859
1711722
1711723
171732
171733
171735
171736
171737
1719461
172567
172659
172769
172919
173242
173309
173311
173312
173313
173315
173317
173320
173322
173324
173329
173338
173346
173480
173519
1735346
1735696
1735697
173667
1738886
173978
1743396
174397
1744849
1750699
1750722
1750723
175431
175434
175435
175436
175442
175444
1761466
1763363
1763776
1763779
1763788
1763793
1763794
1763796
1763798
1763806
1763819
1763820
1763822
1765884
1767050
1772091
177238
178220
178221
178514
178539
178540
1789172
179359
179364
179368
179369
179370
179371
180519
180520
180522
180523
180524
1805644
1805678
1806088
1807190
1809422
1809738
1809752
1811506
1811511
1812886
181404
181455
181459
181461
181464
181467
1819260
1821172
1821173
1821174
182223
182227
182228
1824973
1824986
1825318
1825320
1825362
1825377
1825378
1825454
182643
182852
182853
182854
182855
183651
183653
184151
184215
1842845
1843760
1843778
1843782
1843789
184449
1844824
184585
1846278
1852275
1854753
185732
185735
185737
185739
185746
185748
1857756
1859164
186182
1864528
1864531
1864538
1867357
1870919
1870920
1870921
1870922
1874132
1874689
187795
187798
187807
187809
187815
187820
1892332
189388
189389
1898749
189917
1902835
1902871
1902934
1903275
1911260
1912806
1912809
1916785
191724
191725
191726
1920022
1920185
1920503
1920626
1920627
192376
192377
192378
1929310
1929312
1929943
193290
193294
1933387
1933388
1934098
1934185
1934659
1934661
1934679
1934710
1934713
1934717
1934729
1934731
1934735
1934750
1934775
1935428
1935467
1940113
194548
1945516
194857
1950938
195326
1954391
1954392
1954393
1954394
1954395
1954396
1954397
1954398
1954399
1954400
1954401
1954402
1954403
1954405
1954406
1954407
1954408
1954410
1954411
1954413
1954414
1954415
1954416
1954417
1954418
1954419
1954420
1954421
1954422
1954423
1954424
1955233
195600
195609
195611
195612
195615
195617
1956186
195623
195624
195626
195632
195635
195639
195660
1959104
196071
196075
1960914
196131
1967496
1967877
1972590
1973460
1979188
1979189
1979190
1980395
1984844
1984846
1984848
200675
200676
200680
200682
2010393
201059
2012906
2012948
201377
201378
201498
201688
201690
201691
201694
201695
201696
201697
201699
201701
201702
201703
201704
201705
201706
201707
201708
201709
201710
201712
202456
2024843
2025591
2025592
2025594
202583
202587
202588
202592
202597
202598
202599
202600
202605
202606
2026804
202727
2027910
2030800
203118
203124
2032702
203283
203284
203286
203321
203322
203323
203326
2033369
203346
203539
2039479
2039554
2039555
2039556
2039557
2039558
2039559
2039560
2039561
2039562
2039563
2039564
2039565
2039566
2039567
2039570
2039571
2042712
204322
204323
204326
204327
204328
204329
204331
204334
204335
204378
204384
204385
204386
204389
2044751
204745
204814
204817
204818
2048724
2049049
2050714
205097
205127
205135
2052148
2053901
2053905
2053906
2053908
2053910
2053911
2053955
2054282
2057042
2059685
2059686
2059687
2060680
206100
206142
206149
2064643
2069431
2069606
2070693
2070695
208007
2080421
208460
208524
208525
208526
209197
209199
209235
2094010
2094013
2094300
2094301
209541
210626
210632
210633
210635
210638
2108433
210850
2109336
2136010
213624
2138251
2138253
2138264
214483
214485
214486
214487
214490
214491
214493
214812
214914
214916
214920
214921
214925
2153193
2153194
215336
215356
215363
215367
215382
215398
215401
215414
215418
215425
215426
215428
215432
215434
215710
216104
216115
216127
2161821
2172674
2175577
2201459
2202732
221867
223804
223806
223860
223861
223862
223863
223889
224703
224707
224708
224711
224713
224716
225387
225390
225755
2259672
227286
227976
228250
228251
228252
228254
2283841
2283842
228541
228543
229056
229070
229074
229078
229085
229092
229096
229101
229125
229128
2291383
229290
229291
230148
230553
231457
231458
232276
232998
235072
237411
238050
238051
238053
238055
238058
238060
238741
238838
238839
238840
239010
239011
239368
239743
240152
240154
240822
240824
240825
240826
240830
240831
240832
240836
241287
241312
241323
241346
241451
241472
241492
241494
241500
242812
242823
243708
244423
244449
244450
244452
2447940
2448914
245694
245701
245875
247647
2479206
248065
2489368
248958
248959
248960
2491106
249132
249133
2497966
2507738
2508183
2508726
2511932
251530
2516292
252961
253861
253862
2546709
2546710
2546713
2546714
2546715
2546716
2546717
2546718
2546719
2546722
2546723
2546725
2546726
2546727
2546729
2546730
2546731
2546732
2546734
2546735
2546737
2546739
2546742
2546744
2546745
2546748
2546749
2546750
2546751
2546752
2546757
2546758
2546759
2546761
2546763
2546764
2546766
2546767
2546771
2546772
2546773
2546774
2546775
2546776
2546779
255295
255458
255464
255465
255468
255533
255539
255551
255553
255555
255557
255558
255560
255564
255718
2559279
256424
2565288
2570680
2576622
2578316
257887
257889
2580389
2580390
2582419
2584934
2584973
2589289
2589307
2589382
2591997
259378
2597463
2597637
2597638
2597639
2597641
2597642
2597798
2598109
2598111
2598113
2598114
2598115
2598117
2598119
2598120
2598121
2598122
2598531
259987
2599946
2602924
260508
2605477
2605608
2607498
2608453
2610849
261876
261878
261879
261880
261882
261891
262098
262334
263546
264216
2650949
2661749
266495
2665441
2666104
267067
2675451
268291
2686473
2690220
269452
2698222
2699159
2700046
270327
270328
270329
270330
270331
270332
270333
2705304
270537
270543
270547
270552
270554
270558
270562
270568
270585
2705903
270604
270609
2706846
2707359
2707585
2707626
2709724
2711159
2711160
2713598
271501
271503
2715735
2715787
2715790
2715791
271677
271689
271690
271707
271709
271710
271713
271714
271716
271720
271723
271724
271756
2718169
2718615
2719052
271939
271940
271941
272124
272214
2722863
2723027
2723817
2724378
272785
272788
272797
272798
2729375
2734675
2734676
2734677
2734678
2734679
2736013
2736581
2737279
273753
2737877
273789
273853
2741207
2741208
2743191
2744574
274469
274471
274698
274709
274741
274743
2747499
2747500
2747501
274758
274759
274766
274768
274770
274775
274777
274780
274783
274786
274805
274808
2750029
2750468
2750679
27588
27602
27604
27606
27615
2765009
2765011
2765013
2765016
2765020
2765022
2765023
2765024
2765025
2765026
2765027
2765031
2765033
2765034
2765035
2765039
2765040
2765041
2765043
2765044
2765045
2765046
2765049
2765050
2765051
2765052
2765053
2765055
2765056
2765057
2765058
2765059
2765062
2765063
2765065
2765066
2765067
2765069
2765072
2765074
2765075
2765076
2765077
2765078
2765079
2765080
2765081
2765083
2765084
2765085
2765086
2765087
2765088
2765089
2765090
2765091
2765092
2765093
2765094
2765095
2765097
2765098
2765099
2765100
2765101
2765102
2765104
2765106
2765109
2765110
2765111
2765112
2765115
2765116
2765117
2765118
2765119
2765120
2765121
2765123
2765124
2765126
2765128
2765130
2765131
2765132
2765135
2765136
2765137
2765138
2765139
2765140
2765141
2765144
2765145
2765146
2765147
2765148
2765150
2765151
2765152
2765153
2765154
2765155
2765156
2765157
2765158
2765159
2765160
2765161
2765163
2765166
2765167
2765170
2765171
2765172
2765174
2765176
2765177
2765178
2765179
2765181
2765182
2765183
2765184
2765185
2765187
2765188
2765189
2765190
2765191
2765192
2765194
2765195
2765198
2765199
2765201
2765202
2765203
2765204
2765206
2765207
2765208
2765209
2765210
2765213
2765214
2765215
2765216
2765217
2765219
2765223
2765224
2765225
2765226
2765229
2765230
2765231
2765232
2765233
2765234
2765235
2765236
2765237
2765238
2765239
2765240
2765241
2765242
2765243
2765244
2765245
2765246
2765247
2765248
2765250
2765252
2765253
2765254
2765255
2765260
2765263
2765265
2765268
2765270
2765273
2765274
2765276
2765277
2765278
2765285
2765286
2765287
2765288
2768287
27708
27771
27773
2779445
278032
278164
278165
278182
2782020
2782021
2782022
278736
2787426
2787441
2787546
278853
2795296
2795383
2798770
279904
279906
279907
280384
2805493
2807409
2807410
2807752
2812853
2814718
2815728
2815729
2818405
2820133
282423
2826039
2827008
2829147
2829149
2829509
2830019
2830022
2830023
2830024
2830025
2830026
2830027
2830203
2830210
283024
283025
283026
283027
283028
283029
283034
283035
283036
2830935
283367
283373
2834025
2834204
2834347
283497
283620
283621
283624
283635
283636
2836765
2836766
2836767
2836773
28381
2838337
2838338
2838339
2838340
2838349
2839855
2840378
2840379
2840380
2840382
2840384
2840385
2840386
2842239
2845260
2845261
2845262
284583
28462
285277
2853323
2859054
2861375
2861499
2861920
2864138
2865377
2867088
2867089
2867090
2867091
2867093
2867273
2871563
2871679
287195
2872160
28742
28743
2876673
287897
287901
287902
287904
287906
28827
28833
2884003
2884004
2884899
288873
289074
2891299
289389
289398
2897509
2897522
2897549
2897562
2898570
2899797
290519
290523
290524
2905714
2905919
290627
290630
29084
2908918
2909791
2910015
291111
291231
2913302
2913313
2913349
29147
29151
29158
2916456
2916565
2916566
2916567
2916568
2916569
2916571
2916573
2916574
2916575
2916577
2916579
2916583
2916587
2916588
2917840
2917873
2918052
2918298
2920500
2920501
2920502
2923334
2923461
292461
292563
2927040
2927041
2927042
2927308
2928631
2928756
293145
293146
2931992
2935882
2935888
2935904
2935959
2935963
2935976
2935979
2935995
2936009
2936623
293902
293903
293907
293909
293911
293913
293914
293920
2940135
2940147
2940152
2940501
2940502
2940503
2940504
2940505
2940506
2940507
2940509
2940510
2940511
2940512
2940513
2945612
294744
2948625
2949122
2949123
2949124
2949256
2949261
2949691
2950897
2964728
2966484
2968231
2969293
2971491
2971492
297513
2976343
297737
2977553
2977554
2977555
2977556
2977557
2977558
2977559
2977560
2977561
2978582
2978584
298721
299110
2995195
2996152
29965
2996717
2996719
2996720
2996724
2996725
2996726
2996727
29969
2998971
300227
300304
300318
300346
3003553
300495
300512
301270
3019859
3019860
302047
302098
302184
3023028
302453
302777
303005
303006
303007
303008
303010
303012
303015
303016
303017
303025
303026
3030271
303032
3034674
3037310
3038064
303997
3040395
3040396
3040453
3040455
3040456
3040459
304046
3040460
3040461
3041670
304252
304265
304266
304271
304276
304278
304281
304283
304285
304287
304288
304292
3046864
304863
3049902
3051909
30520
30521
305505
3055604
3062245
306639
3069622
3069623
3070152
3070219
3070661
3071819
3072172
30724
3075083
3075085
307590
3076529
307687
3078749
307972
308080
3083464
308462
308692
3090662
3092771
30945
3095013
30960
30962
309913
310261
310366
3108774
31178
31180
31190
31208
312709
31300
31302
313159
313163
313164
313166
313167
313168
313169
313173
313237
313238
31330
314005
314245
314247
3144
315376
315377
315378
315492
316125
316137
316138
316141
316142
316143
316144
316146
316147
316150
316163
316200
316209
316349
317033
317254
317547
317549
31873
31907
319749
319774
319775
319776
320376
320379
320383
320406
320408
320411
320412
320568
320590
320591
320607
320612
320615
320617
320618
321327
322131
322683
323264
323265
323266
324891
325680
325681
325683
325685
325689
32592
327050
327694
327792
328269
328410
329022
329023
329116
329571
331036
33408
334885
334889
334892
334896
334912
334916
334922
334925
334926
334927
334929
334931
334934
334942
335060
33556
335690
336262
336810
337423
338192
338196
340692
341101
342439
342441
344322
34513
34590
347520
34773
34774
34787
34816
34817
34819
34823
348696
348705
348707
348708
348709
348710
348711
34875
34882
34886
349311
349654
350768
350769
350771
350772
350774
351694
352243
352245
355514
35682
358387
358388
358390
358392
358800
359311
359312
359998
360089
360505
360508
360968
360972
360985
360990
361153
361155
361634
36180
36181
36185
36212
36221
362310
36326
363549
364019
365056
366441
367072
367073
367074
367075
367269
36754
367866
36894
36896
369659
369668
369674
369910
369968
370357
370369
370370
37190
372794
373250
37346
374848
37508
37510
37655
376888
376895
376896
376897
379066
380166
38273
382950
382951
382953
384371
38578
387661
390314
390315
390338
390340
390343
390674
39090
391211
391225
392307
39281
39298
39299
39301
393182
39374
394299
394683
394686
394687
394688
394689
394690
394691
394692
394693
394694
394695
394696
394697
394698
394699
394700
394701
394702
394703
394704
394705
394706
394707
394708
396355
396779
398258
399152
399303
39971
400000
400035
401640
401642
401699
402241
402406
403224
404955
405000
40509
40511
40831
4090
4091
409302
410342
41164
412663
413423
413424
413425
413429
414004
41431
41446
415978
416861
416956
416976
417912
417927
417931
417934
417941
417945
41806
418454
419950
420456
420457
420458
420460
420462
420623
42192
42205
42212
423369
423370
423371
42391
42394
425481
425520
425751
426094
426095
426098
426380
428027
428030
428032
428036
42892
429428
429650
430039
430040
430698
430699
430709
430711
430713
430714
430715
430717
430718
431633
432167
432344
432355
433379
433386
433387
433389
433390
433391
433392
433393
433395
433396
433399
433402
433403
433405
433411
43346
43347
433667
433668
433669
433738
433740
433743
435131
435151
435156
435231
435299
435301
436017
436308
437162
43950
44166
44176
44187
44190
44195
44197
44202
44206
44208
44209
44211
44243
44306
443631
443676
443684
443689
443692
443693
443695
443721
443723
443798
444732
445388
445390
446432
446433
446791
446823
448039
44932
450187
450191
450224
453925
453929
454056
455156
455453
457514
45783
458584
458614
459221
459747
46259
463342
463596
463598
464750
464751
464752
464754
464755
466111
466976
466989
466991
467001
46770
469326
469658
469659
470226
470227
470729
470924
470926
470928
471972
471973
472766
473314
473325
473354
473369
476914
476915
476916
476918
476919
476920
476925
477781
478246
479279
479280
479643
47982
479980
480040
480041
481459
48167
48271
482919
483362
48416
48441
48449
486151
486222
487173
48744
489441
490246
490309
490372
490388
490876
491015
492019
492021
492022
492026
492030
492034
492049
495043
495829
496415
497222
497288
497904
499856
499945
500156
500566
502345
50342
50415
508009
508012
508046
508554
508607
508657
508659
509747
509850
511734
511794
512202
512203
512204
512205
512206
512207
512273
51758
51768
51815
521031
521033
521034
521036
52273
526620
526623
527613
528211
528212
529751
531321
533311
53479
536042
53687
537006
54317
54319
54323
54325
54327
54328
54330
54331
54332
54337
54343
54344
54350
54351
54353
545417
545418
545687
545688
545689
546018
546525
546662
548164
55124
551537
552516
553030
55554
55555
55556
55567
556800
556806
556812
556859
557338
557350
557364
557408
557412
557414
559822
559835
560255
560612
56069
560965
561260
561261
561508
561509
561510
56245
565044
565240
565241
56723
56726
56737
568884
572250
572547
573213
576632
576719
57734
57779
57780
57784
57790
57818
57849
57865
57866
57950
581012
58220
585913
585914
585915
585916
585917
585920
585952
586785
586786
586787
586788
586789
586790
586798
586809
586812
587150
58800
588212
591250
59291
59296
59512
59538
59564
59861
59862
598664
59946
599903
60137
602068
604244
6052
6055
60579
60593
6063
61084
61124
6116
613162
613164
613165
61626
61627
61628
61641
61643
62062
62067
621459
622374
626210
626227
626275
630692
63221
633558
6347
634733
634734
634736
634739
634740
637728
639604
639606
641108
641109
641111
641117
641271
641275
641277
641279
641282
641285
641289
641303
64185
643327
643328
643357
643358
643391
643421
643647
646014
646017
646018
646026
646041
646049
646537
65095
651718
652442
653772
6549
6551
655526
655527
65739
6604
662069
66447
66718
668487
668525
6703
670497
670522
671077
672012
67537
67541
67781
681720
681939
683134
68568
686688
689628
689653
69136
691748
691795
691800
691801
69238
69240
69242
69293
69308
696311
696312
696857
69944
70082
70084
70086
70285
703242
703452
707724
707725
708428
70919
709446
71750
71751
71752
71753
71754
71755
71756
71757
71763
71765
71767
71769
71771
71773
718286
72053
72054
72055
72056
72057
72058
72059
72060
72061
72062
72063
72064
72065
72066
72067
72069
72070
72071
72072
72073
72074
72075
72076
72077
72078
72079
72080
72081
72082
72083
72084
72085
72086
72087
72088
72089
72090
72091
72092
72093
72094
72095
72096
72097
72098
72099
72100
72101
72102
72103
72104
72105
72106
72107
72108
72109
72110
721782
722757
722766
72450
72540
72541
72542
72543
72544
72668
72675
72715
72725
73431
740692
740695
740698
740928
740932
740938
742514
744578
744598
74940
75013
75014
75015
75022
75024
75026
75028
75030
75038
75040
753643
753915
753916
754458
754459
755178
755338
756461
7590
75937
75939
76074
7609
7611
7612
7616
762048
7634
76340
7635
7646
764836
7650
7654
7663
7668
7671
767263
767266
767270
767273
767276
767277
767278
767279
767282
767283
767285
767298
767300
767302
767306
767308
767310
767312
767314
767320
76841
768496
768769
768844
768845
7698
7700
7710
77115
7781
7782
78424
7849
7939
7950
79683
79686
79698
797708
8014
8017
8018
8019
8021
8022
8023
8030
8032
8034
8035
8036
8037
8038
8039
8040
80419
8042
8047
8049
8052
8056
8058
8060
8063
80720
80721
80807
8096
80966
80968
8097
80975
80977
80982
80983
80985
80987
80989
80995
8103
8110
81389
8142
81468
8161
81636
8164
8167
8168
817
8182
8187
8197
8199
8204
821
8222
82366
8245
8255
8260
8262
8265
8267
82893
82895
82899
83385
83875
84621
85061
85062
85063
85065
857569
857570
85783
859389
859426
86068
861476
861478
861510
861514
861515
86205
86220
86222
86224
86241
86250
86255
864464
86515
86530
867811
868563
870289
875780
875789
876641
88015
880219
880343
88200
88201
88206
882799
882823
882883
882889
884168
887132
88953
89057
89058
89337
89558
89574
89949
89952
90247
9031
90313
9032
9033
9034
90751
909120
91607
91958
92617
932715
932717
932718
933223
937755
937756
938380
938382
938385
938393
938400
941636
941984
942859
94630
948029
948030
948067
948070
948796
94911
9598
9606
9612
9643
96543
96888
96903
9720
97242
97249
97262
97271
97282
97288
9742
9744
9752
9755
9760
9764
9767
9773
977818
980326
980329
980331
980336
980339
980342
980343
980344
980385
980387
980417
980419
9823
9825
98310
983304
98366
98376
98377
98378
9838
983944
984182
986104
986105
98657
9887
9888
98923
989232
9901
9902
9904
990554
990559
990566
990599
9906
9909
990932
991002
9913
9915
9923
9925
993561
9940
997026
997964
997974
997976
997977
998006
99804
998431
999357
999358
999359
