All percentages range 0-100% of the total count for either Eukaryotes or Prokaryotes, with exception of the first three data rows (% Known, % Eukaryote, % Prokaryote), which represent %s of total reads.
Taxonomy String (K->S)	Terminal Taxa	MP_E446_1B_PCR2	MP_E446_1B_PCR3	MP_E446_2B_PCR2	MP_E446_2B_PCR3	MP_E446_3B_PCR2	MP_E446_3B_PCR3	MP_E449_1B_PCR2	MP_E449_1B_PCR3	MP_E449_2B_PCR2	MP_E449_2B_PCR3	MP_E449_3B_PCR2	MP_E449_3B_PCR3	MP_E475_PCR2	MP_E475_PCR3	MP_E486_PCR2	MP_E486_PCR3	MP_E492_1B_PCR2	MP_E492_1B_PCR3	MP_E573_1B_PCR2	MP_E573_1B_PCR3	MP_E573_2B_PCR2	MP_E573_2B_PCR3	MP_E573_3B_PCR2	MP_E573_3B_PCR3	MP_E598_1B_PCR2	MP_E598_1B_PCR3	MP_E598_2B_PCR2	MP_E598_2B_PCR3	MP_E598_3B_PCR2	MP_E598_3B_PCR3
	% Known	99.1401409400849	98.3572121081547	99.3078734178598	99.351535169152	99.1124157777341	98.8113360512794	99.9498936997181	99.9298274123674	99.9127528763489	99.8792661869865	99.896690966748	99.9049706419941	99.9818504195345	99.9857278981811	99.5417810718494	99.4296467301686	98.8925674031922	98.9388065374382	99.6743501161013	99.8252601076106	99.6530675638756	99.7245748961578	99.4228173616538	99.4161465673445	98.7799476035589	97.7549160503348	98.1726841560401	96.4067398119122	96.6507466295871	95.0717355890954
	% Eukaryote	97.2709723620437	96.3050737908004	98.2573924253929	97.9791662595032	98.1832260450495	96.8533650621453	99.9456791510963	99.9228101536041	99.9086711395699	99.8726080722982	99.8953434576186	99.8980961777979	99.9818504195345	99.9857278981811	95.579323917712	94.247321214943	95.5417111790402	94.3276320790574	97.4528515602877	98.0137898898411	98.0946784980483	98.2829536604361	97.2632663209491	97.2488695661637	95.3792413906572	92.6601002488696	95.5364379779952	88.8616771159875	90.7064264554743	89.0875547094267
	% Prokaryote	1.86916857804116	2.0521383173543	1.05048099246691	1.3723689096488	0.929189732684595	1.95797098913405	0.0042145486218426	0.00701725876326354	0.00408173677899946	0.00665811468824488	0.00134750912937435	0.00687446419617295	0	0	3.96245715413743	5.18232551522559	3.35085622415197	4.61117445838084	2.22149855581356	1.81147021776959	1.55838906582734	1.4416212357217	2.1595510407047	2.16727700118077	3.40070621290167	5.09481580146518	2.63624617804492	7.54506269592476	5.94432017411281	5.9841808796687
	<<<Annelida>>>
Eukaryota;Annelida;Polychaeta;Chaetopteridae__o;NA;NA;NA	Chaetopteridae__o	0.0384108574690446	0	0	0.0123671035046776	0.00470837502207051	0	0	0	0	0	0	0	0	0	0.00312932237653259	0.0137225976877423	0	0	0.00145287596797861	0	1.86488012574969	2.06979095730411	0.0139986975124923	0.000559525075116241	0	0	0	0	0	0
Eukaryota;Annelida;Polychaeta;Sabellida;Oweniidae;NA;NA	Oweniidae	0.0202723969975513	0	0.0144549644463471	0.0155586140865298	0.0194220469660408	0.0216791723373761	0.356088647331678	0.351873207368639	0.193038362544429	0.166220744704492	0.0755395683453237	0.076910621761658	0.0162910417888495	0.0209913809389865	0	0.000686129884387114	0	0	0.000968583978652409	0.00222851157711764	0.000381522120652555	0	0	0.00223810030046497	0	0	0	0	0	0
Eukaryota;Annelida;Polychaeta;Spionida;Magelonidae;NA;NA	Magelonidae	0.40118006689891	0.0727069351230425	0	0.546945125964933	0.0912247660526161	0	0	0.0547029776161329	0	0	0	0	0	0	1.31681885604491	0.649765000514597	0	0	0	0	1.39751552795031	1.23238201366103	0	0	0	0	0	0	0	0
Eukaryota;Annelida;Polychaeta;Spionida;NA;NA;NA	Spionida	0	0	0.35192278825145	0	0.0176564063327644	0	0.0201471208358712	0	0	0	0	0	0	0	0	0	0	0	0	0	0	0.0231123217565365	0	0	0	0	0	0	0	0
	<<<Arthropoda, Branchiopoda>>>
Eukaryota;Arthropoda;Branchiopoda;Diplostraca;NA;NA;NA	Diplostraca	0	0	0.00611556188114683	0	0	0	0	0	0	0	0	0	0	0	0	0	0	0	0	0	0	0	0	0	0	0	0	0	0	0
Eukaryota;Arthropoda;Branchiopoda;Diplostraca;Podonidae;Evadne;NA	Evadne	0	0	0	0	0	0	0.0145246685095816	0.0203288092492386	0.154226416636026	0	0	0.0700291450777202	0.00605095837871552	0.00209913809389865	0	0	0	0	0	0	0	0	0	0	0	0	0	0	0	0
Eukaryota;Arthropoda;Branchiopoda;Diplostraca;Podonidae;NA;NA	Podonidae	0	0	0	0	0	0	0.015930281591154	0.0018480735681126	0.014299137966254	0.0168887387667665	0.045863309352518	0.0178108808290155	0.184321501382411	0.20151725701427	0	0	0	0	0	0	0	0	0	0	0	0	0	0	0	0
	<<<Arthropoda, Hexanauplia>>>
Eukaryota;Arthropoda;Hexanauplia;Calanoida;Acartiidae;Acartia;Acartia longiremis	Acartia longiremis	2.89308444520318	3.64653243847875	5.39003385797441	5.83807073185327	5.41639691601436	7.14690048055499	1.13386121913508	1.19052899257814	0.527536054255015	0.413329659291917	0.655125899280576	0.764248704663212	0.0456149170087785	0.0537379352038053	0	0	0.0841378088743247	0.0693056540519631	16.8838716238795	16.0408263320928	25.1300990431425	27.2036154274748	38.2170528481263	34.7045427840849	0.00265385738170431	0	0	0	0.00666500041656253	0
Eukaryota;Arthropoda;Hexanauplia;Calanoida;Centropagidae;NA;NA	Centropagidae	0.104029405645329	0.0727069351230425	0.180687055579338	0.153591446751641	0.568536283915014	0.779245805682352	0.0196785831420138	0.0158934326857684	0.0245128079421498	0.0151109767913174	0.0085431654676259	0.0141677461139896	0.000930916673648542	0.00377844856901756	0	0	0	0	0.0169502196264172	0.0118853950779608	0.0576098402185359	0.0474628036071731	0.00304319511141137	0.000559525075116241	0	0	0	0	0	0
Eukaryota;Arthropoda;Hexanauplia;Calanoida;Clausocalanidae;Pseudocalanus;Pseudocalanus elongatus	Pseudocalanus elongatus	0.218195009789434	0.279642058165548	0.0311337695767475	0.0454790257913949	0.0871049379083044	0.120439846318756	0.0215527339174437	0.009240367840563	0.038301262409609	0.0266664296317366	0.00449640287769784	0.00607189119170984	0	0	0.0613347185800387	0.0727297677450341	0	0.00161175939655728	0	0	0.00267065484456789	0.000412720031366722	0.0103468633787987	0.0111905015023248	0	0	0	0	0	0
Eukaryota;Arthropoda;Hexanauplia;Calanoida;NA;NA;NA	Calanoida	0.00693529370968861	0	4.373182705191	4.40787505236072	0.0123594844329351	0.0114417854002818	0.0112449046525793	0.0125669002631657	0.136352494178208	0.105776837539222	0.0638489208633094	0.0429080310880829	0.0195492501466194	0.00881637999437431	0.613347185800387	0.839136848605441	0	0	0	0	0	0	0	0	0	0	0	0	0	0
Eukaryota;Arthropoda;Hexanauplia;Calanoida;Temoridae;Eurytemora;NA	Eurytemora	0	0	0	0	0	0	0	0	0	0	0	0	0	0	0.00312932237653259	0	0	0	0	0	0	0	0	0	0	0	0	0	0	0
	<<<Arthropoda, Insecta>>>
Eukaryota;Arthropoda;Insecta;Diptera;Cecidomyiidae;NA;NA	Cecidomyiidae	0	0	0	0	0	0	0	0	0	0	0	0	0	0	0	0	0	0	0.00290575193595723	0	0	0	0.00791230728966957	0	0	0	0	0	0	0
Eukaryota;Arthropoda;Insecta;Diptera;Chironomidae;Cricotopus;NA	Cricotopus	0	0	0	0	0	0	0	0	0	0	0	0	0	0	0	0	0	0	0	0	0	0	0	0	0	0.680915452997919	0	0	0	0
Eukaryota;Arthropoda;Insecta;Diptera;Chironomidae;Limnophyes;Limnophyes sp_ YF_2022	Limnophyes sp_ YF_2022	0	0	0	0	0	0	0	0	0	0	0	0	0	0	0	0	0	0	0	0	0.0946174859218337	0.0680988051755092	0	0	0	0	0	0	0	0
Eukaryota;Arthropoda;Insecta;Diptera;Chironomidae;NA;NA	Chironomidae	0.279012200782088	0.0167785234899329	0.00333576102608009	0.00159575529092614	0	0	0	0	0	0	0	0	0	0	0	0.0459707022539367	0	0	0	0	0	0	0	0	0	0	0	0	0	0
Eukaryota;Arthropoda;Insecta;Diptera;Lauxaniidae;Sapromyza;Sapromyza palpella	Sapromyza palpella	0.0330760161538995	0	0	0.0375002493367642	0.0488493908539815	0.09876067398138	0	0	0	0	0	0.00040479274611399	0	0	0	0	0	0	0	0	0	0	0	0	0	0	0	0	0	0
Eukaryota;Arthropoda;Insecta;Diptera;Sciaridae;NA;NA	Sciaridae	0.424119884554034	0	0	0	0	0	0	0	0	0	0	0	0	0	0	0	0	0	0	0	0	0	0	0	0	0	0	0	0	0
Eukaryota;Arthropoda;Insecta;Hemiptera;Aphididae;NA;NA	Aphididae	0	0	0	0	0	0	0	0	0	0	0	0	0	0	0	0	0	0	0.00823296381854548	0	0	0	0	0	0	0	0	0	0	0
	<<<Arthropoda, Malacostraca>>>
Eukaryota;Arthropoda;Malacostraca;Amphipoda;Aoridae;Aoroides;Aoroides columbiae	Aoroides columbiae	0	0	0	0	0	0	0	0	0	0	0.000449640287769784	0	0	0	0	0	0	0	0	0	0	0	0.0127814194679278	0.0318929292816258	0	0	0	0	0	0
Eukaryota;Arthropoda;Malacostraca;Amphipoda;Ischyroceridae;NA;NA	Ischyroceridae	0	0	0	0	0	0	0	0	0.00255341749397393	0	0	0	0	0	0	0	0	0	0	0	0	0	0	0	0	0	0	0	0	0
Eukaryota;Arthropoda;Malacostraca;Amphipoda;NA;NA;NA	Amphipoda	0.00853574610423213	0	0.00500364153912014	0.00398938822731534	0.0129480313106939	0	0	0.00147845885449008	0.00306410099276872	0.00177776197544911	0.00179856115107914	0.00485751295336788	0	0	0	0	0	0	0	0	0	0.0136197610351018	0	0	0	0	0	0	0	0
Eukaryota;Arthropoda;Malacostraca;Anaspidacea;NA;NA;NA	Anaspidacea	0.0544153814144798	0	0.00945132290722693	0.000398938822731534	0.0329586251544936	0.0379385515904082	0.0346717893454528	0	0.00970298647710095	0.00399996444476049	0.0085431654676259	0.00566709844559586	0	0	0	0	0	0	0	0	0	0	0	0	0	0	0	0	0	0
Eukaryota;Arthropoda;Malacostraca;Cumacea;Lampropidae;NA;NA	Lampropidae	0	0	0.00277980085506674	0.00438832705004688	0	0	0	0	0	0	0	0	0	0	0	0	0	0	0	0	0.00610435393044089	0	0	0	0	0	0	0	0	0
Eukaryota;Arthropoda;Malacostraca;Decapoda;Callianassidae;NA;NA	Callianassidae	0	0	0	0	0	0	0	0	0	0	0	0	0	0	0	0	0	0	0	0.00222851157711764	0	0	0	0	0	0	0	0	0	0
Eukaryota;Arthropoda;Malacostraca;Decapoda;Callianassidae;Neotrypaea;NA	Neotrypaea	0	0	0	0	0	0	0	0	0	0	0	0	0	0	0	0	0	0	0.0726437983989307	0.219136971749902	0	0.0156833611919355	0.01339005849021	0.0123095516525573	0	0	0	0	0	0
Eukaryota;Arthropoda;Malacostraca;Decapoda;Cancridae;Glebocarcinus;Glebocarcinus oregonensis	Glebocarcinus oregonensis	0	0	0	0	0.0217762344770761	0	0.0103078292648644	0.00887075312694048	0.0347264779180455	0.0235553461747007	0.0274280575539568	0.0995790155440415	0	0	0.0444363777467627	0	0	0	0	0.176052414592294	0	0.007428960564601	0	0.000559525075116241	0	0	0	0	0	0
Eukaryota;Arthropoda;Malacostraca;Decapoda;Cancridae;Metacarcinus;Metacarcinus gracilis	Metacarcinus gracilis	0	0	0	0	0	0	0	0	0	0	0	0	0	0	0	0	0	0	0	0	0	0	0	0	0	0	1.15416600166321	0	0	0
Eukaryota;Arthropoda;Malacostraca;Decapoda;Cancridae;Metacarcinus;Metacarcinus magister	Metacarcinus magister	0.00906923023574664	0	0.00778344239418688	0	0.0559119533870873	0	0.00749660310171953	0.0110884414086756	0.00255341749397393	0.0599994666714074	0.00224820143884892	0.0113341968911917	0	0	0	0	0	0	0	0	0	0	0	0	0	0	0	0	0	0
Eukaryota;Arthropoda;Malacostraca;Decapoda;Crangonidae;Crangon;Crangon sp_ UF_53625	Crangon sp_ UF_53625	0	0	0	0	0	0.00662419154753158	0	0	0	0	0	0	0	0	0	0	0	0	0	0	0	0.00536536040776739	0	0	0	0	0	0	0	0
Eukaryota;Arthropoda;Malacostraca;Decapoda;Hippolytidae;Heptacarpus;Heptacarpus sp_ A KMH_2021a	Heptacarpus sp_ A KMH_2021a	0	0	0	0.0103724093910199	0	0	0	0	0	0	0	0	0	0	0	0	0	0	0	0	0	0	0	0	0	0	0	0	0	0
Eukaryota;Arthropoda;Malacostraca;Decapoda;NA;NA;NA	Decapoda	0	0.0335570469798658	0	0.0335108611094489	0.0194220469660408	0.0126461838634694	0	0	0.0040854679903583	0.000888880987724554	0.00134892086330935	0	0.0153601251152009	0.0113353457070527	0	0	0.0719599681161987	0	0	0	0	0	0	0	0	0	0	0	0	0
Eukaryota;Arthropoda;Malacostraca;Decapoda;Paguridae;Pagurus;NA	Pagurus	0	0	0	0	0	0	0	0	0.00714956898312702	0	0	0	0	0	0	0	0	0	0	0	0	0	0	0	0	0	0.0520802708174083	0	0	0
Eukaryota;Arthropoda;Malacostraca;Decapoda;Pandalidae;Pandalus;NA	Pandalus	0	0	0	0	0	0	0	0	0	0	0	0	0	0	0	0	0.0453901337348331	0	0	0	0	0	0	0	0	0	0	0	0	0
Eukaryota;Arthropoda;Malacostraca;Decapoda;Pinnotheridae;NA;NA	Pinnotheridae	0	0	0	0	0	0	0	0.00110884414086756	0	0	0	0	0	0	0	0	0	0	0	0	0	0	0	0	0	0	0	0	0	0
Eukaryota;Arthropoda;Malacostraca;Decapoda;Pinnotheridae;Pinnixa;NA	Pinnixa	0.00426787305211607	0.385906040268456	0	0	0	0	0	0	0	0	0	0	0	0	0.623986881880598	0.0494013516758723	0.0442830573022761	0	0	0	0.0553207074946205	0	0	0	0	0	0	0	0	0
Eukaryota;Arthropoda;Malacostraca;Decapoda;Porcellanidae;Pachycheles;NA	Pachycheles	0	0	0	0.0127660423274091	0	0	0.0032797638570023	0	0.0040854679903583	0	0	0.00242875647668394	0	0	0	0	0	0	0	0	0	0	0	0	0	0	0	0	0	0
Eukaryota;Arthropoda;Malacostraca;Decapoda;Porcellanidae;Pachycheles;Pachycheles haigae	Pachycheles haigae	0	0	0	0	0	0	0	0	0	0	0	0.00161917098445596	0	0	0	0	0	0	0	0	0	0	0	0	0	0	0	0	0	0
Eukaryota;Arthropoda;Malacostraca;Euphausiacea;Euphausiidae;Euphausia;Euphausia pacifica	Euphausia pacifica	0.420918979764947	0.190156599552573	0.196253940367712	0.396545189795145	0.959331410746866	0.517891339170651	0.00655952771400459	0.0188503503947485	0.0245128079421498	0.00311108345703594	0.0211330935251799	0.0153821243523316	0	0	3.74830234261073	4.85025215273251	22.7116730139049	21.6749403649023	1.14970918266041	0	0	0.118450649002249	0.295189925806903	0.354179372548581	8.08364958467132	15.9485530546624	13.9650726183776	14.9156653070224	14.2631008914438	17.9859443502016
Eukaryota;Arthropoda;Malacostraca;Euphausiacea;Euphausiidae;Euphausia;NA	Euphausia	0	0	0	0	0	0	0	0	0	0	0	0	0	0	0	0	0	0	0	0	0	0	0	0	0	0	0	0.0793738286848197	0	0
Eukaryota;Arthropoda;Malacostraca;Euphausiacea;Euphausiidae;NA;NA	Euphausiidae	0	0	0	0	0	0	0	0	0	0	0	0	0	0	0	0	0	0	0	0	0	0	0	0	0	0	0	0.0418917429169882	0	0
Eukaryota;Arthropoda;Malacostraca;Euphausiacea;Euphausiidae;Thysanoessa;NA	Thysanoessa	0.0506809924938783	0.246085011185682	0.0316897297477609	0.219416352502344	0.950503207580484	0.797913981861759	0	0	0.00868161947951138	0.00799992888952098	0.00359712230215827	0.00728626943005181	0.113571834185122	0.0961405247005579	0.449370693270079	0.68475762461834	0.657603400938801	0.968667397330926	1.48338636330616	0.608383660553117	0.434172173302608	0.159309932107555	0.814967650835966	1.10338344812923	0.883734508107534	0.747115566483828	4.96694582811831	11.7693749310991	1.00308256269266	1.27558326540504
	<<<Arthropoda, Ostracoda>>>
Eukaryota;Arthropoda;Ostracoda;Myodocopida;Philomedidae;Euphilomedes;Euphilomedes japonica	Euphilomedes japonica	0	0	0	0	0	0	0	0	0	0	0	0	0	0	0	0.024014545953549	0	0	0	0	0	0	0	0	0	0	0	0	0	0
	<<<Arthropoda, Thecostraca>>>
Eukaryota;Arthropoda;Thecostraca;Balanomorpha;Balanidae;Amphibalanus;NA	Amphibalanus	0	0	0	0	0	0	0	0.00258730299535764	0	0	0	0	0	0	0	0	0	0	0	0	0	0	0	0	0	0	0	0	0	0
Eukaryota;Arthropoda;Thecostraca;Balanomorpha;Balanidae;Megabalanus;NA	Megabalanus	0	0	0	0	0	0	0	0	0	0	0	0	0	0	0	0	0	0	0	0	0	0	0	0	0	0	0.606483153712399	0	0	0
Eukaryota;Arthropoda;Thecostraca;Balanomorpha;Chthamalidae;Chthamalus;NA	Chthamalus	0	0	0	0	0	0	0.0220212716113011	0	0.00970298647710095	0	0	0	0	0	0	0	0	0	0	0	0	0	0	0	0	0	0	0	0	0
Eukaryota;Arthropoda;Thecostraca;Balanomorpha;NA;NA;NA	Balanomorpha	0.410249297134657	0.0503355704697987	0.0439208535100545	0.0371013105140327	0	0	31.5719439628918	33.2154262396878	0.0587286023614005	0.0817770508706589	4.88264388489209	4.95830634715026	0	0	0	0	0	0	0	0	0	0	0	0	0	0	9.8297311146018	26.5770036379671	1.05307006581688	0.273181908307814
Eukaryota;Arthropoda;Thecostraca;Lepadidae__o;Lepadidae;Lepas;NA	Lepas	0	0	0	0	0	0	0	0	0	0	0	0	0	0	0	0	1.41705783367284	0	0	0	0	0	0	0	0	0	0	0	0	0
Eukaryota;Arthropoda;Thecostraca;Lepadidae__o;NA;NA;NA	Lepadidae__o	0	0	0	0	0	0	0.00890221618329195	0.00665306484520536	0.00612820198553744	0.00799992888952098	0	0	0	0	0	0	0	0	0	0	0	0	0	0	0	0	0	0	0	0
	<<<Brachiopoda>>>
Eukaryota;Brachiopoda;Rhynchonellata;Terebratulida;Cancellothyrididae;Terebratulina;Terebratulina unguicula	Terebratulina unguicula	0	0	0	0	0	0	0	0	0	0	0	0	0	0	0	0	0	0.0999290825865515	0	0	0	0	0	0	0	0	0	0	0	0
Eukaryota;Brachiopoda;Rhynchonellata;Terebratulida;Laqueidae;Terebratalia;Terebratalia transversa	Terebratalia transversa	0	0	0	0	0	0	0.00140561308157241	0.00110884414086756	0	0.000444440493862277	0	0	0	0	0	0	0	0	0	0	0	0	0	0	0	0	0	0	0	0
	<<<Bryozoa>>>
Eukaryota;Bryozoa;Gymnolaemata;Cheilostomatida;Bitectiporidae;NA;NA	Bitectiporidae	0.110964699355018	0	0.0433648933390412	0	0	0	0	0	0	0	0	0	0	0	0	0	0	0	0	0	0	0	0	0	0	0	0	0	0	0
Eukaryota;Bryozoa;Gymnolaemata;Cheilostomatida;Bugulidae;Bugulina;Bugulina turbinata	Bugulina turbinata	0	0	0	0	0	0	0.00374830155085977	0	0	0	0	0	0	0	0	0	0	0	0	0	0	0	0	0	0	0	0	0	0	0
Eukaryota;Bryozoa;Gymnolaemata;Cheilostomatida;Bugulidae;NA;NA	Bugulidae	0	0	0	0.0115692258592145	0	0	0	0	0	0	0.00584532374100719	0	0	0	0	0	0	0	0	0	0	0	0	0	0	0	0	0	0	0
Eukaryota;Bryozoa;Gymnolaemata;Cheilostomatida;Candidae;NA;NA	Candidae	0	0.0782997762863535	0.0856178663360557	0	0	0	0	0	0	0	0	0.00161917098445596	0	0	0	0	0	0	0	0	0	0	0	0	0	0	0	0	0	0
Eukaryota;Bryozoa;Gymnolaemata;Cheilostomatida;Candidae;Scrupocellaria;Scrupocellaria varians	Scrupocellaria varians	0	0	0	0	0	0	0	0	0	0.0186665007422156	0	0	0	0	0	0	0	0	0	0	0	0	0	0	0	0.329109135615661	0	0	0	0
Eukaryota;Bryozoa;Gymnolaemata;Cheilostomatida;Cellariidae;NA;NA	Cellariidae	0	0	0	0	0.167735860161262	0	0	0.00517460599071528	0.0148098214650488	0.00311108345703594	0.0152877697841727	0	0	0	0	0	0	0	0	0	0	0	0	0	0	0	0	0	0	0
Eukaryota;Bryozoa;Gymnolaemata;Cheilostomatida;Celleporidae;Celleporina;Celleporina souleae	Celleporina souleae	0	0	0.172347653014138	0.053058863423294	0.177152610205403	0.42695925519999	0.007965140795577	0	0	0	0	0	0	0	0	0	0	0	0	0	0	0.152293691574321	0	0	0	0	0	0	0	0
Eukaryota;Bryozoa;Gymnolaemata;Cheilostomatida;Escharinidae;NA;NA	Escharinidae	0	0	0	0	0	0	0	0	0	0	0	0	0	0	0	0	0	0	0.129305961150097	0	0	0	0	0	0	0	0	0	0	0
Eukaryota;Bryozoa;Gymnolaemata;Cheilostomatida;Flustridae;NA;NA	Flustridae	0.427320789343121	0	0.12953871984611	0	0	0	0	0	0	0	0	0	0	0	0	0	0	0	0	0	0	0	0	0	0	0	0	0	0	0
Eukaryota;Bryozoa;Gymnolaemata;Cheilostomatida;Hippothoidae;Celleporella;Celleporella hyalina	Celleporella hyalina	0	0	0	0	0	0	0	0.00443537656347024	0	0	0	0	0	0	0	0	0	0	0	0	0	0	0	0	0	0	0	0	0	0
Eukaryota;Bryozoa;Gymnolaemata;Cheilostomatida;Lepraliellidae;NA;NA	Lepraliellidae	0	0	0.058931778127415	0.125266790337702	0	0	0	0	0	0	0	0	0	0	0	0	0	0	0	0	0	0	0	0	0	0	0	0	0	0
Eukaryota;Bryozoa;Gymnolaemata;Cheilostomatida;Microporellidae;Microporella;Microporella cf_ ciliata AW214	Microporella cf_ ciliata AW214	0	0	0	0	0	0	0	0.00591383541796032	0	0	0	0.00445272020725389	0	0	0	0	0	0	0	0	0	0	0	0	0	0	0	0	0	0
Eukaryota;Bryozoa;Gymnolaemata;Cheilostomatida;NA;NA;NA	Cheilostomatida	0	0.0615212527964206	0.00277980085506674	0.0303193505275966	0	0.126461838634694	0.00281122616314482	0.0258730299535764	0.0137884544674592	0.0057777264202096	0.0148381294964029	0.040074481865285	0	0	0	0	0	0	0	0.0638839985440391	0	0	0	0	0	0	0	0	0	0
Eukaryota;Bryozoa;Gymnolaemata;Cheilostomatida;Phidoloporidae;Rhynchozoon;Rhynchozoon sp_ MHD_2004	Rhynchozoon sp_ MHD_2004	0.102428953250786	0	0	0	0	0	0.0192100454481563	0.0513764451935303	0.0158311884626384	0.0355552395089821	0.0184352517985612	0.0287402849740933	0	0	0	0	0	0	0	0	0	0	0	0	0	0	0	0	0	0
Eukaryota;Bryozoa;Gymnolaemata;Cheilostomatida;Smittinidae;NA;NA	Smittinidae	0	0	0	0	0	0	0	0	0	0	0.00674460431654676	0	0	0	0	0	0	0	0	0	0	0	0	0	0	0	0	0	0	0
Eukaryota;Bryozoa;Gymnolaemata;Cheilostomatida;Smittinidae;Parasmittina;Parasmittina jeffreysi	Parasmittina jeffreysi	0	0	0	0	0	0	0	0.00147845885449008	0.00255341749397393	0.00355552395089821	0	0	0	0	0	0	0	0	0	0	0	0	0	0	0	0	0	0	0	0
Eukaryota;Bryozoa;Gymnolaemata;Cheilostomatida;Umbonulidae;Oshurkovia;Oshurkovia littoralis	Oshurkovia littoralis	0	0	0	0	0.0924018598081337	0.217393922605355	0	0	0	0	0	0	0	0	0	0	0	0	0	0	0	0	0	0	0	0	0	0	0	0
Eukaryota;Bryozoa;Gymnolaemata;Cheilostomatida;Watersiporidae;NA;NA	Watersiporidae	0	0.0894854586129754	0	0.0267289011230128	0	0	0	0	0	0	0	0	0	0	0	0	0	0	0	0	0	0	0	0	0	0	0	0	0	0
Eukaryota;Bryozoa;Gymnolaemata;Ctenostomatida;Farrellidae;Farrella;NA	Farrella	0	0	0	0	0	0	0	0	0	0	0	0.0137629533678756	0	0	0	0	0	0	0	0	0	0	0	0	0	0	0	0	0	0
Eukaryota;Bryozoa;Gymnolaemata;Ctenostomatida;Farrellidae;NA;NA	Farrellidae	0	0	0	0.114894380946682	0	0	0	0	0	0	0	0	0	0	0	0	0	0	0	0	0	0	0	0	0	0	0	0	0	0
Eukaryota;Bryozoa;Gymnolaemata;Ctenostomatida;NA;NA;NA	Ctenostomatida	0	0	0	0	0	0	0	0	0	0	0	0	0	0	0	0	0	0	0.0842668061427596	0.245136273482941	4.83884505623636	7.99645060773025	0	0	0	0	0	0	0	0
Eukaryota;Bryozoa;Gymnolaemata;NA;NA;NA;NA	Gymnolaemata	0	0	0	0	0	0	0	0.00443537656347024	0	0	0	0	0	0	0	0	0	0	0	0	0	0	0	0	0	0	0	0	0	0
	<<<Chaetognatha>>>
Eukaryota;Chaetognatha;Sagittoidea;Aphragmophora;NA;NA;NA	Aphragmophora	1.51669538589575	1.53803131991051	0.416970128260011	0.632716972852213	0.268377376258019	0.460080212937648	0	0.0136757444040332	0.00306410099276872	0.0119998933342815	0.00449640287769784	0.0287402849740933	0	0	0.772316762528242	1.17396823218635	3.2315561066336	2.18715750112823	0.0571464547404921	0.236965064366843	0.228531750270881	0.252997379227801	0.331099628121557	0.506370192980198	0.177808444574189	0.726309816531114	0.64680336337749	0.198434571712049	0.389902524368908	0.185058712079487
Eukaryota;Chaetognatha;Sagittoidea;Aphragmophora;Sagittidae;NA;NA	Sagittidae	0.00373438892060156	0.0447427293064877	0.047812574707148	0.0371013105140327	0.837502207050792	0.534150718423683	0.024832497774446	0.00295691770898016	0.00561751848674266	0.00266664296317366	0.0152877697841727	0.0174060880829016	0	0	0.421832656356593	0.800713575079763	1.09600566823133	1.13790213396944	0.0731280903882569	0.0831977655457253	0.0805011674576892	0.0247632018820033	0.0967736045428817	0.0358096048074395	0	0.261017590315869	0	0	2.83595767724735	0.405366702650305
Eukaryota;Chaetognatha;Sagittoidea;Aphragmophora;Sagittidae;Parasagitta;NA	Parasagitta	0	0	0	0	0	0	0	0	0	0	0	0	0	0	0	0	0	0	0	0	0	0	0	0.095119262769761	0	0	0	0	0	0
Eukaryota;Chaetognatha;Sagittoidea;Aphragmophora;Sagittidae;Parasagitta;Parasagitta elegans	Parasagitta elegans	0	0	0.00389172119709344	0	0	0	0	0	0	0	0	0	0	0	0	0	0.221415286511381	0	0	0	0	0	0	0	0	0	0	0	0	0
	<<<Chlorophyta>>>
Eukaryota;Chlorophyta;Chlorophyceae;NA;NA;NA;NA	Chlorophyceae	0	0	0	0	0	0	0	0	0	0	0	0	0	0	0	0	0	0	0	0	0	0	0	0	0	0	0.00168000873604543	0	0	0
Eukaryota;Chlorophyta;Chlorophyceae;Sphaeropleales;Chromochloridaceae;NA;NA	Chromochloridaceae	0	0	0	0	0	0	0	0	0	0	0.000899280575539568	0	0	0	0	0	0	0	0	0	0.0175500175500175	0	0	0	0	0	0	0	0	0
Eukaryota;Chlorophyta;Chlorophyceae;Sphaeropleales;NA;NA;NA	Sphaeropleales	0	0	0	0	0.00176564063327644	0	0	0	0	0	0	0	0	0	0	0	0	0	0.00145287596797861	0	0	0	0	0	0	0	0	0	0	0
Eukaryota;Chlorophyta;Mamiellophyceae;Mamiellales;Bathycoccaceae;Ostreococcus;Ostreococcus sp_ _lucimarinus_	Ostreococcus sp_ _lucimarinus_	0	0	0	0	0	0	0	0	0	0	0.000899280575539568	0	0	0	0	0	0	0	0	0	0	0	0	0	0	0	0	0	0	0
	<<<Chordata, Actinopteri>>>
Eukaryota;Chordata;Actinopteri;Anabantiformes;Anabantidae;Microctenopoma;Microctenopoma nanum	Microctenopoma nanum	0	0	0	0	0	0	0	0	0	0	0	0	0	0	0	0	0	0	0	0	0	1.57700323985225	0	0	0	0	0	0	0	0
Eukaryota;Chordata;Actinopteri;Anabantiformes;Osphronemidae;Betta;Betta midas	Betta midas	0	0	0	0	0	0.0030109961579689	0	0	0	0	0	0	0	0	0	0	0	0	0	0	0	0	0	0	0	0	0	0	0	0
Eukaryota;Chordata;Actinopteri;Anguilliformes;Congridae;Uroconger;Uroconger syringinus	Uroconger syringinus	0	0	0	0	0	0	0	0.0125669002631657	0	0	0	0	0	0	0	0	0	0	0	0	0	0	0	0	0	0	0	0	0	0
Eukaryota;Chordata;Actinopteri;Anguilliformes;Muraenidae;Gymnothorax;Gymnothorax zonipectis	Gymnothorax zonipectis	0	0	0	0	0	0	0	0	0	0	0	0	0	0	0	0	0	0	0	0	0	0	0.0237369218690087	0	0.0371540033438603	0	0	0	0	0
Eukaryota;Chordata;Actinopteri;Gadiformes;Merlucciidae;Merluccius;NA	Merluccius	0	0	0	0	0	0	0	0	0	0	0	0	0	0	0	0	12.2453724205119	6.30520275933209	3.26267513209064	0.647754031748862	9.16759503716025	2.59229451701438	4.45767219919538	8.63291238396849	10.4495634404607	6.42897673538869	10.4219341940578	6.0324109800463	13.4099808381238	0
Eukaryota;Chordata;Actinopteri;NA;NA;NA;NA	Actinopteri	12.77961237043	16.0682326621924	8.4300240730754	6.38421798017274	30.3072214701901	30.2195618398391	24.4304924331162	23.9957568230876	5.86571066715692	10.694571603808	6.00764388489209	6.8316871761658	0	0.00587758666291621	5.09766615137158	14.0622319805139	0	5.191477016311	8.673185236843	12.2449282790691	24.5143223404093	22.7643987700943	23.4995526503186	22.1392881721994	68.695098325416	65.0614715339512	14.8789973707863	9.04200198434572	30.7339831708739	0
Eukaryota;Chordata;Actinopteri;Notacanthiformes;Halosauridae;Halosaurus;Halosaurus carinicauda	Halosaurus carinicauda	0	0	0	0	0	0	0.0215527339174437	0	0	0	0	0	0	0	0	0	0	0	0	0	0	0	0	0	0	0	0	0	0	0
Eukaryota;Chordata;Actinopteri;Notacanthiformes;Halosauridae;Halosaurus;Halosaurus ovenii	Halosaurus ovenii	0	0	0	0	0	0	0	0	0	0	0	0	0	0	0	0	0	0	0	0	0	0	0	0	0	0	0	0	0.203282512705157	0
Eukaryota;Chordata;Actinopteri;Osmeriformes;NA;NA;NA	Osmeriformes	0	0	0	2.96970059641354	0	0	0.83915100969873	0.638324610426092	0.823221800057197	0.808437258335482	1.0431654676259	1.16377914507772	0.0232729168412135	0.0344258647399378	1.01702977237309	7.38138529623658	33.7724736515809	1.59241828379859	0	0	0	0	0	4.76155838923921	0	0	3.84217997933589	0	0	0
Eukaryota;Chordata;Actinopteri;Perciformes;Cottidae;Cottus;NA	Cottus	0	0	0	0	0	0	0	0	0	0	0	0	0	0	0.00688450922837169	0	0	0	0	0	0	0	0	0	0	0	0	0	0	0
Eukaryota;Chordata;Actinopteri;Perciformes;NA;NA;NA	Perciformes	8.47172800845039	10.3691275167785	0	0	11.0223059266671	2.04868178588204	0	0	0.444805327450259	1.15821192700509	0	0	0	0	0	7.62427527530962	0	26.9341112758687	1.35214323419876	0	0	0.773024618749871	0	0	0	0	0	0	0	0
Eukaryota;Chordata;Actinopteri;Perciformes;Scorpaenidae;Taenianotus;NA	Taenianotus	0.00160045239454352	0	0	0	0	0	0	0	0	0	0	0	0	0	0	0	0	0	0	0	0	0	0	0	0	0	0	0	0	0
Eukaryota;Chordata;Actinopteri;Pleuronectiformes;Cyclopsettidae;Citharichthys;Citharichthys xanthostigma	Citharichthys xanthostigma	0	0.0391498881431767	0	0	0	0	0	0	0	0	0	0	0	0	0.019401798734502	0.0555765206353563	0	0	0	0.0356561852338823	0.0339554687380774	0.141562970758786	1.60802429686977	0	0	0	0	0	0	0
Eukaryota;Chordata;Actinopteri;Pleuronectiformes;Cyclopsettidae;Citharichthys;NA	Citharichthys	0	0	0	0	0	0	0	0	0	0	0	0	0	0	0	0	0	0	0	0	0	0	1.04625047930323	0	0	0	0	0	0	0
	<<<Chordata, Aves>>>
Eukaryota;Chordata;Aves;Galliformes;Phasianidae;Gallus;NA	Gallus	0	0	0	0	0	0	0	0	0	0	0	0	0	0	0	0	0	0	0	0	0.494452668365712	0	0	0	0	0	0	0	0	0
Eukaryota;Chordata;Aves;NA;NA;NA;NA	Aves	0	0	0	0	0	0	0	0	0	0	0	0	0	0	0	0	0.0431759808697193	0	0	0	0	0	0	0	0	0	0	0	0	0
	<<<Chordata, Chondrichthyes>>>
Eukaryota;Chordata;Chondrichthyes;Lamniformes;Alopiidae;Lamna;Lamna ditropis	Lamna ditropis	0	0	0	0	0	0	0	0	0	0	0	0	0	0	0	0	0	0	0	0	0	0	0	0	0	0	0	0	0	0.138794034059615
Eukaryota;Chordata;Chondrichthyes;Lamniformes;Alopiidae;Lamna;NA	Lamna	0	0	0	0	0	0	0	0	0	0	0	0	0	0	0	0	0	0	0	0	0	0	0	0	0	0	0	0	0	15.8467537617589
Eukaryota;Chordata;Chondrichthyes;Rajiformes;Rajidae;Beringraja;Beringraja inornata	Beringraja inornata	0	0	0	0	0	0	0	0	0	0	0	0	0	0	0	0	0	0	0	0.39667506072694	0	0	0	0	0	0	0	0	0	0
Eukaryota;Chordata;Chondrichthyes;Rajiformes;Rajidae;NA;NA	Rajidae	0	0	0	0	0	0	0	0	0.0153205049638436	0	0	0	0	0	0	0	0	3.88756366449616	0	0	0	0	1.32622442955308	0	0	0	0	0	0	0
	<<<Chordata, Mammalia>>>
Eukaryota;Chordata;Mammalia;Artiodactyla;Balaenopteridae;Megaptera;Megaptera novaeangliae	Megaptera novaeangliae	0	0	0	0	2.60961685598258	0	0	0	0	0	0	0	0	0	0.00187759342591955	0.375313046759752	0	0	0	2.08142981302788	0	0.588951484760313	0	0	0	0	0	0	0	8.03903857592915
Eukaryota;Chordata;Mammalia;Artiodactyla;Camelidae;Camelus;Camelus dromedarius	Camelus dromedarius	0	0	0	0	0	0	0	0	0	0	0	0	0	0	0	0	0	0	0.108965697598396	0	0	0	0	0	0	0	0	0	0	0
Eukaryota;Chordata;Mammalia;Artiodactyla;NA;NA;NA	Artiodactyla	0	0	0	0	0.125949031840386	0	0.0299864124068781	0	0.00102136699758957	0.0844436938338326	0	0.340025906735751	0	0	0	0.00823355861264537	0	0	0	0.0222851157711764	0	0	0	0	0	0	0	0	0	1.87261791985195
Eukaryota;Chordata;Mammalia;Artiodactyla;Phocoenidae;Phocoena;Phocoena phocoena	Phocoena phocoena	0	0	0	0	0	0	0.309234877945931	0.117907093645584	0.784409854148793	0.057777264202096	0.352967625899281	0.290641191709845	0	0	0	0	0	0	2.30329270123543	0	0.194576281532803	0	4.7455584567349	0	0	0	0	0	0	0
Eukaryota;Chordata;Mammalia;Artiodactyla;Suidae;NA;NA	Suidae	0	0	0	0	0	0	0	0	0	0	0	0	0	0	0	0	0	0	0	0	0	0	0	0	0	0	0	0	5.33200033325002	0
Eukaryota;Chordata;Mammalia;Carnivora;Mustelidae;Enhydra;Enhydra lutris	Enhydra lutris	0	0	0	0	0	0	0.063721126364616	0.065421804311186	0	0	0	0	0	0	0	0	0	0	0	0	0	0	0	0	0	0	0	0	0	0
Eukaryota;Chordata;Mammalia;Carnivora;Otariidae;NA;NA	Otariidae	0	0	0	0	0.711553175210406	0	0	0	0	0	0	0	0	0	0	0	0	0	0	0	0	0	0	0	0	0	0	0	0	0
Eukaryota;Chordata;Mammalia;Carnivora;Phocidae;Phoca;NA	Phoca	0	0	0	0	0	0	0	0	0	0.0693327170425152	0	0	0	0	0	0	0	0	0	0	0	0	0	0	0	0	0	0	0	0
Eukaryota;Chordata;Mammalia;NA;NA;NA;NA	Mammalia	0	0	0	0	0	0	0	0	0	0	0	0	0	0	0	0	0	0	0	0	0	0	0	0	0	0	0	14.9002315070003	0	0
Eukaryota;Chordata;Mammalia;Primates;Hominidae;Homo;Homo sapiens	Homo sapiens	1.28729720934451	0	0.547064808277135	0.332714978158099	0	0	0	0	0	0	0.0391187050359712	0	0	0	0	0	0	0	0	0.297877714141392	0.199536069101286	0.140324810664686	0	0	0	0	0.86352449032735	0.251350457501929	0	0
Eukaryota;Chordata;Mammalia;Primates;Hominidae;Homo;NA	Homo	0.00373438892060156	0	0.00611556188114683	0.00718089880916761	0.00353128126655288	0.00120439846318756	0	0.00036961471362252	0	0	0	0	0	0	0	0	0	0	0.00339004392528343	0.000742837192372548	0.00114456636195767	0.000412720031366722	0	0	0	0	0.00252001310406814	0	0	0
Eukaryota;Chordata;Mammalia;Primates;Hominidae;NA;NA	Hominidae	0	0	0	0.07021323280075	0.00235418751103525	0	0	0	0	0	0	0	0	0	0	0	0	0	0	0.000742837192372548	0.00610435393044089	0.000412720031366722	0	0	0	0	0	0	0	0
	<<<Chordata, NA>>>
Eukaryota;Chordata;NA;NA;NA;NA;NA	Chordata	0.067219000570828	1.4261744966443	3.415263330535	5.25721580595616	4.93731975751869	8.84690891134423	0.0285807993253057	0.0776190898607292	0.0122564039710749	0.0422218469169163	0.16726618705036	0	0.00232729168412135	0.000839655237559458	4.38355478504685	14.7106247212597	9.02710123106899	19.2170072851525	2.96870989456963	4.28097073964299	2.34941321897844	8.33611919354506	5.29029038167753	9.12921112559659	0	0	0	0	0	0
	<<<Chordata, Thaliacea>>>
Eukaryota;Chordata;Thaliacea;Doliolida;Doliolidae;Doliolum;Doliolum nationalis	Doliolum nationalis	0	0	0	0	0	0	0	0	0	0	0	0	0	0	0	0	0	0	0	0.0014856743847451	0	0	0	0	0	0	0	0	0	0
	<<<Cnidaria>>>
Eukaryota;Cnidaria;Anthozoa;Actiniaria;NA;NA;NA	Actiniaria	0	0	0	0	0	0	0	0	0	0	0	0	0	0	0	0	0	0	0	0	0	0	0.01339005849021	0	0	0	0	0	0	0
Eukaryota;Cnidaria;Anthozoa;NA;NA;NA;NA	Anthozoa	0.00320090478908705	0	0.00444768136810679	0.00638302116370455	0.0153022188217291	0.00782859001071915	0	0.00110884414086756	0.000510683498794787	0	0.00359712230215827	0.00040479274611399	0	0	0.00688450922837169	0.0562626505197434	0.225843592241608	0.46257494681194	0.0348690232314867	0.0475415803118431	0.0156424069467548	0.0103180007841681	0.150942477526004	0.114702640398829	0	0	0.005880030576159	0	0	0
Eukaryota;Cnidaria;Anthozoa;Spirularia;Cerianthidae;NA;NA	Cerianthidae	0	0	0	0.0151596752637983	0.0194220469660408	0.0114417854002818	0	0	0	0	0	0	0	0	0	0	0	0	0	0	0	0	0	0	0	0	0	0	0	0
Eukaryota;Cnidaria;Cubozoa;Carybdeida;NA;NA;NA	Carybdeida	0.0218728493920948	0	0.0105632432492536	0.00757983763189915	0.0135365781884527	0.00481759385275024	0	0.00073922942724504	0	0.000444440493862277	0	0	0	0	0.000625864475306517	0.00137225976877423	0	0.00161175939655728	0.00145287596797861	0	0	0	0	0	0.00265385738170431	0.0189143181388311	0.0134400698883634	0.0440965714915665	0.0216612513538282	0.0286400387742063
Eukaryota;Cnidaria;Hydrozoa;Limnomedusae;Olindiasidae;NA;NA	Olindiasidae	0	0	0.00667152205216018	0	0	0	0	0	0	0	0	0	0	0	0	0	0	0	0	0	0	0	0	0	0	0	0	0	0	0
Eukaryota;Cnidaria;Hydrozoa;Siphonophorae;Clausophyidae;Chuniphyes;Chuniphyes multidentata	Chuniphyes multidentata	0	0	0	0	0	0.00120439846318756	0	0	0	0	0	0	0	0	0	0	0	0	0	0	0	0	0	0	0	0	0	0	0	0
Eukaryota;Cnidaria;Hydrozoa;Siphonophorae;NA;NA;NA	Siphonophorae	0.00213393652605803	0.0447427293064877	0.00500364153912014	0.0011968164681946	0.00117709375551763	0.0120439846318756	0	0.00036961471362252	0	0.00222220246931138	0	0.00040479274611399	0	0	0.00250345790122607	0	0.00664245859534142	0.011282315775901	0.00532721188258825	0.00222851157711764	0.00267065484456789	0	0.00121727804456455	0.00111905015023248	0.0318462885804517	0.00756572725553244	0.000840004368022714	0.00220482857457833	0.00499875031242189	0
Eukaryota;Cnidaria;Hydrozoa;Trachymedusae;Rhopalonematidae;Aglantha;Aglantha digitale	Aglantha digitale	0	0	0	0	0	0	0	0	0	0	0	0	0	0	0	0	0	0	0	0	0	0	0	0	0.00398078607255646	0	0	0	0	0
Eukaryota;Cnidaria;Scyphozoa;Semaeostomeae;Pelagiidae;Chrysaora;NA	Chrysaora	0	0	0	0	0	0	0	0	0	0	0	0.00161917098445596	0	0	0	0	0	0	0	0	0	0	0	0	0	0	0	0	0	0
	<<<Dictyochophyceae__p>>>
Eukaryota;Dictyochophyceae__p;Dictyochophyceae;Pedinellales;Apedinella__f;Apedinella;Apedinella radians	Apedinella radians	0.00106696826302902	0	0	0.000797877645463068	0	0	0.000468537693857471	0	0.000510683498794787	0	0.000899280575539568	0	0	0	0	0	0	0	0	0	0.00190761060326278	0	0	0	0	0	0	0	0	0
	<<<Echinodermata>>>
Eukaryota;Echinodermata;Asteroidea;Forcipulatida;Asteriidae;NA;NA	Asteriidae	0	0	0	0	0	0	0	0.0598775836068482	0.045450831392736	0.0697771575363774	0.0143884892086331	0	0	0	0	0	0	0	0	0	0	0	0.343881047589485	0.269131561130912	0	0	0	0	0	0
Eukaryota;Echinodermata;Asteroidea;Forcipulatida;NA;NA;NA	Forcipulatida	0	0	0	0	0.484962627273262	0	0	0	0	0	0	0	0	0	0	0	0	0	0	0	0	0	0.0882526582309298	0	0	0	0	0	0	0
Eukaryota;Echinodermata;Asteroidea;NA;NA;NA;NA	Asteroidea	0	0	0	0	0.154199281972809	0	0	0	0	0	0	0	0	0	0	0	0	0	0	0	0	0	0	0	0	0	0	0	0	0
Eukaryota;Echinodermata;Asteroidea;Paxillosida;Luidiidae;Luidia;Luidia foliolata	Luidia foliolata	0	0	0.161228449593871	0	0	0	0	0	0	0	0	0	0	0	0	0.563312635081821	0	0	0	0	0	0	0	0	0	0	0	0	0	0
Eukaryota;Echinodermata;Asteroidea;Spinulosida;Echinasteridae;Henricia;NA	Henricia	0	0	0	0	0.270143016891295	0	0.00702806540786206	0	0	0	0	0	0	0	0	0	0	0	0	0	0	0	0	0	0	0	0	0	0	0
Eukaryota;Echinodermata;Asteroidea;Valvatida;Poraniidae;Dermasterias;Dermasterias imbricata	Dermasterias imbricata	0	0	0.220716187892299	0	0	0	0	0	0	0	0	0	0	0	0.506950224998279	0	0	0	0	0	0	0	0	0	0	0	0	0	0	0
Eukaryota;Echinodermata;Asteroidea;Velatida;NA;NA;NA	Velatida	0	0.0671140939597315	0	0.0394949434504219	0	0	0	0	0	0	0	0	0	0	0	0	0	0	0	0	0	0	0	0	0	0	0	0	0	0
Eukaryota;Echinodermata;Crinoidea;Comatulida;Antedonidae;NA;NA	Antedonidae	0	0	0	0	0	0	0	0	0	0	0	0	0	0	0	0	0	0	0	0	0	0.0660352050186756	0	0	0	0	0	0	0	0
Eukaryota;Echinodermata;Crinoidea;Comatulida;NA;NA;NA	Comatulida	0	0	0	0	0	0	0	0	0	0	0	0	0	0	0	0	0	0.00805879698278641	0	0	0	0	0	0	0	0	0	0	0	0
Eukaryota;Echinodermata;Echinoidea;NA;NA;NA;NA	Echinoidea	0.580964219219299	0.648769574944072	0.59932506435239	1.0488101649612	1.77446883644282	0.850305315010418	0.255821580846179	0.242836866849996	0.236957143440781	0.340885858792366	0.129046762589928	0.314119170984456	96.5053388071234	96.4537161041676	0.0125172895061303	0.017839376994065	0.00553538216278452	0.0145058345690155	0.421818322703124	0.00891404630847057	0.96143574404444	0.00536536040776739	0.0267801169804201	0.0218214779295334	0.0875772935962421	0.102137317949688	0.064680336337749	0.169771800242531	0.139965008747813	0.301821947082021
Eukaryota;Echinodermata;Echinoidea;Spatangoida;NA;NA;NA	Spatangoida	0	0	0	0	0.157142016361603	0	0	0	0	0	0	0	0.413327003099953	0.43410175781824	0	0	8.83889823753432	5.13345367803494	0	0	0	0	0	0	0	0.514469453376206	0.586323048879854	0	0	4.46564296887048
Eukaryota;Echinodermata;Echinoidea;Spatangoida;Spatangidae;Spatangus;Spatangus raschi	Spatangus raschi	0	0	0	0.0375002493367642	0	0	0	0	0.0178739224578175	0	0	0	0	0	0	0	0	0	0	0	0	0	0	0	0	0	0	0	0	0
Eukaryota;Echinodermata;Holothuroidea;Aspidochirotida;Stichopodidae;NA;NA	Stichopodidae	0.0106696826302902	0.0671140939597315	0.0100072830782403	0.121277402110386	0.355482314166323	0	0	0	0	0	0	0	0	0	0	0	0	0	0	0	0	0	0	0	0	0	0	0	0	0
Eukaryota;Echinodermata;Holothuroidea;Dendrochirotida;Cucumariidae;Cucumaria;NA	Cucumaria	0	0	0	0	0	0	0.0126505177341517	0.00997959726780804	0.00561751848674266	0	0.0161870503597122	0	0	0	0	0	0	0	0	0	0	0	0	0	0	0	0	0	0	0
Eukaryota;Echinodermata;Holothuroidea;Dendrochirotida;Cucumariidae;Pseudocnus;NA	Pseudocnus	0	0	0	0	0	0	0	0	0	0	0	0	0	0	0	0	0	0	0	0	0.00724892029239855	0	0	0	0	0	0	0	0	0
Eukaryota;Echinodermata;Holothuroidea;Dendrochirotida;NA;NA;NA	Dendrochirotida	0	0	0.0394731721419477	0	0	0.171024581772634	0.024832497774446	0.0151542032585233	0.0245128079421498	0.0182220602483533	0	0.0113341968911917	0	0	0	0	0	0	0	0	0	0	0	0	0.607733340410286	0.211840363154908	0	0	0	0
Eukaryota;Echinodermata;Holothuroidea;Dendrochirotida;Psolidae;Psolidium;NA	Psolidium	0	0	0	0	0	0	0	0.0073922942724504	0.00612820198553744	0.0151109767913174	0.00179856115107914	0	0	0	0	0	0	0	0	0	0	0	0	0	0	0	0	0	0	0
Eukaryota;Echinodermata;Holothuroidea;Dendrochirotida;Sclerodactylidae;NA;NA	Sclerodactylidae	0	0	0	0	0	0	0.0215527339174437	0.00776190898607292	0.00459615148915308	0.0262219891378743	0	0	0	0	0	0	0	0	0	0	0	0	0	0	0	0	0.0285601485127723	0	0	0
Eukaryota;Echinodermata;Holothuroidea;Molpadida;NA;NA;NA	Molpadida	0	0.251677852348993	0	0.0674206610416293	0.213642516626449	0.0584133254645967	0.0215527339174437	0.0325260947987817	0	0.0395552039537426	0.0193345323741007	0.0153821243523316	0.000465458336824271	0	0	0	0	0	0.144319012819209	0	0	0	0	0	0	0	0	0	0	0
Eukaryota;Echinodermata;Holothuroidea;NA;NA;NA;NA	Holothuroidea	0	0	0	0	0	0	0	0	0	0	0	0	0	0	0	0	0	0	0	0	0	0.00866712065870117	0	0	0	0	0	0	0	0
Eukaryota;Echinodermata;Ophiuroidea;Amphilepidida;Amphiuridae;NA;NA	Amphiuridae	0	0	0	0	0	0	0	0	0	0	0	0.00647668393782383	0	0	0	0	0	0	0	0	0	0	0	0	0	0	0	0	0	0
Eukaryota;Echinodermata;Ophiuroidea;Amphilepidida;Ophiactidae;Ophiopholis;Ophiopholis mirabilis	Ophiopholis mirabilis	0	0.218120805369128	0.00667152205216018	0.0139628587956037	0.0912247660526161	0.15777619867757	0.0032797638570023	0	0	0.00222220246931138	0	0	0	0	0	0	0	0	0	0	0	0	0	0	0	0	0	0	0	0
Eukaryota;Echinodermata;Ophiuroidea;Amphilepidida;Ophiactidae;Ophiopholis;Ophiopholis sp_ EAC01	Ophiopholis sp_ EAC01	0	0	0	0	0	0	0	0	0	0	0	0	0	0	0	0	0	0	0	0	0.0366261235826453	0	0	0	0	0	0	0	0	0
Eukaryota;Echinodermata;Ophiuroidea;Amphilepidida;Ophiocomidae;Breviturma;Breviturma doederleini	Breviturma doederleini	0	0	0	0	0	0.100567271676161	0	0	0	0	0	0	0	0	0	0	0	0	0	0	0	0	0	0	0	0	0	0	0	0
Eukaryota;Echinodermata;Ophiuroidea;Amphilepidida;Ophiuridae;Ophiura;Ophiura sarsii	Ophiura sarsii	0	0	0	0	0.00529692189982932	0.0734683062544412	0	0	0	0	0	0	0	0	0	0	0	0	0	0	0	0	0	0	0	0	0	0	0	0
Eukaryota;Echinodermata;Ophiuroidea;NA;NA;NA;NA	Ophiuroidea	0	0	0	0.230985578361558	0	0.239675294174325	0.0730918802417654	0.0236553416718413	0.0653674878457327	0.125776659763024	0.0215827338129496	0.00809585492227979	0.469647461855689	0.471046588270856	0.229692262437492	0.104977872311229	0	0	0	0	0	0	0	0	0	0	0	0	0	0
	<<<Entoprocta>>>
Eukaryota;Entoprocta;Loxosomatidae__o__c;Loxosomatidae__o;Loxosomatidae;Loxosomella;NA	Loxosomella	0	0	0	0	0	0.0800924978019728	0	0	0	0	0	0	0	0	0	0	0	0	0	0	0	0	0	0	0	0	0	0	0	0
	<<<Hemichordata>>>
Eukaryota;Hemichordata;Enteropneusta;Harrimaniidae__o;Harrimaniidae;Saccoglossus;NA	Saccoglossus	0.207525327159144	1.01230425055928	0.528162162462681	1.23631141164502	0.845153316461656	1.19837647087162	0.680785269174905	0.745512877376623	1.13269600032684	0.852881307721709	0.758992805755396	1.11763277202073	0	0	0	0	0	0	0	0	0	0	0	0	0	0	0	0	0	0
Eukaryota;Hemichordata;Enteropneusta;Harrimaniidae__o;NA;NA;NA	Harrimaniidae__o	0	0	0.011119203420267	0	0	0	0	0	0	0	0	0	0	0	0	0	0	0	0	0	0	0	0	0	0	0	0	0	0	0
	<<<Mollusca>>>
Eukaryota;Mollusca;Bivalvia;Adapedonta;NA;NA;NA	Adapedonta	0	0	0	0	0	0	0	0.0018480735681126	0	0	0	0	0	0	0	0	0	0	0	0	0	0.0243504818506366	0.00365183413369365	0	0	0	0	0	0	0
Eukaryota;Mollusca;Bivalvia;Adapedonta;Pharidae;Siliqua;Siliqua alta	Siliqua alta	0	0.00559284116331096	0.0177907254724272	0.00558514351824148	0	0	0	0	0	0	0	0	0.0409603336405358	0.0369448304526162	0	0	0	0	0	0.0133710694627059	0.00152608848261022	0	0.0073036682673873	0.255702959328122	0	0	0	0	0	0
Eukaryota;Mollusca;Bivalvia;Cardiida;NA;NA;NA	Cardiida	0	0	0	0	0	0.0325187585060642	0	0	0	0	0	0	0	0	0	0	0	0	0	0	0	0	0	0	0	0	0	0	0	0
Eukaryota;Mollusca;Bivalvia;Cardiida;Psammobiidae;NA;NA	Psammobiidae	0	0	0	0	0	0	0	0	0	0	0	0	0	0	0	0	0.0719599681161987	0	0	0	0	0	0	0	0	0	0.0495602577133401	0	0	0
Eukaryota;Mollusca;Bivalvia;Cardiida;Psammobiidae;Nuttallia;NA	Nuttallia	0	0	0	0	0	0	0	0	0	0	0	0	0.0139637501047281	0.00797672475681485	0.00500691580245214	0	0	0	0	0	0	0	0	0	0	0	0	0	0	0
Eukaryota;Mollusca;Bivalvia;Cardiida;Semelidae;NA;NA	Semelidae	0	0	0	0	0.00941675004414102	0	0	0	0	0	0	0	0	0	0	0	0	0.441622074656695	0	0	0	0	0	0	0	0	0	0	0	0
Eukaryota;Mollusca;Bivalvia;Cardiida;Solecurtidae;Sinonovacula;NA	Sinonovacula	0	0.0279642058165548	0.0889536273621358	0.00957453174555682	0	0.0626287200857532	0.210373424542004	0.207723469055856	1.48404624749765	1.46220922480689	0.183453237410072	0.14815414507772	0.0418912503141844	0.0369448304526162	0	0	0	0	0	0	0	0	0	0	0	0	0	0	0	0
Eukaryota;Mollusca;Bivalvia;Cardiida;Tellinidae;Macoma;Macoma balthica	Macoma balthica	0	0	0	0	0	0	0	0	0	0	0	0	0	0	0	0	0.0874590381719954	0.0596350976726194	0	0	0	0	0	0	0	0	0	0	0	0
Eukaryota;Mollusca;Bivalvia;Cardiida;Tellinidae;Macoma;Macoma nasuta	Macoma nasuta	0	0	0.0100072830782403	0	0.0276617032546642	0	0	0	0	0	0	0	0	0	0	0.0500874815602594	0	0	0	0	0	0	0	0	0	0	0	0	0	0
Eukaryota;Mollusca;Bivalvia;Cardiida;Tellinidae;Macoma;NA	Macoma	0.0522814448884218	0.0223713646532438	0	0	0	0	0.023895422386731	0.0129365149767882	0.00868161947951138	0.0164442982729042	0.00314748201438849	0.00485751295336788	0.353282877649622	0.396737099746844	0	0	0	0	0	0.00297134876949019	0	0	0	0	0	0	0	0	0	0
Eukaryota;Mollusca;Bivalvia;Cardiida;Tellinidae;Moerella;NA	Moerella	0	0	0	0	0	0	0.00749660310171953	0	0	0.00266664296317366	0	0.00364313471502591	0.0200147084834436	0.0205715533202067	0.035048410617165	0	0	0	0	0	0	0	0	0	0	0	0	0	0	0
Eukaryota;Mollusca;Bivalvia;Cardiida;Tellinidae;NA;NA	Tellinidae	0.272076907072399	0.0111856823266219	0	0.0151596752637983	0.0364899064210464	0	0	0	0	0	0	0	0	0	0	0.0569487804041305	0.378620139934461	0.394881052156534	0	0	0	0.0251759219133701	0	0	0	0	0	0	0.13163375822711	0
Eukaryota;Mollusca;Bivalvia;Galeommatida;NA;NA;NA	Galeommatida	0	0	0.0333576102608009	0	0.153022188217291	0.0505847354538776	0	0	0	0	0	0	0	0	0	0	0	0	0	0	0	0	0	0	0	0	0	0	0	0
Eukaryota;Mollusca;Bivalvia;Lucinida;Thyasiridae;NA;NA	Thyasiridae	0	0.0503355704697987	0	0.0490694751959787	0	0.0361319538956268	0	0	0	0	0	0	0	0	0	0	0.0786024267115402	0	0	0.11959678797198	0	0	0	0	0	0	0	0	0	0
Eukaryota;Mollusca;Bivalvia;Myida;Myidae;Mya;NA	Mya	0	0	0	0	0	0	0	0	0	0	0	0	0	0.000419827618779729	0.155214389876016	0.170846341212392	0	0	0	0	0	0	0	0	0	0	0	0	0	0
Eukaryota;Mollusca;Bivalvia;Mytilida;Mytilidae;Mytilus;Mytilus californianus	Mytilus californianus	0.133371032878627	0.0838926174496644	0.0822821053099756	0.175134143179143	0	0.0325187585060642	0	0	0.00817093598071659	0	0	0	0	0	0	0	0	0	0	0	0	0	0	0	0	0	0	0	0	0
Eukaryota;Mollusca;Bivalvia;Mytilida;Mytilidae;Mytilus;Mytilus coruscus	Mytilus coruscus	0	0	0	0	0	0	0	0.0151542032585233	0	0	0	0	0	0	0	0	0	0	0	0	0	0	0	0	0	0	0	0	0	0
Eukaryota;Mollusca;Bivalvia;Mytilida;Mytilidae;Mytilus;NA	Mytilus	3.17423058251132	1.43736017897092	2.55852870700343	3.24536732292103	6.60173032782061	8.77163400739501	36.8701682050321	36.3153848428398	83.5156473424031	79.7770686482787	72.761690647482	68.671875	0.749387922287076	0.760727645228869	0.329830578486535	0.198977666472263	0	0	0	0	0	0	0	0	0	0	0	0	0	0.718204049260867
Eukaryota;Mollusca;Bivalvia;Mytilida;Mytilidae;NA;NA	Mytilidae	0	0	0.190138378486565	0.0622344563461193	0	0.0264967661901263	0.00234268846928735	0.0291995623761791	0	0	0.00944244604316547	0.0510038860103627	0	0	0	0	0	0	0	0	0	0	0	0	0	0	0	0	0	0
Eukaryota;Mollusca;Bivalvia;Pectinida;Pectinidae;Chlamys;Chlamys hastata	Chlamys hastata	0	0	0.0811701849679489	0.113697564478487	0.234241657348008	0	0	0	0	0	0.0256294964028777	0	0	0	0	0	0	0	0	0	0	0	0	0	0	0	0	0	0	0
Eukaryota;Mollusca;Bivalvia;Pectinida;Pectinidae;Crassadoma;Crassadoma gigantea	Crassadoma gigantea	0.101895469119271	0	0	0	0	0.312541401197172	0	0	0.0388119459084038	0.0239997866685629	0.0143884892086331	0	0	0	0	0	0	0	0	0	0	0	0	0	0	0	0	0	0	0
Eukaryota;Mollusca;Bivalvia;Pectinida;Pectinidae;Cyclopecten;Cyclopecten sp_ DJC_2016	Cyclopecten sp_ DJC_2016	0	0	0	0	0.0394326408098405	0.0481759385275024	0	0	0	0	0	0	0	0	0	0	0	0	0	0	0	0	0	0	0	0	0	0	0	0
Eukaryota;Mollusca;Bivalvia;Pectinida;Pectinidae;Patinopecten;Patinopecten caurinus	Patinopecten caurinus	0	0	0.035025490773841	0.112500748010293	0	0	0	0	0	0	0	0	0	0	0	0	0	0	0	0	0	0	0	0	0	0	0	0	0	0
Eukaryota;Mollusca;Bivalvia;Periplomatidae__o;Periplomatidae;Cochlodesma;NA	Cochlodesma	0.0922927547520099	0	0.00222384068405339	0	0.0276617032546642	0.0295077623480952	0	0	0	0	0	0	0	0	0	0	0	0	0	0	0	0	0	0	0	0	0	0	0	0
Eukaryota;Mollusca;Bivalvia;Venerida;Mactridae;Tresus;NA	Tresus	0	0	0	0	0.0141251250662115	0.0126461838634694	0	0	0	0	0	0.00485751295336788	0.000465458336824271	0	0	0	0	0	0	0	0	0	0	0	0	0	0	0	0	0
Eukaryota;Mollusca;Bivalvia;Venerida;NA;NA;NA	Venerida	0	0	0	0	0	0	0	0.0055442207043378	0	0	0	0	0	0	0	0	0	0	0	0	0	0	0	0	0	0	0	0	0	0
Eukaryota;Mollusca;Bivalvia;Venerida;Veneridae;NA;NA	Veneridae	0	0	0.0333576102608009	0	0	0	0	0	0	0	0	0	0	0	0	0	0	0	0	0	0	0	0	0	0	0	0	0	0	0
Eukaryota;Mollusca;Cephalopoda;NA;NA;NA;NA	Cephalopoda	0	0	0	0	0	0	0	0.0158934326857684	0	0.0462218113616768	0.0211330935251799	0.00485751295336788	0	0	0	0	0	0	0	0	0	0	0	0	0	0	0	0	0	0
Eukaryota;Mollusca;Cephalopoda;Octopoda;Octopodidae;Enteroctopus;NA	Enteroctopus	0	0	0	0.120479524464923	0	0	0.00187415077542988	0	0.00306410099276872	0.00133332148158683	0	0	0	0	0	0	0	0	0	0	0	0	0.0791230728966957	0	0	0	0	0	0	0
Eukaryota;Mollusca;Cephalopoda;Octopoda;Octopodidae;NA;NA	Octopodidae	0	0	0	0	0	0	0	0	0	0	0	0	0	0	0	0	0	0	0	0	0	0	0	0.0229405280797659	0	0	0	0	0	0
Eukaryota;Mollusca;Gastropoda;Littorinimorpha;Rissoidae;Alvania;NA	Alvania	0	0	0.00555960171013349	0	0	0	0	0	0.0040854679903583	0.00666660740793415	0.000899280575539568	0	0	0	0	0	0	0	0	0	0	0	0	0	0	0	0	0	0	0
Eukaryota;Mollusca;Gastropoda;NA;NA;NA;NA	Gastropoda	0	0	0	0	0	0	0	0	0	0	0.0112410071942446	0	0	0	0	0	0	0	0	0	0	0	0	0	0	0	0	0	0	0
Eukaryota;Mollusca;Gastropoda;Neogastropoda;Columbellidae;NA;NA	Columbellidae	0	0	0	0	0.00294273438879407	0.00421539462115646	0	0	0	0.000444440493862277	0	0	0	0	0	0	0	0	0.00484291989326205	0.00445702315423529	0	0.00825440062733445	0.0024345560891291	0	0	0	0	0	0	0
Eukaryota;Mollusca;Gastropoda;Neogastropoda;NA;NA;NA	Neogastropoda	0.00160045239454352	0	0	0	0	0	0	0	0	0	0	0	0	0	0	0	0	0	0	0	0	0	0	0	0	0	0	0	0	0
Eukaryota;Mollusca;Gastropoda;Neogastropoda;Nassariidae;NA;NA	Nassariidae	0	0	0.00222384068405339	0	0	0	0	0	0	0	0.00224820143884892	0.00283354922279793	0	0	0	0	0	0	0	0	0	0	0	0	0	0	0	0	0	0
Eukaryota;Mollusca;Gastropoda;Trochida;Colloniidae;NA;NA	Colloniidae	0	0	0	0	0	0	0	0	0	0	0	0	0	0	0	0	0	0	0	0	0	0	0.171636204283601	0	0	0	0	0	0	0
Eukaryota;Mollusca;Gastropoda;Trochida;Margaritidae;Margarites;NA	Margarites	0	0.178970917225951	0	0	0	0	0	0	0	0	0	0	0	0	0	0	0	0	0	0	0	0	0	0	0	0	0	0	0	0
Eukaryota;Mollusca;Gastropoda;Trochida;NA;NA;NA	Trochida	0	0	0.00667152205216018	0	0	0.0264967661901263	0	0	0	0	0	0	0	0	0	0	0	0	0	0	0	0	0	0	0	0	0	0	0	0
Eukaryota;Mollusca;NA;NA;NA;NA;NA	Mollusca	0	0	0	0	0	0	0	0	0	0	0	0	0	0	0	0	0	0	0	0	0	0.00123816009410017	0.00182591706684682	0	0	0	0	0	0	0
Eukaryota;Mollusca;Polyplacophora;Chitonida;Mopaliidae;Mopalia;Mopalia vespertina	Mopalia vespertina	0	0	0	0	0	0	0	0	0	0	0	0.0105246113989637	0	0	0	0	0	0	0	0	0	0	0	0	0	0	0	0	0	0
Eukaryota;Mollusca;Polyplacophora;Chitonida;Mopaliidae;Mopalia;NA	Mopalia	0	0	0	0.106915604492051	0	0	0	0	0	0	0	0	0	0	0	0	0	0	0	0	0	0	0	0	0	0	0	0	0	0
	<<<Unknown Eukaryote>>>
Eukaryota;NA;NA;NA;NA;NA;NA	Eukaryota	53.3425448260041	50.8780760626398	64.1038755983521	57.0813635728961	20.6621152374787	22.1747823049778	1.78372300051539	1.43632277713711	2.86442374473996	1.94131607719043	4.03192446043165	6.14758743523316	0.742871505571536	0.724202642395033	76.8699265860971	41.4168582112594	0	0.294951969569983	56.1720592579678	58.3253478335153	23.2640743510309	19.6487752533069	11.6164843792795	12.6626119749557	2.47604893713012	0	31.4044033028972	0	12.641839540115	33.4229252494988
	<<<Nemertea>>>
Eukaryota;Nemertea;Enopla;Monostilifera;Amphiporidae;Gurjanovella;Gurjanovella littoralis	Gurjanovella littoralis	0	0	0	0.0359044940458381	0	0	0	0	0	0	0	0	0	0	0	0	0	0	0	0	0	0	0	0	0	0	0	0	0	0
Eukaryota;Nemertea;Enopla;Monostilifera;Carcinonemertidae;Carcinonemertes;NA	Carcinonemertes	0	0	0	0	0	0	0	0	0	0	0	0	0.0190837918097951	0.0142741390385108	0	0.096058183814196	0	0	0	0	0.0812642116989943	0	0	0	0	0	0	0	0	0
Eukaryota;Nemertea;Enopla;Monostilifera;Cratenemertidae;Nipponnemertes;Nipponnemertes arenaria	Nipponnemertes arenaria	0	0	0.025574167866614	0	0	0	0	0	0	0	0	0	0	0	0	0	0	0	0	0	0	0	0	0	0	0	0	0	0	0
Eukaryota;Nemertea;Enopla;Monostilifera;Emplectonematidae;Paranemertes;Paranemertes californica	Paranemertes californica	0	0	0	0	0	0	0	0	0	0	0.00449640287769784	0	0	0	0	0	0	0	0	0	0	0	0	0	0	0	0	0	0	0
Eukaryota;Nemertea;Enopla;Monostilifera;NA;NA;NA	Monostilifera	0	0.0615212527964206	0.0639354196665351	0	0.0570890471426049	0.373363523588144	0.00702806540786206	0.0125669002631657	0.00612820198553744	0.000888880987724554	0.00449640287769784	0.00485751295336788	0	0	0	0	0	0	0	0.0274849761177843	0.00381522120652555	0	0	0	0	0	0	0	0	0
Eukaryota;Nemertea;Enopla;Monostilifera;Oerstediidae;Oerstedia;Oerstedia sp_ Simushir 22	Oerstedia sp_ Simushir 22	0	0	0	0	0	0	0	0	0	0	0	0	0	0	0	0.133795327455487	0	0	0	0	0	0	0	0	0	0	0	0	0	0
Eukaryota;Nemertea;Enopla;Monostilifera;Prosorhochmidae;NA;NA	Prosorhochmidae	0	0	0	0	0	0	0	0	0	0	0	0	0	0	0.0819882462651537	0	0.240235585864848	0	0	0	0	0	0	0	0	0	0	0	0	0
Eukaryota;Nemertea;Palaeonemertea;Archinemertea;Cephalotrichidae;Cephalothrix;Cephalothrix major	Cephalothrix major	0	0	0	0	0	0	0	0	0.0102136699758957	0	0	0	0	0	0	0	0	0	0	0.311248783604097	0	0	0	0	0	0	0	0	0	0
Eukaryota;Nemertea;Palaeonemertea;Archinemertea;Cephalotrichidae;Cephalothrix;Cephalothrix sp_ 4 TCH_2015	Cephalothrix sp_ 4 TCH_2015	0	0	0	0	0	0	0	0	0	0	0	0	0	0	0	0.0212700264160006	0	0	0	0	0	0	0	0	0	0	0	0	0	0
Eukaryota;Nemertea;Palaeonemertea;Archinemertea;Cephalotrichidae;Cephalothrix;NA	Cephalothrix	0.725004934728217	0.128635346756152	0	0	0	0	0.258632807009324	0.214376533901062	0.160865302120358	0.275108665700749	0.0948741007194245	0.0870304404145078	0	0	0.657157699071843	0.334831383580912	0	0	0	0	0.777160559769255	0	0.504561749472006	0	0	0	0	0	0	0
Eukaryota;Nemertea;Palaeonemertea;Carinomiformes;Carinomidae;Carinoma;Carinoma hamanako	Carinoma hamanako	0	0	0.160116529251844	0	0	0	0.101204141873214	0.00887075312694048	0.0255341749397393	0.0342219180273953	0.0899280575539568	0.0457415803108808	0	0	0	0	0	0	0	0	0	0	0	0	0	0	0	0	0	0
Eukaryota;Nemertea;Palaeonemertea;Carinomiformes;Carinomidae;Carinoma;Carinoma mutabilis	Carinoma mutabilis	0.277411748387544	0	0.00833940256520023	0	0	0.983993544424237	0.100735604179356	0.103122505100683	0.402418597050292	0.287108559035031	0.482464028776978	0.573591321243523	0.14708483443647	0.141062079909989	0	0	0	0	0	0	0	0	0	0	0	0	0	0	0	0
Eukaryota;Nemertea;Palaeonemertea;Tubulaniformes;NA;NA;NA	Tubulaniformes	0	0	0.141769843608404	0	0	0	0	0	0	0	0	0	0	0	0	0	0.673102470994598	0	0	0	0	0	0	0	0	0	0	0	0	0
Eukaryota;Nemertea;Palaeonemertea;Tubulaniformes;Tubulanidae;Carinina;Carinina sp_ chocolate	Carinina sp_ chocolate	0	0	0	0.023138451718429	0	0.0535957316118465	0	0.00221768828173512	0.0107243534746905	0.0213331437053893	0.00764388489208633	0.000809585492227979	0	0.000839655237559458	0	0	0	0	0.108965697598396	0	0.204114334549117	0.299222022740874	0.086426741164083	0.0565120325867404	0	0	0	0	0	0
Eukaryota;Nemertea;Palaeonemertea;Tubulaniformes;Tubulanidae;Tubulanus;NA	Tubulanus	0	0	0	0.165559611433587	0	0	0	0	0	0	0	0	0	0	0	0	0	0	0	0	0	0	0	0	0	0	0	0	0	0
Eukaryota;Nemertea;Palaeonemertea;Tubulaniformes;Tubulanidae;Tubulanus;Tubulanus sexlineatus	Tubulanus sexlineatus	0	0	0	0	0	0	0.00140561308157241	0	0	0	0	0	0	0	0	0	0	0	0	0	0	0	0	0	0	0	0	0	0	0
Eukaryota;Nemertea;Palaeonemertea;Tubulaniformes;Tubulanidae;Tubulanus;Tubulanus sp_ 3 TCH_2015	Tubulanus sp_ 3 TCH_2015	0	0	0.049480455220188	0	0.0665057971867459	0.0939430801286298	0	0	0	0	0	0	0	0	0	0	0	0	0	0	0	0	0	0	0	0	0	0	0	0
Eukaryota;Nemertea;Pilidiophora;Heteronemertea;Lineidae;Cerebratulus;Cerebratulus albifrons	Cerebratulus albifrons	0	0	0	0	0	0	0	0	0	0	0.00179856115107914	0	0	0	0	0	0	0	0	0	0	0	0	0	0	0	0	0	0	0
Eukaryota;Nemertea;Pilidiophora;Heteronemertea;Lineidae;Cerebratulus;NA	Cerebratulus	0.00320090478908705	0	0	0	0.0276617032546642	0.136699225571788	0	0.00110884414086756	0	0.00311108345703594	0	0.00161917098445596	0.0502695003770212	0.0520586247286864	0.0294156303394063	0	0	0	0.0372904831781177	0	0.0320478581348147	0.0441610433562393	0.0188678096907505	0	0	0	0	0	0	0
Eukaryota;Nemertea;Pilidiophora;Heteronemertea;Lineidae;Evelineus;NA	Evelineus	0	0	0	0	0	0	0	0	0	0.00133332148158683	0	0	0	0	0	0	0	0	0	0	0	0	0	0	0	0	0	0	0	0
Eukaryota;Nemertea;Pilidiophora;Heteronemertea;Lineidae;Lineus;Lineus flavescens	Lineus flavescens	0	0	0	0	0	0	0	0	0	0	0.000449640287769784	0	0	0	0	0	0	0	0	0.0178280926169411	0	0	0.0109555024010809	0.0307738791313933	0	0	0	0	0	0
Eukaryota;Nemertea;Pilidiophora;Heteronemertea;Lineidae;Lineus;Lineus sp_ 1 TCH_2015	Lineus sp_ 1 TCH_2015	0	0	0.0116751635912803	0	0	0	0	0	0	0	0	0.000809585492227979	0	0	0	0	0	0	0	0	0	0	0	0	0	0	0	0	0	0
Eukaryota;Nemertea;Pilidiophora;Heteronemertea;Lineidae;Maculaura;Maculaura alaskensis	Maculaura alaskensis	0	0	0	0	0.0741569065976105	0	0	0.00221768828173512	0	0	0	0	0	0	0	0	0	0	0.0605364986657756	0.105482881316902	0.463549376592855	0.323159784560144	0.129640111746124	0.117500265774411	0	0	0	0	0	0
Eukaryota;Nemertea;Pilidiophora;Heteronemertea;Lineidae;Maculaura;Maculaura magna	Maculaura magna	0	0	0	0	0	0	0	0	0.0102136699758957	0.00666660740793415	0	0	0	0	0	0	0	0	0	0	0.0671478932348498	0	0	0	0	0	0	0	0	0
Eukaryota;Nemertea;Pilidiophora;Heteronemertea;Lineidae;Maculaura;NA	Maculaura	0	0	0	0	0	0	0	0	0	0	0	0	0	0	0	0	0	0	0.230522986919273	0.318677155527823	0.072107680803333	0	0.0663416534287679	0.471120113247875	0	0	0	0	0	0
Eukaryota;Nemertea;Pilidiophora;Heteronemertea;Lineidae;Micrura;Micrura purpurea	Micrura purpurea	0	0	0	0	0	0	0	0	0	0	0	0	0	0	0	0	0	0	0	0	0	0	0	0	0	0	0	0	1.02807631425477	0
Eukaryota;Nemertea;Pilidiophora;Heteronemertea;Lineidae;Micrura;Micrura wilsoni	Micrura wilsoni	0	0	0.292435049953021	0.168751122015439	0	0	0	0	0	0	0	0	0	0	0	0	0	0	0	0	0	0	0	0	0	0	0	0	0	0
Eukaryota;Nemertea;Pilidiophora;Heteronemertea;Riseriellidae;Riserius;Riserius sp_ no eyes	Riserius sp_ no eyes	0	0	0	0	0	0	0	0	0	0	7.24370503597122	7.33605893782384	0	0	0	0	0	0	0	0	0	0	0	0	0	0	0	0.498291257854702	0	0
Eukaryota;Nemertea;Pilidiophora;NA;NA;NA;NA	Pilidiophora	0	0	0.00222384068405339	0	0	0	0	0	0	0	0	0	0	0	0	0	0	0	0	0	0	0	0	0	0	0	0	0	0	0
	<<<Phoronida>>>
Eukaryota;Phoronida;Phoronidae__o__c;Phoronidae__o;NA;NA;NA	Phoronidae__o	0	0	0	0	0	0	0	0	0	0	0.00449640287769784	0	0	0	0	0	0	0	0	0	0	0.0260013619761035	0	0	0	0	0	0	0	0
	<<<Picozoa>>>
Eukaryota;Picozoa;NA;NA;NA;NA;NA	Picozoa	3.15289121725074	3.07606263982103	1.83744836519912	2.22887120260108	2.83326466953093	3.48071155861205	0.189289228318418	0.213637304473817	0.270151570862442	0.239108985697905	0.241007194244604	0.23639896373057	0.00418912503141844	0.00629741428169594	0.887475825984641	1.13623108854506	2.72230094765743	2.09206369673135	0.87027270481919	0.767350819720842	0.690173516260473	0.716069254421263	1.50759885819319	1.40720556391735	2.16023990870731	2.65935313031965	1.80768939998488	4.42288612060412	3.744063984004	3.84878059527219
	<<<Porifera>>>
Eukaryota;Porifera;Calcarea;Clathrinida;NA;NA;NA	Clathrinida	0.36330269356138	0.34675615212528	0	0.123671035046776	0.215996704137485	0.320972190439485	0	0	0	0	0	0	0	0	0	0	0	0	0	0	0	0	0	0	0	0	0	0	0	0
Eukaryota;Porifera;Demospongiae;Agelasida;NA;NA;NA	Agelasida	0	0	0	0	0	0	0	0	0	0	0	0	0	0	0	0	0	0	0	0	0	0	0	0	0	0	0	0	0	0.0110153995285409
Eukaryota;Porifera;Demospongiae;Axinellida;Axinellidae;Acanthella;Acanthella acuta	Acanthella acuta	0	0	0	0	0	0	0	0	0	0	0	0	0	0	0	0	0	0	0	0	0.0198391502739329	0	0	0	0	0	0	0	0	0
Eukaryota;Porifera;Demospongiae;Axinellida;NA;NA;NA	Axinellida	1.13205332707379	1.09619686800895	0.843947539598263	0.971814972174017	0.902242363604261	1.17007310698672	0.0351403270393103	0.0421360773529673	0.0388119459084038	0.0475551328432636	0.035521582733813	0.0469559585492228	0.000465458336824271	0.000839655237559458	0.184630020215423	0.301211019245943	0.431759808697192	0.422280961898008	0.260064798268172	0.139653392166039	0.127809910418606	0.17127881301719	0.25684566740312	0.193036150915103	0.993869589448263	1.24834499716285	0.73668383075592	1.6381876309117	2.09114388069649	2.0995351501399
Eukaryota;Porifera;Demospongiae;Clionaida;Clionaidae;Cliona;Cliona patera	Cliona patera	0	0	0	0	0	0	0	0	0.0040854679903583	0	0	0	0	0	0	0	0	0	0	0	0	0	0	0	0	0	0	0	0	0
Eukaryota;Porifera;Demospongiae;Dendroceratida;Dictyodendrillidae;NA;NA	Dictyodendrillidae	0	0	0	0.00199469411365767	0	0	0	0	0	0	0	0	0	0	0	0	0.0166061464883536	0.00322351879311456	0.00193716795730482	0	0.00152608848261022	0	0	0.00223810030046497	0.00398078607255646	0.017022886324948	0	0.01322897144747	0.00666500041656253	0.00660923971712454
Eukaryota;Porifera;Demospongiae;Dendroceratida;NA;NA;NA	Dendroceratida	0.343563780695343	0.274049217002237	0.290767169439981	0.338300121676341	0.288387970101819	0.3679437305038	0.0370144778147402	0.0524852893343978	0.0592392858601953	0.070666038524102	0.0526079136690647	0.0518134715025907	0	0	0.0901244844441385	0.054204260866582	0.0265698343813657	0.0241763909483592	0.19904400761307	0.101025858162666	0.109115326506631	0.0974019274025465	0.206937267575973	0.210381428243707	0.644887343754147	0.826555702666919	0.673683503154216	1.38904200198435	1.83787386486712	1.51792205503294
Eukaryota;Porifera;Demospongiae;Haplosclerida;Callyspongiidae;Callyspongia;NA	Callyspongia	0	0	0	0	0	0	0.0145246685095816	0.00073922942724504	0.00919230297830616	0.0257775486440121	0.00494604316546763	0.00202396373056995	0	0	0	0	0.0409618280046054	0	0	0	0	0	0	0	0	0	0	0	0	0
Eukaryota;Porifera;Demospongiae;Haplosclerida;Niphatidae;Amphimedon;Amphimedon compressa	Amphimedon compressa	0	0.0391498881431767	0.00277980085506674	0.0418885763868111	0.050615031487258	0.0812968962651604	0.00234268846928735	0	0	0	0	0	0	0	0	0	0	0.0934820450003224	0	0.00297134876949019	0	0	0	0	0	0	0	0	0	0
Eukaryota;Porifera;Demospongiae;NA;NA;NA;NA	Demospongiae	0.0528149290199363	0.223713646532438	0.0995168706113894	0.00877665410009375	0.0606203284091578	0.0596177239277843	0.00187415077542988	0.00332653242260268	0.00357478449156351	0.00311108345703594	0.000899280575539568	0.00040479274611399	0	0	0.00438105132714562	0.00274451953754846	0.00221415286511381	0.0145058345690155	0.00290575193595723	0.00594269753898038	0.0484533093228745	0.0932747270888793	0.00182591706684682	0.00447620060092993	0	0	0.0109200567842953	0.00881931429831331	0.611513788219612	0
Eukaryota;Porifera;Demospongiae;Poecilosclerida;Crellidae;Crella;NA	Crella	0	0	0	0.0386970658049588	0	0	0	0	0	0	0	0	0	0	0	0	0	0	0	0	0	0	0	0	0	0	0	0	0	0
Eukaryota;Porifera;Demospongiae;Poecilosclerida;Crellidae;NA;NA	Crellidae	0	0	0	0	0	0.0102373869370943	0.00140561308157241	0	0	0	0	0	0	0	0	0	0	0	0	0	0	0	0	0	0	0	0	0	0	0
Eukaryota;Porifera;Demospongiae;Poecilosclerida;Latrunculiidae;NA;NA	Latrunculiidae	0	0	0	0	0	0	0	0	0	0	0.00269784172661871	0	0	0	0	0	0	0	0	0	0	0	0	0	0	0	0	0.0507110572153015	0	0
Eukaryota;Porifera;Demospongiae;Poecilosclerida;Latrunculiidae;Negombata;NA	Negombata	0	0.0559284116331096	0	0.00359044940458381	0	0	0	0	0	0	0	0	0	0	0	0	0	0	0	0.0282278133101568	0.0347185129793825	0	0	0	0	0	0	0	0	0
Eukaryota;Porifera;Demospongiae;Poecilosclerida;Latrunculiidae;Negombata;Negombata magnifica	Negombata magnifica	0	0	0	0.00957453174555682	0	0	0	0	0.00153205049638436	0	0.00224820143884892	0	0	0	0	0	0	0	0	0	0	0	0	0	0	0	0	0	0	0.0594831574541209
Eukaryota;Porifera;Demospongiae;Poecilosclerida;NA;NA;NA	Poecilosclerida	5.53596483272605	4.98322147651007	3.25959448265126	4.08234097301179	3.61779765758343	5.81423358103795	0.20756219837886	0.19072119222922	0.253809698901009	0.274664225206887	0.193345323741007	0.224659974093264	0	0	1.32620682317451	1.85872585680469	1.47905411389602	1.26039584810779	2.78128889470039	1.9373193977076	1.80345506432463	2.12550816153862	2.79365311227564	2.61074400049238	4.65751970489106	4.2103272177038	3.37933757255538	7.9550214970786	8.49787553111722	7.49708091912494
Eukaryota;Porifera;Demospongiae;Spongillida;NA;NA;NA	Spongillida	0.00106696826302902	0	0.00389172119709344	0.0011968164681946	0.00353128126655288	0.00180659769478134	0	0	0	0	0	0.000809585492227979	0	0	0	0.000686129884387114	0.00442830573022761	0	0.000968583978652409	0	0	0	0	0.00167857522534872	0	0	0	0	0	0
Eukaryota;Porifera;Demospongiae;Suberitida;NA;NA;NA	Suberitida	0	0	0	0	0.00823965628862339	0	0	0.0181111209675035	0	0.00222220246931138	0.00584532374100719	0.000809585492227979	0	0	0	0	0	0	0.023730307476984	0.0118853950779608	0.00267065484456789	0	0	0.0246191033051146	0	0	0	0	0	0
Eukaryota;Porifera;Demospongiae;Suberitida;Suberitidae;Suberites;Suberites domuncula	Suberites domuncula	0	0	0	0	0	0	0	0	0	0.00355552395089821	0	0	0	0	0	0	0	0	0	0	0	0	0	0	0	0	0	0	0	0
Eukaryota;Porifera;Demospongiae;Tethyida;Tethyidae;NA;NA	Tethyidae	0.0218728493920948	0	0.0444768136810679	0	0	0.0277011646533139	0	0	0	0	0	0	0	0	0	0	0	0	0	0	0	0	0.0955563264983171	0	0	0	0	0	0	0
Eukaryota;Porifera;Demospongiae;Verongiida;Aplysinidae;NA;NA	Aplysinidae	0.194721708002795	0	0	0	0	0	0	0	0	0	0	0	0	0	0	0	0	0	0	0	0	0	0	0	0	0	0	0	0	0
Eukaryota;Porifera;Demospongiae;Verongiida;NA;NA;NA	Verongiida	0.0474800877047912	0	0	0	0	0	0	0	0	0	0	0	0	0	0	0	0	0	0	0	0	0	0	0	0	0	0	0	0	0
Eukaryota;Porifera;Homoscleromorpha;NA;NA;NA;NA	Homoscleromorpha	0.00213393652605803	0	0	0	0	0	0	0	0	0	0	0	0	0	0	0	0	0	0	0	0	0	0	0	0	0	0	0	0	0
	<<<Rotifera>>>
Eukaryota;Rotifera;Eurotatoria;Ploima;Synchaetidae;NA;NA	Synchaetidae	0	0	0	0.00159575529092614	0	0	0	0	0	0	0	0	0	0	0	0	0	0	0	0	0	0	0	0	0	0	0	0	0	0
	<<<Streptophyta>>>
Eukaryota;Streptophyta;Magnoliopsida;Solanales;Solanaceae;NA;NA	Solanaceae	0	0	0	0	0	0	0	0	0	0	0	0	0	0.00167931047511892	0	0	0	0	0	0	0	0	0	0	0	0	0	0	0	0
	<<<Synurophyceae__p>>>
Eukaryota;Synurophyceae__p;Synurophyceae;Synurales;Mallomonadaceae;NA;NA	Mallomonadaceae	0	0	0	0	0	0	0	0	0	0	0	0	0	0	0	0	0	0	0	0	0	0	0	0	0	0	0	0	0.0116637507289844	0
Eukaryota;Synurophyceae__p;Synurophyceae;Synurales;NA;NA;NA	Synurales	0	0	0	0	0	0	0	0	0	0	0	0	0	0	0	0	0	0	0	0	0	0	0	0	0	0	0.005880030576159	0	0	0
	<<<Nitrososphaerota>>>
Archaea;Nitrososphaerota;NA;NA;NA;NA;NA	Nitrososphaerota	0	0	0	0	0.124378109452736	0	0	0	0	0	0	0	0	0	0	0	0	0	0	0	0	0	0	0	0	0	0	0	0	0
	<<<Actinomycetota>>>
Bacteria;Actinomycetota;Actinomycetes;Actinomycetales;Actinomycetaceae;NA;NA	Actinomycetaceae	0.0277623542476402	0	0	0	0	0	0	0	0	0	0	0	0	0	0	0.0873471425006239	0	0.164853280580284	0.0212449543233482	0	0	0	0.0274122807017544	0	0.0372162262746558	0	0	0.0259672812256557	0	0
	<<<Bacillota>>>
Bacteria;Bacillota;Clostridia;Eubacteriales;NA;NA;NA	Eubacteriales	0	0	0	0	0	0	100	0	0	0	0	0	0	0	0	0	0	0	0	0	0	0	0	0	0	0	0	0	0	0
Bacteria;Bacillota;NA;NA;NA;NA;NA	Bacillota	0	0	0	0	0	0	0	0	0	0	0	0	0	0	0.498188405797101	1.17294734215124	0	0	0	0	0	0	1.31578947368421	0	0	0	0	0	0	1.24631026566087
	<<<Bacteroidota>>>
Bacteria;Bacteroidota;Bacteroidia;Bacteroidales;NA;NA;NA	Bacteroidales	0	0	0	0.113927655938479	0	0	0	0	0	0	0	0	0	0	0	0	0	0	0	0.20096463022508	0	0	0.0822368421052631	0	0	0	0	0	0	0
Bacteria;Bacteroidota;Bacteroidia;NA;NA;NA;NA	Bacteroidia	0	0	0	0	0.248756218905473	0	0	0	0	0	0	0	0	0	0	0	0	0	0	0	0	0	0	0	0	0	0	0	0	0
Bacteria;Bacteroidota;Flavobacteriia;Flavobacteriales;Candidatus Karelsulcia__f;NA;NA	Candidatus Karelsulcia__f	99.6390893947807	99.2125984251969	99.3239729589184	99.5158074622615	96.7039800995025	99.3148644623175	0	10.5263157894737	50	80	33.3333333333333	70.5882352941177	0	0	99.1092995169082	98.4527077614175	99.6527777777778	99.6702934388394	98.3004036541321	99.5578778135048	99.0874159462056	99.4372537985369	98.0811403508772	99.4727592267135	99.888351321176	99.8624011007912	98.5083713850837	99.8182290314204	99.6948893974066	98.0321416857986
	<<<Candidatus Beckwithbacteria>>>
Bacteria;Candidatus Beckwithbacteria;NA;NA;NA;NA;NA	Candidatus Beckwithbacteria	0	0	0	0	0	0	0	0	0	0	0	0	0	0	0	0	0	0	0	0	0.216138328530259	0	0	0	0	0	0	0	0	0
	<<<Candidatus Chazhemtobacteraceae__o__c__p>>>
Bacteria;Candidatus Chazhemtobacteraceae__o__c__p;Candidatus Chazhemtobacteraceae__o__c;Candidatus Chazhemtobacteraceae__o;Candidatus Chazhemtobacteraceae;NA;NA	Candidatus Chazhemtobacteraceae	0	0	0	0	0	0.0893655049151028	0	0	0	0	0	0	0	0	0	0	0	0	0	0	0	0	0	0	0	0	0	0	0	0
	<<<Candidatus Woesebacteria>>>
Bacteria;Candidatus Woesebacteria;NA;NA;NA;NA;NA	Candidatus Woesebacteria	0	0	0.676027041081643	0.227855311876958	0.435323383084577	0	0	89.4736842105263	0	0	0	0	0	0	0.105676328502415	0	0	0	0.23369449755683	0	0.528338136407301	0.084411930219471	0	0	0	0.137598899208806	0	0	0	0
	<<<Elusimicrobiota>>>
Bacteria;Elusimicrobiota;NA;NA;NA;NA;NA	Elusimicrobiota	0	0.78740157480315	0	0	0	0	0	0	0	13.3333333333333	66.6666666666667	0	0	0	0	0	0	0	0	0	0	0	0	0	0	0	0	0	0	0
	<<<Gemmatimonadota>>>
Bacteria;Gemmatimonadota;Gemmatimonadetes;Gemmatimonadales;NA;NA;NA	Gemmatimonadales	0	0	0	0	1.49253731343284	0	0	0	50	0	0	23.5294117647059	0	0	0	0	0	0	0	0	0	0	0	0	0	0	0	0	0	0
	<<<Mycoplasmatota>>>
Bacteria;Mycoplasmatota;Mollicutes;Mycoplasmatales;NA;NA;NA	Mycoplasmatales	0	0	0	0	0	0	0	0	0	0	0	0	0	0	0	0	0	0	0	0	0	0	0	0	0	0	0.943683409436834	0	0	0
	<<<Unknown Bacteria>>>
Bacteria;NA;NA;NA;NA;NA;NA	Bacteria	0	0	0	0	0	0	0	0	0	0	0	0	0	0	0	0	0	0	0	0	0	0	0.0548245614035088	0	0	0	0	0	0	0
	<<<Pseudomonadota>>>
Bacteria;Pseudomonadota;Alphaproteobacteria;Rhodobacterales;NA;NA;NA	Rhodobacterales	0	0	0	0.0854457419538593	0	0.178731009830206	0	0	0	0	0	0	0	0	0	0	0	0	0	0	0	0	0	0	0	0	0	0	0	0
Bacteria;Pseudomonadota;Gammaproteobacteria;Aeromonadales;NA;NA;NA	Aeromonadales	0	0	0	0	0	0	0	0	0	0	0	0	0	0	0	0	0	0	1.1472275334608	0	0	0	0	0	0	0	0	0	0	0
Bacteria;Pseudomonadota;Gammaproteobacteria;Candidatus Pseudothioglobus__f__o;Candidatus Pseudothioglobus__f;NA;NA	Candidatus Pseudothioglobus__f	0.333148250971682	0	0	0.0569638279692395	0.248756218905473	0.148942508191838	0	0	0	6.66666666666667	0	0	0	0	0.286835748792271	0.286997753930621	0.347222222222222	0.0659413122321134	0.297429360526875	0.241157556270096	0.168107588856868	0.309510410804727	0.43859649122807	0.27617373838815	0.0744324525493115	0	0.334855403348554	0.155803687353934	0.22883295194508	0.0983929157100689
Bacteria;Pseudomonadota;Gammaproteobacteria;Candidatus Pseudothioglobus__f__o;NA;NA;NA	Candidatus Pseudothioglobus__f__o	0	0	0	0	0	0	0	0	0	0	0	0	0	0	0	0	0	0.0989119683481701	0	0	0	0.084411930219471	0	0.251067034898318	0	0	0.213089802130898	0	0.07627765064836	0
	<<<Synergistota>>>
Bacteria;Synergistota;Synergistia;Synergistales;NA;NA;NA	Synergistales	0	0	0	0	0.186567164179104	0	0	0	0	0	0	5.88235294117647	0	0	0	0	0	0	0	0	0	0.084411930219471	0	0	0	0	0	0	0	0.623155132830436
	<<<candidate division WOR_3>>>
Bacteria;candidate division WOR_3;NA;NA;NA;NA;NA	candidate division WOR_3	0	0	0	0	0.559701492537313	0.268096514745308	0	0	0	0	0	0	0	0	0	0	0	0	0	0	0	0	0	0	0	0	0	0	0	0
