1001703
1034814
1041511
1048533
107757
1113534
1123717
1234817
1341612
140455
140477
140496
1407009
1408142
1428570
143670
1497399
1497408
1497510
1519425
1519614
1562391
1573495
159748
159749
1691974
178779
1807213
186039
186176
1881117
1891026
1905723
1922283
1922284
1922285
1922286
1979154
2018692
2026207
2041800
2041801
2041802
2041803
2041804
2041829
2046356
216183
216773
220647
2291467
2315640
2315644
2316910
236787
237471
244962
2576346
2578210
2593073
260576
2613926
263736
265540
265592
268821
268942
2699462
2715897
271692
2778481
2805728
2805730
2820086
2843
2854
2856
285985
2889
2968077
2973586
3024769
3034176
334754
33640
340022
35679
35687
371514
37318
37319
382373
387435
407301
420259
426624
43686
44056
44447
446482
447210
465777
470313
475233
476439
476440
49260
555756
572053
58161
584794
631387
633638
655751
658030
659878
66466
66468
66473
667727
671422
83372
858357
858358
858360
89957
89963
926437
989146
