Summary stat	MP_E611_1B_WCOA21	MP_E614_WCOA21	MP_E619_WCOA21	MP_E624_WCOA21	MP_E645_WCOA21	MP_E668_WCOA21	MP_E671_WCOA21	MP_E678_WCOA21	MP_E697_WCOA21	MP_E731_WCOA21	MP_E754_WCOA21	MP_E777_WCOA21	MP_E782_WCOA21	MP_E786_WCOA21	MP_E790_WCOA21	MP_E806_1B_WCOA21	MP_E815_WCOA21	MP_E820_WCOA21	MP_E828_WCOA21	MP_E834_WCOA21	MP_E882_1B_WCOA21	MP_E888_WCOA21	MP_E893_WCOA21	MP_E897_WCOA21	MP_E902_1B_WCOA21	MP_E969_1T_NA128	MP_E970_1T_NA128	MP_E971_1T_NA128	MP_E972_1T_NA128	MP_E973_1T_NA128	MP_E977_2T_NA128	MP_E978_2T_NA128	MP_E979_1T_NA128	MP_E980_1T_NA128	MP_E985_1T_NA128	MP_E991_1T_NA128	MP_E994_2T_NA128	MP_E995_1T_NA128	MP_E996_1T_NA128	MP_E1005_1T_NA128	MP_E1011_2T_NA128	MP_E1012_1T_NA128	MP_E1013_1T_NA128	MP_E1014_1T_NA128	MP_E1015_1T_NA128	MP_E1020_1T_NA128	MP_E1021_1T_NA128	MP_E1022_1T_NA128	MP_E1024_1T_NA128	MP_E1025_1T_NA128	MP_E1623_1B_Chaba22	MP_E1624_1B_Chaba22	MP_E1625_1B_Chaba22	MP_E1626_1B_Chaba22	MP_E1627_1B_Chaba22	MP_E1631_Chaba22	MP_E1632_Chaba22	MP_E1634_Chaba22	MP_E1635_Chaba22	MP_E1637_Chaba22	MP_E2084_SKQ23_12S	MP_E2090_SKQ23_12S	MP_E2097_SKQ23_12S	MP_E2138_1T_QiavacTest	MP_E2138_2T_QiavacTest	MP_E2139_1T_QiavacTest	MP_E2139_2T_QiavacTest	MP_E2139_3T_QiavacTest	MP_E2139_4T_QiavacTest	MP_E2140_Kotzebue23	MP_E2141_Kotzebue23	MP_POSITIVE	All_Samples
Total ASVs	370	794	969	840	428	1073	1513	1646	880	463	814	1368	675	548	548	745	1223	1507	1737	632	1223	389	662	970	633	1540	1504	1381	1194	1245	1038	1305	866	784	1042	1086	1500	1716	1720	1454	1469	1065	977	1863	848	1225	1174	1534	479	1017	1696	2067	934	1417	1801	1851	1810	1347	1714	1587	80	258	532	1254	999	1060	818	1079	1016	1081	428	101	28042
Total ASVs, unique taxonomy	129	301	333	258	109	314	318	446	235	172	305	398	203	173	212	282	365	451	486	240	285	115	165	308	183	472	464	398	403	347	367	426	283	254	350	322	464	548	542	456	432	364	347	480	334	433	414	381	166	282	538	479	375	388	402	572	547	482	509	518	61	145	286	591	525	527	452	548	524	490	235	76	3182
Percent ASVs with Taxonomic Classification	95.95	95.09	94.53	94.17	96.5	95.71	93.59	94.96	96.36	92.66	95.21	95.32	95.7	95.07	94.16	96.38	94.36	93.96	94.13	95.57	94.77	94.6	92.6	95.26	96.68	92.86	93.42	93.05	92.8	93.98	92.68	92.87	94.92	94.9	95.11	95.58	92.8	93.12	93.31	93.4	92.72	92.86	93.55	93.08	95.17	95.1	93.1	91.46	93.32	94.3	92.39	92.99	93.25	93.37	92.95	93.14	94.53	91.61	93.41	92.82	93.75	90.7	90.41	84.53	86.69	85.47	89.85	86.19	87.2	89.55	89.72	93.07	91.08
Phylum Hits	33	45	49	39	28	51	45	55	46	43	47	55	42	42	43	40	48	62	56	43	43	32	32	49	37	59	56	54	58	47	46	54	50	46	47	48	62	61	63	60	51	47	48	58	47	55	56	58	40	46	63	57	40	52	48	59	62	53	55	58	21	36	46	67	61	66	61	62	64	68	48	19	109
Class Hits	46	76	80	58	32	82	70	110	69	63	70	91	63	64	63	66	85	105	106	66	69	39	38	79	48	103	105	94	100	86	89	102	93	77	84	82	120	129	129	112	98	85	81	112	86	100	105	95	51	69	129	92	65	92	84	102	126	98	112	102	24	46	82	129	110	116	103	122	117	122	77	24	280
Order Hits	63	129	135	105	55	151	125	194	116	102	127	170	102	95	108	123	147	189	189	105	114	54	70	137	81	180	186	174	172	146	167	172	147	123	145	143	193	217	217	185	177	145	140	194	149	179	181	162	90	131	215	165	115	162	153	186	217	165	198	186	36	75	128	237	210	212	189	221	220	204	107	36	720
Family Hits	59	146	142	115	54	128	130	186	107	91	138	174	93	81	96	130	160	190	196	106	124	48	80	129	93	184	189	161	173	156	161	189	126	117	155	143	187	215	212	191	175	162	159	189	152	193	176	152	87	120	208	167	132	155	148	195	230	168	195	192	35	68	128	258	228	233	195	238	234	211	108	38	1066
Genus Hits	30	105	101	90	33	93	109	145	71	66	127	134	64	56	68	98	134	141	162	81	96	26	66	92	64	160	156	126	141	137	138	166	100	96	134	126	150	179	177	158	153	134	125	167	117	144	132	108	56	101	175	151	140	131	123	189	200	165	179	173	30	65	100	222	208	201	169	213	203	182	88	33	1251
Species Hits	23	71	78	78	24	73	85	121	49	33	100	102	47	37	46	67	105	116	124	58	77	18	52	64	48	140	131	102	118	105	106	121	71	68	117	94	131	155	155	131	125	113	93	132	89	121	115	98	40	81	151	137	149	114	117	202	169	171	158	187	18	48	83	180	170	162	127	169	149	137	59	27	1235
