1000278
1001915
1001916
1001917
1001918
1001919
1001920
1001925
1001926
1001929
1001931
1001935
1001936
1001941
1001943
1001944
1001952
1001955
1001956
1001957
1001958
1001959
1001960
1001961
1001963
1001964
1001965
1001966
1001970
1001971
1002181
1003124
1003169
1003687
1003700
1003719
1003726
1003729
1003730
1003743
1003748
1003768
1003779
1003791
1003834
1003939
100456
100479
10055
10060
100678
1007515
1007516
10093
100952
1010706
1010707
1010713
1010714
1010786
1010792
101364
101839
101879
101899
101904
102118
10224
102291
102404
1027340
1027347
1028178
1028180
1028717
1028721
1028723
1028812
102903
102976
1030157
1034818
1035341
103582
103583
1035833
103584
103588
103589
103590
103592
103594
103596
103598
103600
1036015
103622
103623
103866
1041811
1042645
1042646
1042647
1042649
1042683
1042861
1043164
1043165
1043166
1043177
1045198
1045269
1045278
1045317
1045544
1045779
1046055
1046110
1047088
1048618
1049573
1049575
1049578
105023
1050842
1051064
1051066
1051067
1051068
1051070
1051071
1051281
105148
105149
105150
1051618
1051620
1051621
1051625
1051904
105199
105259
1053609
1054624
1054625
1054626
1054627
1054643
1055215
105638
1056698
105747
105861
105863
105876
106175
106208
106224
106299
1064535
106585
1069381
1069382
1069389
1070206
107022
1070326
1072050
1072061
107210
107220
107224
107231
107235
1072477
107252
107322
107377
1073844
1075419
1076264
1077142
1080068
1080294
1080295
1080299
1080304
1080308
1080309
1080310
1080351
1080442
1080457
1081868
1082345
1085684
1086039
108826
1090247
1090248
1090249
1090250
1090251
1090252
1090253
1090254
1090256
1090257
1090481
109273
109294
109295
109296
1093595
1093611
1093613
109710
109711
109712
109714
109715
109723
109725
109727
109732
109733
109736
109737
109738
109739
109741
109912
109923
1099869
110024
1101106
110120
110272
1104210
1104215
1104219
1104234
1104243
1105129
110520
110524
1107535
1107540
1108582
1108592
110926
1110611
1111163
1112836
111307
1113191
1115518
1115519
1115630
1116213
111784
111789
111837
111840
112269
1123269
1123286
1123288
1123289
1123847
1123853
1124591
1124596
1125681
1126715
112728
1127570
112901
1129274
1129275
1129554
1129777
1130907
1130908
1130930
1130937
1130939
1130967
113123
113275
113487
113492
113502
113505
113515
113534
1136353
113644
1137050
1137487
1137983
1138469
1141925
1141927
114197
1142215
114594
1146995
1147033
1147041
1149153
1149185
1149188
1149190
1149192
1149210
1149232
1149237
1149244
1149245
1149246
1149252
1149258
1149260
1149274
1149275
1149284
1149288
1149290
1149314
1149320
1150220
1150239
1150258
1150263
1150978
1150979
115251
1154596
1154603
1154617
1154619
1154624
1154625
1154629
1154653
1154654
1154659
1154682
1154760
1155420
1155440
1155711
1156094
1156109
1156116
1156117
1156118
1156140
1156143
1156145
1156149
1156471
115654
1156758
1157301
1157699
1159143
116045
116046
116126
116130
1161354
1161356
1161358
1161363
1163486
1163774
1169589
1169590
1169591
1169592
1169593
116992
117001
1170267
1170316
1170319
1170634
1170635
1170836
117142
1171431
1171614
1171616
1171711
1173025
1173514
1173609
1173611
117530
1176151
1176646
1177618
1181230
1181232
1181249
1181254
1181256
1181258
1181261
118129
118130
118131
118138
118194
1182200
1182260
1182848
1185375
118562
1188008
1188016
1188028
118803
118807
118810
118812
118813
118814
118815
118817
119369
119370
1194424
1194547
1194740
1194742
1194743
1194747
1194749
1194756
119488
119574
1195776
119608
1196223
1196302
1196305
1196307
119637
1196843
119718
1197325
1197702
1198624
1199243
120045
1201942
1202111
120218
1203005
1203185
120341
1203427
120431
1204344
1204385
1204389
1204391
1204395
1204396
1204399
1204400
1204403
1204404
1204405
1204406
1204407
1204409
1204410
120452
120455
1204564
1206071
1206574
1206913
1206991
120857
120870
1208881
120930
121138
121149
1211648
1212511
1212513
1214922
1217998
1218009
1218178
1218179
1218181
1218183
121825
1219309
1219345
1220549
1220728
1220763
1220764
1220767
1221223
1221224
1225360
1225398
1225888
1226274
1226729
1229164
1229967
1229969
1230365
1230535
1230544
1230546
1230551
1230568
1230708
1230718
1230723
1230725
1230726
1230793
1230799
1231916
123223
1232428
1232741
1232801
1232804
123325
123504
1235435
1236004
1236707
1238133
1240730
1241940
1242023
124278
124279
124282
124283
1243175
1245545
1248172
1249490
1255132
1260382
1260383
1260384
1260385
1260386
1260532
1260803
1260808
1260822
1260829
1260830
1260839
1260855
1260857
1260864
1260963
1262610
126308
1263175
1263176
1263179
126330
126353
1263952
1266490
1266491
126671
1266862
1266863
1266866
1266870
1266873
1266874
1266875
1266879
1266880
1266881
1266884
1267064
1267065
1267067
1267071
1267072
1267074
1267079
1267083
1267088
1267097
1267098
1267099
1267101
1267105
1267110
1267112
1267118
126713
1268081
1268083
1268087
1268088
1268089
1268091
1268415
1268772
1268773
1268774
1268776
1268777
1268778
1268884
1268885
1268886
1268887
1268888
1268889
1268892
1268893
1277708
127829
127830
127832
127834
127835
127837
127839
127870
1279000
1279364
127972
1283312
128480
1285427
1286116
1286173
1286311
1286312
1289088
1289101
129044
129049
129050
129051
1292141
1295334
12959
1297001
1298636
1298638
1298639
1298643
1298647
1299447
129975
1300979
1301052
1301061
1301062
1302273
1302306
1302316
1302786
13029
1303762
1304286
1304287
130472
1304848
1306265
1306635
1306753
13068
1306848
13095
1309697
1309716
13106
1311455
1311485
1311505
1311530
1311532
1311538
1312206
1312457
1312458
1312460
1312461
1312462
1312463
1312464
1312465
1312466
1312476
1312482
1312483
1312484
1312485
1312488
1312489
1312490
1312547
1312658
1312660
1312666
1312668
1312673
1312725
1312728
1314837
1314851
1314852
1316013
1316014
1316015
1316099
1316108
13164
1317002
1317004
1317005
1317007
1317009
1320671
1320672
1320712
1320720
1320744
1322174
1325509
1325549
1325550
132585
132587
13262
132683
1326874
1326878
1326880
1327635
1328066
1328949
1329244
1329894
1329896
1329944
1331956
1332101
1332178
1332185
133436
1335593
1336025
1336670
1336672
1336673
1337886
1338610
1338612
1338620
1338621
1341016
1343690
1343904
1344354
1345002
1345003
1345006
134592
134598
134618
134687
1347091
1348603
134906
134920
1349310
1349316
134990
134994
134995
134996
1350219
1350220
1350222
135079
1351937
1351938
1351939
1351940
1351941
1351942
1351943
1351945
1352361
1352362
1352363
1352364
1352365
1352366
13537
1354032
1354033
135421
13543
1355900
1357420
13575
135752
135755
135759
135760
135761
135762
135763
135765
135766
135768
135770
135771
135772
135773
135774
1358729
1358730
1358731
1358732
1358733
1358734
1358735
1358737
136010
13603
13604
136040
136139
136180
136184
1365545
1365579
1365719
1365819
1366236
1366563
1366586
1366891
1367094
1367096
1367117
13676
13677
136810
136829
13689
136940
136948
136950
136951
136953
136987
137031
137034
137061
137067
137080
137092
137135
13719
13720
13721
13722
13723
137246
137520
137522
137711
137712
137881
137882
1379270
1379498
1380965
1381015
1381017
1381019
1381020
1381076
1381077
1381079
1381479
1382205
1382212
1384569
1386171
138676
1390391
1390392
1390395
1390627
1390635
1390724
1393965
1394518
1394889
1394994
1394996
1394997
1394998
1394999
1395000
1395001
1395002
1395003
1395004
1395005
1395006
1395007
1395008
139595
1396426
1396429
1396431
1396432
1396433
1396434
1396435
1396437
1396438
1396440
1396442
1396444
1396447
1396451
139682
1397027
1399332
1399335
1399339
1399610
1399617
1402070
1403316
140438
140439
140595
1407132
1410051
1410052
1410053
1410054
1410057
1410376
1410377
1410378
1411933
1411935
1412989
141406
141407
141408
141410
1414534
141458
1414657
1414750
1415635
1415657
1415773
1417750
141825
1418260
1418666
141885
141886
141887
1419108
1419731
1420981
142104
1423690
1427364
1427712
1427716
1427717
1427751
1428135
1429434
143281
143323
1433299
143332
143339
143344
143345
143398
143401
143403
143405
143406
143505
143506
1435194
1435197
1435417
143549
143550
1436028
143606
143608
143612
143615
143659
143713
143724
143726
143730
143732
143894
143895
143900
1441603
1442165
1442581
1443077
1443078
1443164
1443243
1443580
1443640
1445868
1446899
1447896
1450144
1450194
1450195
1450196
1450199
1450200
1450201
1450409
1450410
1450412
1450717
1451183
1451184
1452911
1453166
1453265
1453868
1454020
145527
1458067
1458157
1458158
1458465
1458563
1458677
145923
1459801
1459831
1459832
1459836
1459839
146078
1461354
1461356
1461359
146143
146144
146145
146146
1463496
1463498
1464561
146480
146921
1470305
1471755
147208
147209
147210
147211
1472224
1472950
147317
1473247
1473587
1474813
1474814
1474817
1474818
147648
147651
1476532
1476839
1476841
147949
1480062
1480063
1480064
148074
148086
1481172
1481173
1481875
1482869
1482967
1483028
1483030
1483031
1483032
1483033
1483034
1483035
1483036
1483037
1483055
1483110
1483134
1483149
1483516
1484166
1484167
1484357
148442
1484650
1486003
1486005
1486006
1486010
1486013
1486016
1486018
148607
1489734
1489735
1490183
1490645
1490649
1490655
149088
1494042
1495449
1497542
1497665
1497672
1497673
1497674
1498487
1498488
1499333
1499518
149978
149980
1500736
1500737
150292
150293
1502934
1502952
1502953
150312
150320
150322
150327
1503330
1503331
1503680
1504024
1504025
1504027
1504029
1508078
1508079
1508112
1511619
1514671
1515643
151728
1517458
1517551
1517554
1519031
1519100
1519962
1519963
1519964
1519970
1520341
152106
152107
152109
152110
152113
1521533
1522377
1522389
1522419
1523415
1523555
1523893
1523895
152553
152555
1526734
152682
1530197
1530446
1531488
153209
153210
153251
1532981
1536606
153719
1538613
1539280
153946
1539876
1541170
1541904
154350
1543967
1544376
1544377
1544528
1544529
1544531
1545142
154785
154786
154787
154789
154791
154792
154793
154794
154795
154796
154798
154799
154800
154801
154811
1548121
154813
154815
154816
154817
154819
154820
154821
154822
154823
154825
154827
1548494
1548496
154954
1550064
1550065
1550407
1550411
155060
155063
155066
155067
1550733
155074
155216
155217
1552736
155678
155978
1560345
1560653
1560654
1560667
1560672
1560678
1560686
1562161
1562198
1562378
1562708
1562871
1563990
1563991
1563992
1563993
1563994
1564001
1564185
1564186
1564202
1565084
1566130
1566131
1569484
156953
1569704
156985
157020
1570318
157064
1571525
157167
1573627
1573630
1573810
1573833
157584
157585
1576343
157669
1577052
157710
1577494
1579316
158060
1581554
158200
1582276
1582356
1582965
1582966
158454
1585464
1585500
1585513
1586296
1586378
1587030
1587500
158766
1588068
158836
158894
1592501
1592804
1592896
1593418
159452
160063
1602386
1604516
1604535
1604631
1606453
160652
1606556
1606557
1606558
1606652
1606654
1606671
160708
160709
160742
160745
160765
160766
1607686
1607840
160791
1608148
160817
160818
160819
1608826
1609324
1609977
161044
161051
161052
1610699
1610701
161456
1615494
1616773
1617373
161766
161767
1618129
1618600
161905
1619077
161910
161913
161921
161928
161930
161932
1620460
1620464
1620467
1620474
1620475
1620476
1620477
1621113
1621114
1621115
1621116
1621117
1621118
1628151
1628817
162969
162982
162989
162997
162998
1630710
1630712
1630714
163117
163118
163124
163134
163135
163137
163139
163141
163143
163144
163149
163232
1633020
1633040
1633429
1633458
1633460
1633468
1633511
163810
163812
1638153
1638156
1638160
163821
163823
163831
163832
163833
163838
1638910
1641165
1642036
1642037
1642177
1642578
1642587
1643632
1643819
164412
164605
164611
164615
1647520
1648921
1649246
165446
166032
1660644
166256
166264
1664672
166482
1667274
166745
166748
166754
166755
166762
166766
166776
166778
1670800
167318
167449
1675036
1675535
1675537
1675539
1678526
1679026
1679027
1679030
1680609
1680611
1680613
1680617
1680631
1680712
1683865
1683866
1683867
1683868
1684119
1684125
1684131
1684137
1684966
1684989
1685799
1685840
168635
1689266
1689267
1689949
1689951
1689952
169289
169304
169422
1695232
1695233
1696824
1696828
1696864
1696910
1697963
1698368
1699035
170189
170193
170196
170199
170202
170203
1702287
1702304
1703753
1703756
1706337
1707128
1707807
1707961
170820
170823
170859
1711722
1711723
1711952
1714608
1714611
171525
171527
171529
171530
171632
171732
171733
171735
171736
171737
172567
172659
172663
1727146
172905
172907
172908
172910
172912
172914
172917
172919
173242
173309
173311
173312
173313
173315
173317
173318
173320
173321
173322
173324
173327
173329
173331
173332
173334
173338
173339
173342
173346
1734049
1734380
1734381
1734477
173480
173519
1735334
1735355
1735696
1735697
1737341
173835
1738638
1738886
1738904
1739615
1739621
173978
1743396
174397
1744849
1748029
1749025
1750722
1750723
1750988
175137
1751538
1752064
175273
1752860
1753971
175428
175429
175431
175434
175435
175436
175442
175444
1756417
175774
175781
175796
1758178
1758748
1758749
175934
1761466
1763774
1763775
1763779
1763781
1763789
1763793
1763795
1763796
1763798
1763804
1763805
1763806
1763809
1763814
1763820
1765770
1765771
1765776
1765777
1765778
1765783
1765793
1765795
1765884
1765900
1767050
1769046
1769047
1769458
1770585
1772091
1772095
177235
1776111
1776112
1777192
1778380
1778585
1778599
1779361
178220
178221
178312
1783334
178514
178539
178540
178541
1785604
1790106
1790128
1792849
179359
179364
179368
179369
179370
179371
1794719
1794900
1795873
1798809
1803847
1804803
1804828
180519
180520
180522
180523
180524
1805644
1805677
1806088
1806175
1806177
1806185
1806508
1806715
1807190
1807361
1808012
1808015
180933
180937
1809422
1809738
1811329
1811330
1811331
1811333
1811506
1811511
1812880
1812886
1813468
1813879
181455
181459
181461
181464
181467
1815080
1815333
181618
1817597
1817600
1817605
1817606
1817609
1817615
1817625
1817630
1817635
1817637
1817653
1817659
1817958
1819260
1819757
1821161
1821172
1821173
1821174
1821181
182223
182227
182228
1822567
1824973
1824986
1825698
1825699
1825708
182643
1827350
182800
182801
182852
182853
182854
182855
183651
183653
183654
1838057
183907
183908
183910
184151
184215
184217
184259
1843721
1843760
1843778
1843782
1843789
1843797
184449
184451
184585
184919
1850224
1850238
1852275
185430
1854753
185578
185732
185735
185737
185739
185746
185748
1857655
1857656
1857657
1857658
1857659
1858094
185819
1859152
1859164
185951
1859602
186181
1862854
1864528
1864531
1864538
1867357
1867922
1869227
1870035
1870131
1870138
1870251
1870252
1870628
1870728
1870906
1870908
1870909
1870919
1870920
1870921
1870922
1871143
187406
1874132
1874689
1875456
1875543
187684
187685
187693
187725
187726
187757
187762
187798
187809
187815
187820
1878996
1882727
1884263
1885022
1885257
1885258
1885259
1885260
188536
1887086
188929
1890221
189058
1892238
1892719
1892855
189388
189389
189526
189534
1897801
1898151
1898198
189878
189917
189979
1902835
1902843
1902845
1902847
1902855
1902859
1902863
1902871
1902925
1902930
1902941
1903275
1906128
1911260
1913190
1913988
1915138
1915309
1916735
1916753
1916759
1916785
1916790
1916823
1916825
1917166
191724
191725
191726
1920004
1920015
1920022
192016
1920185
1920503
1921510
192213
192223
192224
192225
192226
192227
192228
192229
192235
192237
192372
192373
192376
192377
192378
192379
192602
1926311
1927884
192870
1928706
192871
192879
192880
1929310
1929312
1930071
193059
1930903
193150
1932029
1933387
1933388
1934098
1934185
1935428
1935467
1938148
1938150
1938328
1938378
1938607
1940113
194365
194366
194368
194371
194548
1945516
194597
194857
1948882
1950938
1952956
1952958
195309
195326
195331
1954391
1954392
1954393
1954394
1954395
1954396
1954397
1954398
1954399
1954400
1954401
1954402
1954403
1954405
1954406
1954407
1954408
1954410
1954411
1954413
1954414
1954415
1954416
1954417
1954418
1954419
1954420
1954421
1954422
1954423
1954424
1955233
195600
195609
195612
195615
195617
1956186
195623
195624
195626
195632
195635
195639
195660
196071
196075
1960914
196128
196130
196131
1961362
1962404
1964570
1964571
196469
1966421
196748
196749
1967496
196750
196769
196770
196778
1968770
1968772
196921
1969381
1970158
1970159
197150
197169
197221
1972590
1972749
1972750
1973221
1973484
197572
1977248
1979181
1979188
1979189
1979190
197939
197941
1979807
1979941
1980396
1984839
1984844
1984846
1984848
198507
198511
1985459
1986504
199216
1993769
200675
200676
200680
200682
200852
200855
200857
200860
2010393
201059
201062
2012906
2012907
2012925
2012948
201377
201378
2014036
2014051
201498
2016068
2016101
2016759
201688
201690
201691
201694
201695
201696
201697
201699
201701
201702
201703
201704
201705
201706
201707
201708
201709
201710
201712
2019909
2019912
2021302
2021985
2022011
2022322
2024255
2024387
202456
2025111
2025166
2025591
2025592
2025594
202583
202585
202587
202588
202592
202597
202598
202599
202600
202602
202605
202606
2026624
2026715
2026720
2026804
202727
2027910
202869
2030800
2030806
203114
203116
203117
203118
2032702
203281
203283
203284
203286
203304
203307
203308
203309
203310
203311
203314
203315
203321
203322
203323
203326
2033369
203344
203345
203346
203439
203539
2035446
2036785
2037950
2039481
2039554
2039555
2039556
2039557
2039558
2039559
2039560
2039561
2039562
2039563
2039564
2039565
2039566
2039567
2039570
2039571
2040272
2042712
204322
204323
204326
204327
204328
204329
204331
204334
204335
204378
204384
204385
204386
204389
2044566
2044751
2044940
2045245
2045246
204745
204746
2048116
204814
204817
2048724
2049049
204936
2050714
2050727
205097
2051058
205134
205135
2052139
205340
2053569
2053589
2053901
2053905
2053906
2053908
2053910
2053911
2053955
2056564
2057042
2057074
2059685
2059686
2059687
2060514
206100
206126
206142
206143
206149
206154
2065413
2065825
2066483
2067744
2069431
2070693
2070696
2070697
2070698
2070699
2071607
2073117
207468
2078982
2079469
208007
2080421
2081872
2081897
208460
208524
208525
208526
209114
209166
209169
209197
209199
209235
209240
209242
2094010
2094242
2094300
209541
2099341
2099344
2099347
210004
2100453
2100589
210139
210169
210171
210172
210174
210175
210176
210177
210179
210180
210181
210182
210183
210184
210185
210186
210188
210189
210190
210191
210192
210193
210194
210195
210196
210197
210198
210199
210512
210626
210632
210633
210635
210638
2107686
2108150
2108151
2108152
2108433
210850
2109336
2109558
211488
211491
2115783
212346
212450
212737
212738
212740
213384
2136010
213732
2138264
2138497
214277
2144175
214483
214485
214486
214487
214490
214491
214493
214812
214914
214916
214920
214921
214925
2153193
2153194
215336
215343
215356
215363
215367
215382
215396
215398
215401
215407
215414
215418
215424
215425
215426
215428
215432
215434
215708
215771
2161728
2161821
2162902
216359
2163919
216979
216981
2171493
2171670
2171672
2171673
2171936
2175002
217509
2175577
2175982
218208
2184484
2185382
219145
219146
219147
219380
219545
219593
219594
219595
2201459
2201794
2202326
2204210
2211138
221419
221867
2219696
223139
2231650
223211
2233869
223746
223795
223804
223860
223861
223862
223863
223888
223889
224703
224707
224708
224711
224713
224716
2249649
225060
225061
225387
225389
225390
225391
225392
225393
225394
225755
225757
225758
225759
225760
225761
2259646
2259723
2259724
2259887
2269080
226939
227286
227750
227751
227752
227755
227756
227976
228250
228251
228252
228254
2283285
2283447
228346
2283841
2283842
228401
228497
228541
228543
228918
229068
229069
229070
229071
229072
229073
229074
229075
229078
229080
229083
229085
229087
229088
229090
229091
229092
229093
229094
229096
2291
229101
229122
229125
229128
229133
229137
2291383
229143
2291627
2291721
2291890
229290
229291
2293317
2294
229640
230148
2302361
2302362
2303416
2303551
2305084
2305085
2305086
2305409
230553
2306805
230730
231457
231458
231675
2319844
232276
232323
232428
232941
232998
233155
233202
2339277
234623
235072
236030
236031
236038
236041
236043
236047
236048
236049
236051
236538
236585
236586
237411
2376
2377
238031
238050
238051
238053
238055
238058
238060
2382258
2382260
2382262
2382263
2382264
2382268
2382269
2382271
2382273
2382289
2382290
238233
238560
238561
238563
238567
238569
238571
238574
238578
238580
238581
238582
238584
238586
238587
238589
238593
238645
238666
238680
238692
238708
238709
238741
238838
238839
238840
239010
239011
239087
239089
239223
239368
239743
240152
240154
240156
240656
240822
240824
240825
240826
240830
240831
240832
240836
241039
241259
241263
241271
241279
241280
241287
241289
241309
241310
241312
241323
241346
241348
241442
241444
241446
241451
241459
241472
241474
241492
241494
241500
2421351
2421447
242287
242524
242525
242812
242823
242928
242929
243720
243721
243888
243926
244423
244449
244450
244452
244455
244518
244772
244776
244777
2447940
2448038
2448914
245046
245095
245694
245701
245769
245875
245975
246881
246882
247647
2480081
248065
248254
2482805
2483477
2485022
2488291
2488307
2488348
2489368
248958
248959
248960
248994
248996
248998
2491183
249132
249133
2497966
2498151
2498657
2498658
2498663
2498664
2498668
2498671
2498673
2498674
2498680
2498681
2498682
2498684
2499903
2499906
2499907
2507721
2507734
2508183
2510788
2516292
2518271
252672
2527913
252811
2529273
252938
2529442
252961
253862
253866
254541
254544
2546709
2546710
2546713
2546714
2546715
2546716
2546717
2546718
2546719
2546722
2546723
2546725
2546726
2546727
2546729
2546730
2546731
2546732
2546734
2546735
2546737
2546739
2546742
2546744
2546745
2546748
2546749
2546750
2546751
2546752
2546757
2546758
2546759
2546761
2546763
2546764
2546766
2546767
2546771
2546772
2546773
2546774
2546775
2546776
2546779
2547451
2547457
2550860
255295
255365
255458
255464
255465
255468
255530
255533
255539
255551
255553
255555
255557
255558
255560
255564
255572
255718
2558214
2558285
2558902
2559137
2559279
256131
256424
2565277
2565555
2566147
2566564
2566841
2567992
2570533
2570534
2570535
2570536
2570537
2570538
2570679
2570680
2570877
2571099
2571100
2571101
2571102
2576039
2576622
2578091
2578316
257853
2578602
257887
257889
2579972
2579973
2580389
2580390
2582419
2582894
2583530
2583628
2583724
2584973
2587930
2588013
2588015
2589289
2589307
2589380
2590590
2591251
2591686
2591997
2593188
2593310
2593320
2594182
2594473
2594656
2594658
2596913
259703
2597451
2597549
2597637
2597638
2597639
2597641
2597642
2597643
2597798
2597800
2598111
2598113
2598114
2598115
2598117
2598119
2598120
2598121
2598122
259987
2599946
2599951
260110
2602932
2604716
260508
2605287
2605477
2605608
2605687
2605688
2605904
2605907
2605939
2607498
2608453
2608665
2609487
2609776
2610849
2613863
2613864
2613866
2613871
2613872
2613873
2613874
2613875
261876
261878
261879
261880
261882
262080
262081
262098
262334
262399
263419
263515
263516
263517
263519
263521
263523
263525
263526
263527
263529
263530
263534
263535
263537
263546
263547
263549
263550
263551
263552
263744
264203
264216
264364
264550
264551
2650570
2650791
2650949
2651312
2651313
2652096
2652289
265293
2653082
2653203
2653351
2653401
2653404
2653983
2654419
265456
2654710
2660646
2661749
2662367
2662370
2662371
2662377
2662380
2662383
2662388
2662389
2662712
266495
2666104
266796
266836
267130
2675451
2676011
2676013
2676014
2676015
2676194
2678684
2681549
2682619
2682814
268291
2683048
2684664
2686473
268937
269058
269452
2694858
2695866
269609
269650
269653
269655
2696684
2696685
2696686
2696687
2696688
2696699
2696703
2698222
2698679
2699106
2699159
2700091
2700094
2700095
2700096
270327
270328
270329
270330
270331
270332
270333
2703552
2703723
2705016
2705304
270537
270543
270547
270552
2705533
270554
270558
270562
270568
270585
270594
270597
270604
270607
270609
2706846
2706872
2707359
2707533
270821
270884
270899
2709724
2709802
2711156
2711159
2711215
2712769
2713598
2713614
2713777
271398
271402
271408
2714942
2714943
2714944
271501
271503
2715056
2715506
2715735
2715787
2715790
2715791
271677
271689
271690
271707
271709
271710
271713
271714
271716
271720
271723
271724
2717699
2717855
2718615
2719052
2719075
2719081
2719090
2719091
2719107
2719128
271939
271940
271941
272127
272134
272137
2722863
2723027
2723817
2723861
2724371
2724527
2725148
2725161
2725362
2725942
2726110
272725
272785
272786
272788
272797
272798
272801
2728219
2728220
2728223
2728226
2728227
2728228
2728229
2728230
2728232
2729369
2729374
2729375
2730681
2731644
2733052
2735134
2735968
273620
2736301
273650
2736581
2737172
2737279
273753
2737536
273789
27404
2741129
2741207
2741208
2742861
2743191
2743580
2743673
2743676
2744574
274469
274471
2745886
274647
274688
274698
274711
274739
274741
274743
2747499
2747500
2747501
274758
274759
274762
274766
274768
274770
274775
274777
274780
274783
274786
2747905
274803
274805
274808
2750468
2750679
2754044
2755185
27588
27590
2759349
2759526
2759955
27610
27614
2762080
2762553
2762591
2763238
2763239
2764186
2765009
2765011
2765013
2765016
2765020
2765022
2765023
2765024
2765025
2765026
2765027
2765031
2765033
2765034
2765035
2765039
2765040
2765041
2765043
2765044
2765045
2765046
2765049
2765050
2765051
2765052
2765053
2765055
2765056
2765057
2765058
2765059
2765062
2765063
2765065
2765066
2765067
2765069
2765072
2765074
2765075
2765076
2765077
2765078
2765079
2765080
2765081
2765083
2765084
2765085
2765086
2765087
2765088
2765089
2765090
2765091
2765092
2765093
2765094
2765095
2765097
2765098
2765099
2765100
2765101
2765102
2765104
2765106
2765109
2765110
2765111
2765112
2765115
2765116
2765117
2765118
2765119
2765120
2765121
2765123
2765124
2765126
2765128
2765130
2765131
2765132
2765135
2765136
2765137
2765138
2765139
2765140
2765141
2765144
2765145
2765146
2765147
2765148
2765150
2765151
2765152
2765153
2765154
2765155
2765156
2765157
2765158
2765159
2765160
2765161
2765163
2765166
2765167
2765170
2765171
2765172
2765174
2765176
2765177
2765178
2765179
2765181
2765182
2765183
2765184
2765185
2765187
2765188
2765189
2765190
2765191
2765192
2765194
2765195
2765198
2765199
2765201
2765202
2765203
2765204
2765206
2765207
2765208
2765209
2765210
2765213
2765214
2765215
2765216
2765217
2765219
2765223
2765224
2765225
2765226
2765229
2765230
2765231
2765232
2765233
2765234
2765235
2765236
2765237
2765238
2765239
2765240
2765241
2765242
2765243
2765244
2765245
2765246
2765247
2765248
2765250
2765252
2765253
2765254
2765255
2765260
2765263
2765265
2765268
2765270
2765273
2765274
2765276
2765277
2765278
2765285
2765286
2765287
2765288
2766487
2767283
2768041
2768042
2768043
2768044
2768108
2768246
2768287
2768300
27704
27706
27708
2771430
27717
2772295
27735
2774355
2774357
2775080
27755
2777036
27771
27773
27778
27783
2778307
2778773
2779445
2779446
2779447
2779448
2779449
277994
278032
27808
2781637
278164
278165
278176
278178
278181
278182
2782020
2782021
2782022
2782227
278729
278734
278736
2787394
2787395
2787407
2787410
2787413
2787415
2787417
2787424
2787426
2787427
2787430
2787432
2787434
2787436
2787441
2787445
2787448
2787449
2787452
2787453
2787457
2787461
2787463
2787466
2787467
2787469
2787471
2787478
2787481
2787483
2787485
2787488
2787490
2787493
2787499
2787501
2787504
2787506
2787512
2787515
2787516
2787518
2787522
2787528
2787532
2787535
2787538
2787543
2787546
2787552
2787556
2787558
2787559
2787562
2787564
2787565
2787567
2787568
2787569
2787570
2787571
2787573
2787574
2787575
2787576
2787580
2787583
2787587
2787589
2787590
278770
278773
278780
278783
278785
278853
2789521
2789522
2790341
279088
279095
2792478
2793200
279401
2794131
2794139
2794142
2794145
2794151
2794153
2794158
2794160
2794185
279428
2794961
2794987
2794988
2794989
2794990
2794991
2794992
2794993
2794994
2795296
2796653
2798858
279900
279904
279906
279907
279910
279912
279934
279947
279951
2800990
280181
2802377
2802533
2804617
2805493
2805719
2805720
2805907
2807752
280781
280782
2810562
2811416
2811482
2811511
2811512
2812853
2812896
2813625
2813673
2814142
281420
2814275
2814449
2814718
2814812
2815728
2815729
2816913
2816981
2818405
2820020
2820133
28213
28214
2821545
2822697
2823680
2823681
2824824
2824916
2826039
2826937
2827001
2827002
2827003
2827004
2827008
2827212
2828882
2828883
2829147
2829149
2829152
2829200
2829206
2829569
2830019
2830022
2830023
2830024
2830025
2830026
2830027
2830144
2830203
2830204
2830210
283024
283025
283026
283027
283028
283029
283031
283034
283035
283036
283054
283055
2830935
2830937
283367
283373
2834025
2834204
2834345
2834346
2834347
283497
2835224
2835787
2835810
283620
283621
283624
283635
283636
283637
2836756
2836761
2836944
283765
28381
2838337
2838338
2838339
2838340
2838349
2838935
2839857
2839859
2840382
2842239
2845260
2845261
2845262
284583
28462
2847572
2848748
2848963
2849045
2849541
2850378
2850379
2851576
2851577
2851578
2851579
285277
2853323
2855692
2859054
285953
2861386
2861414
2861499
2862331
28637
2864138
2864140
286419
2865030
2865031
2865034
286535
286537
2865377
2866043
286646
2867077
2867079
2867081
2867088
2867089
2867090
2867091
2867093
2867262
2867273
2867956
2867957
2867958
28680
28681
2871550
2871551
2871552
2871553
2871563
2871679
2871759
287195
287196
2872160
2872190
2872652
28742
28743
2876673
287714
287897
287901
287902
287906
2879625
28800
2881732
2882575
28827
2884003
2884004
2884235
2884899
2886059
2886072
2886196
2886756
2886892
2887207
2887219
288806
288840
288860
288873
2888768
2888774
288881
2888834
2888835
2890321
289074
2890863
2891204
2891205
2891299
2893377
2893561
2894334
2897014
2897538
2898570
2899123
2899797
2903960
2904889
290519
290523
290524
290538
2905714
2905919
290627
290630
29084
29088
2908801
2908918
29092
2909280
2909290
2909343
2909407
2909791
2910015
291231
291247
2913298
2913300
2913301
2913308
2913312
2913313
2913346
2913349
29147
291482
29150
29151
29154
2916456
2916565
2916566
2916567
2916568
2916569
2916571
2916573
2916574
2916575
2916577
2916579
2916583
2916587
2916588
2917840
2917873
291790
2918038
2918052
291814
291815
291816
291825
291826
2918298
2918726
2919596
2920500
2920501
2920502
2922151
2923014
2923334
2923461
292361
292500
292501
2925159
2926808
2927308
2928630
2928631
2928756
2928768
2929102
2929751
2929907
2930066
2930069
2930071
2930072
2930073
2930075
2930076
2930077
293145
293146
2931992
2933959
293530
2935523
2935888
2935959
2935963
2935976
2935979
2935995
2936009
2936623
2937284
2937787
2937788
2937792
2937793
2937804
2938199
2938948
293902
293903
293905
293907
2939087
293909
293911
293913
293914
2939143
293920
2939628
2940135
2940147
2940152
2940163
2940501
2940502
2940503
2940504
2940505
2940506
2940507
2940508
2940509
2940510
2940511
2940512
2940513
2942389
2942390
2942391
2942392
2942393
2942395
2942397
2942398
2942399
2942400
2942401
2942402
2942403
2942404
2942405
2942406
2942407
2942408
2942409
2942996
2943266
2943267
2944556
2944557
2944962
2945612
2945707
294704
2948625
2949093
2949102
2949122
2949123
2949124
2949125
2949255
2949256
2949261
2949691
295021
2950295
2950605
2950607
2950897
2951144
2951145
2951539
2951803
2952887
2952888
2952889
2953003
2953006
2953007
295399
2954295
2954764
2954813
2957507
295837
2962610
2962611
2962738
2964684
296555
296566
296587
296588
2966354
2966454
2966516
2968057
2968231
2968244
2968526
2969293
2969776
2970673
2970798
2970800
2970949
2971491
2971492
2972485
2974752
297510
297511
297513
2975577
2975596
2976079
2976982
2977127
2977553
2977554
2977555
2977556
2977557
2977558
2977559
2977560
2977561
2978582
2978583
2984074
2986839
298708
2989580
2991657
2992695
2993811
2993812
2994838
2995195
2995346
2995616
2996152
29965
2996716
2996719
2996720
2996724
2996725
2996726
2996727
29969
2997354
2998971
2999783
3000021
3001840
3002185
300227
3002416
3002601
300304
300318
300346
3003553
3003616
3004148
300495
3012344
3014784
3015407
3015510
3015512
3015513
3015514
3015956
3015958
3015959
3015960
3015969
3016187
301819
301820
3018446
3019859
3019860
302047
3020502
3020503
3020504
3020505
3020507
3020508
3020509
3020510
302184
3022001
3022007
3022208
3022209
3022862
3023028
302453
3025013
3025027
3026313
302777
3028768
3029320
3029366
302982
303001
303002
303004
303005
303006
303007
303008
303010
303012
303015
303016
303017
303025
303026
303030
303032
303035
303036
303037
303038
3030552
3030642
303121
3032575
3036909
3037310
303743
3037430
303755
3038064
3038431
30385
30387
3039
3039907
304000
304001
304002
304003
3040242
304027
3040395
3040396
304045
3040453
3040455
3040456
3040459
304046
3040460
3040461
304058
3040648
304068
304071
3040878
3041670
30422
304233
304252
304265
304266
304271
304276
304278
304281
304283
304285
304287
304288
304292
3043622
3043737
3044322
3044323
3044324
304453
3045600
3046864
304914
304915
3049902
3050167
3051150
3051151
3051259
3051261
3051262
3051909
30520
30521
3054208
305505
305506
305510
3055573
3055577
3055578
3055579
3055580
3055581
3055582
3055589
3055590
3055591
3055604
3055801
3055995
3055996
3055997
3056773
3056774
30581
3058429
3058430
3058431
3059431
3059464
3060204
3060276
3062090
3062169
3062245
3063932
3064168
306639
3067676
3068633
3068819
3070152
3070686
3070788
3071115
3071116
3072172
3072306
3072307
307234
30724
3073544
3073545
30736
3073994
3074082
3074084
3074085
3074086
3074087
3074088
3074089
3074090
3074091
3074092
3074093
3074094
3074095
3074096
3074098
3074101
3074102
3074103
3074130
3074278
307491
307507
3075083
3075085
3075605
307590
3076075
3076214
307687
3077883
3077884
3077885
307940
307941
307943
307944
307946
307947
307949
307950
307952
307953
307954
307955
307958
307959
307963
307964
307966
307967
3079689
3079692
3079693
3079695
3079696
307972
3079936
3080451
3080459
308079
308080
3080809
308096
3080979
3082949
3083376
3083464
308462
3085149
3085313
308713
3088
308847
3089029
3089136
309002
3092287
3092771
30945
3094956
3095013
3095014
3095016
3095050
3095109
3095125
3095258
3095266
3095272
3095278
3095280
3095337
3095341
3095343
309582
309583
309586
309590
309591
309592
309596
309597
309598
309599
30960
30962
309913
309922
30993
310261
3103373
310366
3104317
3104685
3105
310548
3107
3108959
310915
3110838
3110841
3110856
3110859
3110860
3111717
3111718
3111802
3112056
3112639
3113018
3113020
3113998
3114300
3116510
3117748
31178
31180
3118768
31190
3119606
3119954
31208
3121369
3121370
3123368
3123372
3123427
3126526
3127374
3127720
3128839
3128885
3129087
3129093
3129094
313159
313163
313164
313166
313167
313168
313169
313171
313173
313182
313184
313187
313237
313238
313243
313244
313246
3132797
31330
3133389
3133972
313441
3135530
3135534
3138048
3138111
3138616
3138809
3139374
3139398
314000
314002
3140030
314005
3141510
314245
314247
3143265
3143266
3145257
3148911
3148947
3150086
3150127
3150944
3151597
3151683
315322
3153518
3153520
315376
315377
315378
315492
315576
315706
3157328
3158976
316116
316125
316137
316138
316141
316142
316143
316144
316145
316146
316147
316150
3161538
316163
316200
316203
316209
316213
316226
3163282
3163288
317033
317254
317479
317480
317485
317486
317487
317498
317547
317549
317848
317849
317850
317925
31873
31907
319445
319540
319541
319749
319774
319776
319782
320037
320376
320379
320383
320395
320398
320400
320401
320406
320408
320411
320412
320568
320590
320591
320607
320611
320612
320615
320617
320618
320623
321332
321403
322121
322131
322683
3231064
3231738
323264
323265
323266
3233995
3234199
3238686
3238806
3240080
3241346
3241385
3241386
3241390
3241392
3244233
3245384
3246432
3247196
3248906
32501
32503
32507
32509
32534
325680
325681
325683
325685
325689
32570
3258293
326144
326146
326578
327050
327403
327405
327692
327694
327695
327696
327697
327698
327699
327700
327701
327703
327704
327705
327706
327707
327708
327762
327792
327811
3279730
328046
328269
328410
328518
328519
328520
328521
328523
328524
328525
328528
328529
328532
328534
328535
328536
328543
328544
328546
328548
328549
328550
3285840
3286402
328666
3289283
328979
329
329022
329023
329105
329114
329116
329431
329726
329924
329967
329968
329969
33051
330958
330962
330963
331036
331085
331087
331102
331103
331146
331524
332172
332421
3326571
333315
333337
33397
33408
3341951
3342687
334371
334415
3344871
3345192
334625
334711
334712
334873
334878
334885
334889
334892
334896
334909
334912
334913
334914
334922
334925
334926
334927
334929
334931
334934
334940
334942
3349434
334978
334986
334988
335002
335005
335007
335010
335027
335060
335062
3352198
3352246
3352506
3352919
3353270
3353724
335406
3354246
3354401
3355608
3356798
3356802
3356810
335690
3357176
3357921
3358073
3358360
3358361
3358442
3358578
3358579
3358580
3358778
3358807
335925
3359602
3359897
3362070
336262
3363529
3363530
3363564
3363661
3363670
3363687
3363751
3366713
336810
3369700
3369701
3370257
3371117
3373261
3373386
337423
337637
337641
337642
337680
337692
337708
337735
337761
337885
33790
338244
338315
338457
338887
340416
340692
341088
341101
341114
341117
341118
342434
342439
342441
343525
343526
343527
343538
344226
344322
34520
345459
345559
345742
34648
346787
347520
34773
34774
34787
34793
34797
34798
34799
34800
34802
34807
34816
34817
34819
34823
348696
348705
348707
348708
348709
348710
348711
34875
34886
34890
34892
349162
349311
349546
349646
349650
349654
349656
349658
349672
350064
350065
350071
350768
350769
350771
350772
350774
351240
351694
352243
352245
352917
354114
354116
35523
355514
356393
356809
356810
356812
356814
356815
356816
35728
357281
357285
357287
357444
357531
357699
357999
358387
358388
358390
358392
358399
358454
358800
359311
359312
359998
360505
360508
360968
360972
360985
360990
361153
361155
36143
361471
361473
361476
361634
361642
361644
361645
361646
361647
361648
361649
36176
36180
36181
36185
36212
36221
362263
362312
362320
362322
362324
36249
36269
363190
363549
363835
364019
365056
365059
365146
365149
365578
365580
365581
366441
366500
367072
367073
367074
367075
36718
367269
367270
367275
367277
367866
367901
369345
369623
369630
369631
369634
369639
369640
369644
369646
369648
369650
369651
369652
369654
369655
369656
369658
369659
369660
369665
369667
369668
369674
369680
369681
369687
369908
369910
369968
370036
370357
37036
370360
370369
370370
37166
37167
371725
371863
37190
37191
371917
37273
373250
37338
37339
37340
37346
373843
373844
374848
37508
37510
37515
37524
37621
376219
37655
376888
376895
376896
376897
377538
379066
379085
380170
380514
380747
380990
381029
381031
381036
381338
381601
381604
381608
381645
381656
38241
382950
382951
382953
384371
384378
384597
385229
385233
385245
38527
385307
385310
38569
38578
386078
386086
386089
386091
386614
386874
38742
38762
387663
38775
388021
388022
38833
390314
390315
390338
390340
390343
390377
390392
390433
390465
390474
390674
390682
390686
390691
39082
390836
39088
39090
39097
391173
391225
391764
391767
392301
392307
392499
39281
392846
39298
39299
39301
393182
39374
394299
39442
394683
394686
394687
394688
394689
394690
394691
394692
394693
394694
394695
394696
394697
394698
394699
394700
394701
394702
394703
394704
394705
394706
394707
394708
39568
39569
396330
396355
396698
396779
396781
397161
397260
397595
398258
398654
398665
399150
399152
399176
399230
399234
39971
399793
399998
400000
400003
400004
400006
400009
400011
400035
400069
400678
401640
401642
401643
401699
40171
40189
40208
40210
40217
402241
402406
40256
403224
403566
403569
405000
40509
40511
405139
406530
406531
406532
406536
40681
40831
40833
409302
410726
411569
41164
411872
411919
411966
41210
41246
412663
41446
41447
415978
416956
41697
417912
417927
417931
417934
417941
417945
417954
417956
417957
41806
41808
418109
418111
418128
418130
418132
418454
41875
41882
419013
419329
419338
419340
419341
419342
419343
419950
420105
420112
420434
420456
420457
420458
420460
420462
420623
42100
42151
42192
423369
423370
423371
42391
42394
42409
42429
42431
42434
424800
425479
425481
425483
425484
425490
425500
425503
425520
425751
425934
426094
426095
426098
426380
427913
428027
428030
428032
428036
428037
42846
42851
42852
42892
429428
429650
430039
430040
430564
43146
43151
431633
43209
432164
432167
432168
432344
432355
432385
43296
433379
433386
433387
433388
433389
433390
433391
433392
433393
433395
433396
433399
433401
433402
433403
433411
43346
43347
433577
433633
433667
433668
433669
433738
434038
435
435004
435128
435131
435144
435156
435225
435231
435243
435274
435299
435301
435999
436002
436009
436017
436290
436291
43689
437162
437614
437757
437758
437759
438492
43956
43957
439892
44166
44176
44187
44190
44195
44197
44206
44208
44209
44211
44243
442640
442643
442644
442645
442647
44306
443256
443629
443631
443633
443636
443640
443644
443676
443677
443678
443684
443692
443693
443694
443695
443698
443705
443721
443723
443724
443730
443755
443798
443804
445388
445390
446425
446431
446432
446433
446483
44664
446791
446792
446793
446815
446823
446825
447135
447821
448029
448039
449317
44932
450191
450224
452076
452642
452646
453925
453929
454056
454057
454559
455156
455393
455396
455400
455453
45639
457498
457500
457506
457511
457514
457516
457518
457520
457521
457524
45781
45783
458030
458489
458580
458584
458605
458845
459045
459221
459287
459495
459747
461204
461206
461207
46167
461717
461720
461722
46259
462680
463596
463598
464750
464751
464752
464753
464754
464755
465781
465786
46598
466111
466570
466578
466579
466581
466584
466630
466638
466654
466664
466670
466685
466715
466721
466723
466727
466733
466734
466738
466754
466756
466764
466766
466770
466788
466790
466798
466800
466806
466808
466812
466817
466829
466837
466843
466962
466993
466999
467003
469326
469479
469658
469659
469896
469901
469902
469903
470226
470227
470729
470924
470926
470928
47129
471580
471972
471973
472376
472378
472379
472380
472381
472382
472384
472387
472388
472766
473314
473320
473322
473325
473350
473354
473369
473453
473866
475165
476914
476915
476916
476918
476919
476920
476925
476928
476930
477781
478194
478246
478259
478261
479469
479583
479640
479643
47969
47982
479980
480039
480040
480041
480602
480603
480604
480610
48089
481459
48167
481688
481689
481690
481691
481699
481700
481701
481777
481892
48271
482874
482913
482915
482919
483362
483880
48416
48443
48548
486151
486222
48668
48698
48701
48706
487173
48747
488061
489037
489441
490051
490245
490246
490309
490372
490388
490875
490876
491015
49192
492019
492021
492022
492023
492024
492026
492027
492028
492029
492030
492031
492034
492037
492042
492047
492049
492524
49290
49291
495043
495829
495831
495836
495847
495849
495850
496415
496980
496985
496992
497157
497222
497288
497503
497819
497904
497908
497984
498261
498399
499535
499856
499945
500393
500566
502345
50342
50365
50367
50612
50613
50649
50731
508009
508012
508046
50812
508554
508607
508657
508659
508665
509747
509850
509856
509858
511022
511034
511037
511041
511703
511734
511736
511794
512201
512202
512203
512204
512205
512206
512207
512273
51303
51338
515231
515355
515356
51549
515944
516014
516016
516038
516496
516529
516810
51758
51768
51789
51798
51815
518689
518691
518692
519549
519550
519551
520517
521031
521033
521034
521036
521093
521416
522486
52273
525764
52617
52619
52620
526217
526618
526620
526623
526742
527039
527125
52757
52760
527700
528211
528212
529014
529886
529891
531318
531320
531323
531324
531325
531327
531328
531403
531869
533311
53479
535292
535293
535294
535295
535298
535299
535301
535302
535303
536042
53687
537456
539329
541010
541011
542
54317
54319
54323
54325
54327
54328
54330
54331
54332
54337
54343
54344
54350
54351
54353
544957
545417
545418
54556
545656
545687
545688
545689
546018
546271
546525
546662
54672
547149
547593
548164
549331
549393
55040
55048
55050
55124
552516
552942
553030
55409
55410
554455
555217
55529
555454
555484
555485
555487
555489
555490
555491
555492
555493
555496
55554
55555
55556
556781
556791
556796
556873
557338
557346
557350
557352
557361
557364
557408
557410
557412
557414
557819
559176
559522
559523
559540
559666
560255
560599
560611
560612
56069
560761
560804
561110
561260
561261
561267
561508
561509
561510
561518
56195
56216
56245
56262
56278
563996
564077
564176
564874
565044
565240
565241
56620
56723
56726
56737
56781
56789
56790
568884
568893
569425
569589
571210
571294
571888
571934
571935
572044
572250
573213
573377
57372
575221
575525
575557
575559
57633
57734
57779
57780
57784
57790
57818
57849
57865
57866
579138
58095
581012
581201
581202
58220
58237
58317
58319
58323
58325
58327
585233
585234
585235
585236
585237
586674
586675
586676
586769
586773
586785
586786
586787
586788
586789
586790
586798
586809
586812
586816
586817
586850
586851
587067
58800
589913
590635
591140
591142
591250
591253
591254
591255
591258
591259
591260
591265
591266
591267
591268
591269
591270
591271
591275
591276
591277
591278
591279
591280
591281
591282
591283
591284
591285
591286
591288
591289
591304
591305
591309
591311
591313
591317
591319
591320
591321
591323
591325
591326
591327
591328
591330
591332
591334
591335
591336
591337
59291
59296
593563
59538
59542
59564
596145
596146
59688
59837
59861
59862
598664
59946
599903
602008
602009
602068
603439
603609
6052
6055
60565
60579
60593
6063
608205
608843
608896
608902
609006
609024
609060
61084
611654
611689
613160
613161
613162
613164
613165
61323
6148
61626
61627
61628
61641
61643
61712
61755
61853
620380
620489
620498
620506
620512
620519
62062
62067
62086
621456
621459
6221
622373
622374
622759
62621
626210
626227
626376
62698
627343
627344
62819
630221
630648
630668
630692
630694
63221
633558
634733
634734
634736
634739
634740
637728
639604
639606
641108
641109
641111
641117
641271
641272
641275
641277
641279
641282
641285
641289
641303
64150
64185
642028
642415
642806
643316
643317
643318
643319
643321
643322
643324
643325
643327
643328
643332
643333
643338
643339
643340
643342
643353
643355
643357
643358
643361
643362
643364
643368
643369
643374
643375
643376
643382
643383
643386
643391
643393
643411
643419
643421
643423
643425
643427
643439
643442
643457
643462
643471
64352
643647
644112
644113
64534
64543
646011
646013
646014
646017
646018
646021
646022
646026
646028
646030
646032
646041
646047
646049
646536
646537
64804
64806
648071
64811
64813
648151
650257
650554
65123
651718
652442
653931
6551
655519
655538
655540
655541
655560
655582
657187
65739
657625
658252
658254
658255
658256
658622
658857
661034
661041
661042
661043
661088
662063
662068
662069
662561
66296
66299
663232
66447
665601
666509
666526
666529
666535
666865
6669
667017
66718
66845
668487
66911
66912
66913
670348
670497
670522
670595
670601
671077
6720
67537
67541
67547
678544
678550
678551
678552
67896
679155
680342
681720
681939
682059
682658
68294
683134
684722
685029
685031
68568
68569
685724
685725
686279
686327
686568
686688
68724
68728
68730
68741
687869
689061
689628
689653
69136
691748
691795
691800
691801
69196
69238
69240
69242
69255
69293
69308
696282
696283
696296
696300
696312
696409
696747
696857
697582
69811
69823
69944
699532
699555
699558
700369
700374
700623
70082
70084
70086
701737
702834
70284
70285
7029
703242
703452
703580
70446
70541
70546
70548
70549
70551
706635
707279
707280
707281
707283
70739
707724
707725
707735
708248
708428
70919
711055
71113
71160
712538
713030
714205
71513
7152
7153
7159
7160
7163
7165
716701
71677
7175
71750
71751
71752
71753
71754
71755
71756
71757
7176
71763
71765
71767
71769
7177
71771
71773
7178
7183
72053
72054
72055
72056
72057
72058
72059
72060
72061
72062
72063
72064
72065
72066
72067
72069
72070
72071
72072
72073
72074
72075
72076
72077
72078
72079
72080
72081
72082
72083
72084
72085
72086
72087
72088
72089
72090
72091
72092
72093
72094
72095
72096
72097
72098
72099
72100
72101
72102
72103
72104
72105
72106
72107
72108
72109
72110
72241
72242
72243
722436
722757
722766
72290
72292
72450
72523
72540
72541
72542
72543
72544
72639
72668
72671
72675
72676
72715
72723
72725
73431
740692
740695
740698
740928
740932
740938
740986
740987
741938
7425
742514
743401
743461
743960
745310
745503
747040
747041
748366
749190
749191
74940
749476
749526
749972
75012
75013
75014
75015
75022
75024
75026
75028
75030
75038
75040
75042
75140
75286
75288
753202
75329
75330
75332
75334
75343
75348
75350
75352
75353
75354
75356
75358
75362
753643
753644
75366
75372
753902
753915
753916
754458
754459
7552
755338
756461
756472
756765
75832
75838
75839
75844
75854
758599
75861
75864
75865
75869
75937
75939
7598
76058
76074
7609
7612
7614
7616
762048
762856
7634
76340
763460
7635
7646
7648
764836
7650
765186
7653
765333
7654
765713
765714
76593
7660
7663
7667
7668
7671
767263
767266
767270
767273
767276
767277
767278
767279
767282
767283
767285
767298
767300
767302
767306
767308
767310
767312
767314
767320
7678
76798
76841
768495
768496
768700
768769
768844
768845
76927
7698
7700
7710
77115
7764
77646
7765
7767
77707
77715
77716
77745
77794
77795
77796
77798
77799
77801
77803
7781
7782
77839
7787
7792
7797
78394
78424
7849
7871
7873
78875
794811
7950
795477
7957
7959
796020
796021
796023
7962
796219
796255
796263
796274
7965
79683
79686
79698
7971
7973
79784
7980
798166
798169
7998
8001
8014
8017
8018
8019
8020
8021
8022
8023
80270
80273
8030
8032
8034
8035
8036
8037
8038
8039
8040
80419
8042
8047
8049
8052
8056
8058
8060
8063
80640
80720
80721
80765
80779
80780
80783
80784
80787
80788
80789
80790
80791
80793
80800
80805
80806
80807
80810
8094
80948
80949
80950
80951
80952
80955
80956
8096
80966
80968
8097
80970
80971
80972
80973
80975
80976
80977
80982
80983
80985
80987
80991
80994
80995
8103
8110
8127
8128
81389
8142
8144
8148
8150
81572
8161
81636
8164
8167
8168
817
81723
8182
8187
8197
8199
8201
8204
82134
82174
8222
82366
8245
8255
8260
8262
8265
8267
8284
82893
82895
82899
83385
83390
83392
83396
83653
83851
83874
83875
84397
84408
84621
84795
84826
85047
85061
85062
85063
85065
85066
857506
857569
857570
857638
857721
859389
859426
85952
86068
861190
861476
861478
861514
861515
86203
86205
86220
86222
86224
86228
86230
86232
86235
86239
86241
86250
86255
862821
862825
862896
862900
862908
863613
864464
864651
864659
86515
86530
866009
866753
86679
867811
868563
868580
869069
86918
869195
869236
86928
86930
86934
86940
86943
869812
870289
870488
870499
873164
875769
875775
875780
875789
875791
875885
876628
876641
87785
87886
878968
879073
879074
879481
879482
879483
879812
880239
88024
880343
880961
881187
881899
88200
88201
882799
882823
882859
882883
882889
882983
882994
8832
8838
8839
8840
884168
8843
8845
88450
88456
8846
8853
8855
886298
886601
8868
88705
887132
887868
887869
887870
8879
887917
887918
8880
8882
8884
88953
89057
89058
8915
89337
89558
89574
89580
89945
89947
89949
89950
89952
89953
90069
90071
90246
90247
9031
90313
9032
9033
9034
90661
90663
90667
907
90735
90751
907714
908148
909123
909836
909837
909845
910387
910624
911169
9118
91197
912804
91607
91610
91653
91654
91658
91660
91661
91958
92439
92522
926443
926444
927704
928250
928997
930204
930206
93047
93049
930864
930865
930977
932674
932715
932717
932718
933219
933222
933223
933224
933226
933931
933992
93600
93621
936278
93723
937755
938222
938380
938382
938385
938393
938400
940261
941636
94172
94174
94175
941907
941984
94237
942859
94306
943103
943112
943113
9433
94623
94630
947549
947577
947578
948019
948025
948029
948030
948031
948067
948070
948796
94907
94911
94949
9541
9586
9598
9606
9612
9614
9615
9622
9624
9626
9636
9643
9644
9654
9657
96764
96882
96883
96888
96903
9704
9708
97084
9715
9716
9720
97242
97252
9728
9731
9733
9735
9736
9737
9739
9742
9744
9752
9764
9768
9769
9770
9771
9773
979681
979682
980326
980329
980331
980332
980336
980339
980342
980343
980344
980385
980387
980417
980419
981278
981613
9823
9825
98288
98299
98306
983304
98366
98376
98377
98378
9838
983944
98395
98397
98425
984991
986102
986104
986105
98646
98648
98657
987425
987434
987451
987862
987866
987869
987870
987871
987872
987909
987924
987925
987977
987992
987996
988008
988009
988049
988065
988071
988081
988089
988106
988114
988162
988163
9886
9887
9888
98923
989232
98928
9901
9902
9904
990554
990559
990566
990597
990599
9906
9909
990932
991002
9913
9915
9923
9925
993561
9940
994856
994860
994862
997026
997530
997532
997551
99766
997964
997974
997976
997977
997978
997984
997985
998006
99804
9983
998431
9988
99883
99884
999357
999358
999359
999361
999932
