dada2_input	filtered	dada_f	dada_r	merged	nonchim	final_perc_reads_retained
MP_E1032_OC0821_PCR1	86085	80304	80276	80277	80019	79610	92.5
MP_E1032_OC0821_PCR2	49441	37522	37337	37489	37118	36820	74.5
MP_E1032_OC0821_PCR3	103130	93948	93900	93903	93661	92857	90
MP_E1033_OC0821_PCR1	100318	93902	93724	93877	93036	92580	92.3
MP_E1033_OC0821_PCR2	90089	85395	85384	85376	85197	84975	94.3
MP_E1033_OC0821_PCR3	80394	74395	74376	74370	74178	73403	91.3
MP_E1034_OC0821_PCR1	86725	81669	81646	81652	81295	80700	93.1
MP_E1034_OC0821_PCR2	84752	76911	76875	76889	76583	75590	89.2
MP_E1034_OC0821_PCR3	85092	80425	80408	80365	79865	78529	92.3
MP_E1053_SKQ2021	79203	71142	71009	71053	70481	70463	89
MP_E1054_SKQ2021	31512	21482	21456	21463	21359	21359	67.8
MP_E1055_SKQ2021	73510	64606	64585	64563	63753	63378	86.2
MP_E1056_SKQ2021	71168	60140	60107	60090	59640	59568	83.7
MP_E1057_SKQ2021	94900	85594	85499	85490	84761	83208	87.7
MP_E1058_SKQ2021	72910	63240	63198	63179	63029	62791	86.1
MP_E1059_SKQ2021	71070	66287	66261	66261	64543	64316	90.5
MP_E1060_SKQ2021	50502	41287	41268	41262	40950	40926	81
MP_E1061_SKQ2021	88087	77661	77594	77562	76121	75819	86.1
MP_E1062_SKQ2021	60429	54274	54233	54251	54012	53945	89.3
MP_E1063_SKQ2021	72264	61406	61357	61355	61241	61025	84.4
MP_E1064_SKQ2021	83732	76433	76388	76374	75910	75254	89.9
MP_E1065_SKQ2021	60006	52790	52754	52754	52487	52319	87.2
MP_E1066_SKQ2021	69679	63924	63891	63874	61921	61866	88.8
MP_E1067_SKQ2021	82034	70394	70340	70338	69364	66996	81.7
MP_E1068_SKQ2021	66586	54409	54386	54359	53494	53315	80.1
MP_E1069_SKQ2021	62603	56428	56390	56398	55943	55858	89.2
MP_E1070_SKQ2021	79220	69431	69391	69319	67716	66355	83.8
MP_E1071_SKQ2021	48633	42904	42874	42872	42299	42278	86.9
MP_E1072_SKQ2021	58139	53485	53425	53435	52948	52865	90.9
MP_E1073_SKQ2021	43788	37787	37774	37776	37466	37345	85.3
MP_E1074_SKQ2021	79857	74093	74038	74059	73867	73819	92.4
MP_E1075_SKQ2021	89762	81104	81024	80988	80408	80128	89.3
MP_E1076_SKQ2021	49772	25348	25341	25335	24192	23607	47.4
MP_E1077_SKQ2021	91800	83995	83902	83957	83520	83341	90.8
MP_E1078_SKQ2021	55324	49073	49030	49048	48455	48376	87.4
MP_E1079_SKQ2021	73638	67797	67782	67736	67174	67124	91.2
MP_E1080_SKQ2021	85072	78720	78693	78676	77711	76802	90.3
MP_E1081_SKQ2021	79622	72360	72312	72283	71570	71160	89.4
MP_E1082_SKQ2021	64478	54461	54375	54395	54144	54033	83.8
MP_E1083_SKQ2021	83540	70083	69997	69993	69249	68903	82.5
MP_E1084_SKQ2021	100947	88186	88172	88128	87334	87014	86.2
MP_E1085_SKQ2021	79719	70604	70575	70571	70222	70137	88
MP_E1086_SKQ2021	80956	74746	74660	74625	73520	73216	90.4
MP_E1087_SKQ2021	74001	67190	67148	67101	66470	66267	89.5
MP_E1088_SKQ2021	92580	86049	85971	85916	84218	83792	90.5
MP_E1089_SKQ2021	92774	86570	86469	86479	85726	85225	91.9
MP_E1090_SKQ2021	83783	78404	78367	78357	77216	76708	91.6
MP_E1091_SKQ2021	109649	95790	95709	95597	95037	94689	86.4
MP_E1092_SKQ2021	92833	85269	85188	85201	84606	84264	90.8
MP_E1093_SKQ2021	119866	109679	109534	109548	108646	106833	89.1
MP_E1094_SKQ2021	83471	77325	77188	77137	76957	76914	92.1
MP_E1095_SKQ2021	70824	64555	64504	64473	64195	63899	90.2
MP_E1096_SKQ2021	104349	95442	95377	95341	94928	93959	90
MP_E1097_SKQ2021	80839	73485	73372	73352	72635	72504	89.7
MP_E1098_SKQ2021	86260	77063	76918	76839	75068	74644	86.5
MP_E1099_SKQ2021	96449	88897	88836	88799	88200	87069	90.3
MP_E1100_SKQ2021	73591	63720	63685	63698	63107	63064	85.7
MP_E1101_SKQ2021	85551	79984	79916	79911	78918	78625	91.9
MP_E1102_SKQ2021	118001	110791	110712	110725	109555	109098	92.5
MP_E1103_SKQ2021	80529	75435	75374	75394	74798	74571	92.6
MP_E1104_SKQ2021	99132	90730	90648	90655	90445	89983	90.8
MP_E1105_SKQ2021	89918	82845	82810	82805	82724	82481	91.7
MP_E1106_SKQ2021	75738	71698	71677	71663	71583	71494	94.4
MP_E1107_SKQ2021	82001	76226	76180	76186	76086	75774	92.4
MP_E1108_SKQ2021	77837	72587	72559	72556	71641	71579	92
MP_E1109_SKQ2021	75822	69869	69829	69801	69374	69220	91.3
MP_E1110_SKQ2021	87985	81153	81123	81081	80372	80103	91
MP_E1111_SKQ2021	6343	5887	5880	5878	5808	5787	91.2
MP_E1112_SKQ2021	94770	86007	85933	85946	85720	85236	89.9
MP_E1113_SKQ2021	74729	69385	69324	69354	69032	68895	92.2
MP_E1114_SKQ2021	75407	68755	68710	68691	68563	68447	90.8
MP_E1115_SKQ2021	91856	83153	83056	83119	82896	82744	90.1
MP_E1116_SKQ2021	96528	90197	90171	90171	89870	89691	92.9
MP_E1117_SKQ2021	100857	90982	90933	90920	90742	90275	89.5
MP_E1118_SKQ2021	113891	106561	106487	106442	105877	105626	92.7
MP_E1119_SKQ2021	107957	98499	98453	98439	98207	97754	90.5
MP_E1120_SKQ2021	106978	99245	99194	99143	98736	98252	91.8
MP_E1121_SKQ2021	94604	86455	86400	86395	85814	85763	90.7
MP_E1122_SKQ2021	98623	92285	92247	92230	91963	91651	92.9
MP_E1123_SKQ2021	110029	102552	102453	102466	101606	100495	91.3
MP_E1124_SKQ2021	48483	44844	44803	44814	44195	44190	91.1
MP_E1125_SKQ2021	88652	76732	76699	76684	76252	76141	85.9
MP_E1126_SKQ2021	71936	65124	65096	65100	63727	63600	88.4
MP_E1127_SKQ2021	83256	70708	70624	70610	70298	69670	83.7
MP_E1128_SKQ2021	76324	65921	65899	65880	64637	64457	84.5
MP_E1129_SKQ2021	55921	49931	49874	49571	49477	49454	88.4
MP_E1130_SKQ2021	103123	95465	95413	95364	95109	94278	91.4
MP_E1131_SKQ2021	39863	36937	36932	36923	36284	36284	91
MP_E1132_SKQ2021	52666	46523	46515	46516	46068	45924	87.2
MP_E1133_SKQ2021	106494	99122	99078	99070	98912	98810	92.8
MP_E1134_SKQ2021	91794	83099	82877	83008	82098	81748	89.1
MP_E1135_SKQ2021	103535	94517	94482	94479	94224	94121	90.9
MP_E1136_SKQ2021	107258	101308	101235	101221	98945	98371	91.7
MP_E1137_SKQ2021	143450	135505	135420	135360	135071	134499	93.8
MP_E1138_SKQ2021	88643	83509	83498	83489	83451	83199	93.9
MP_E1139_SKQ2021	107287	102146	102068	102050	94755	94593	88.2
MP_E1140_SKQ2021	101997	94282	94221	94188	92666	92086	90.3
MP_E1141_SKQ2021	76194	69955	69929	69939	69764	69730	91.5
MP_E1142_SKQ2021	92371	84602	84556	84508	84333	84109	91.1
MP_E1143_SKQ2021	117586	108799	108721	108741	107850	107363	91.3
MP_E1144_SKQ2021	102485	93578	93551	93536	92524	92385	90.1
MP_E1145_SKQ2021	77499	70325	70255	70283	70126	70121	90.5
MP_E1146_SKQ2021	84589	79184	79122	79156	79017	78942	93.3
MP_E1172_OC0622	110727	101038	100946	100843	99736	95719	86.4
MP_E1173_OC0622	118700	110723	110640	110665	109762	106708	89.9
MP_E1174_OC0622	109492	101383	101319	101317	100569	98465	89.9
MP_E1229_OC0822_PCR1	98492	89669	89551	89522	88707	86524	87.8
MP_E1229_OC0822_PCR2	102150	94434	94284	94282	93455	92242	90.3
MP_E1229_OC0822_PCR3	85377	79392	79284	79230	78431	76995	90.2
MP_E1230_OC0822_PCR1	100793	93826	93679	93607	92788	90708	90
MP_E1230_OC0822_PCR2	108935	101289	101055	101110	100159	97704	89.7
MP_E1230_OC0822_PCR3	93878	86265	86095	86074	85097	82936	88.3
MP_E1231_OC0822_PCR1	110256	103620	103362	103264	101967	98380	89.2
MP_E1231_OC0822_PCR2	88478	81946	81793	81746	80883	78730	89
MP_E1231_OC0822_PCR3	89606	81348	81185	81152	80335	77738	86.8
MP_E1240_OC0922	109244	103717	103506	103363	101871	99935	91.5
MP_E1241_OC0922	112860	106929	106732	106718	105652	104268	92.4
MP_E1242_OC0922	115209	108767	108590	108600	107919	105966	92
MP_E1243_OC0922	131959	119716	119497	119477	117983	115454	87.5
MP_E1244_OC0922	116720	105103	104994	104917	104244	101884	87.3
MP_E1245_OC0922	98925	83717	83625	83540	82515	79894	80.8
MP_E1246_OC0922	107139	96175	96082	96100	95206	94503	88.2
MP_E1247_OC0922	99638	89502	89270	89216	88104	86692	87
MP_E1248_OC0922	108781	99176	98993	98878	98020	94917	87.3
MP_E1249_OC0922	16524	11144	11077	11098	10726	10138	61.4
MP_E1250_OC0922	92479	88497	88404	88425	87827	85793	92.8
MP_E1251_OC0922	143628	137317	137251	137263	136020	130163	90.6
MP_E1252_OC0922	109056	103425	103409	103411	102720	95631	87.7
MP_E1253_OC0922	111878	104506	104408	104382	103327	100556	89.9
MP_E1254_OC0922	109896	104147	103916	103915	102965	100736	91.7
MP_E1255_OC0922	121704	115875	115701	115751	115004	112730	92.6
MP_E1256_OC0922	109428	100076	99991	100009	99363	97745	89.3
MP_E1257_OC0922	103888	98565	98489	98528	98086	96414	92.8
MP_E1258_OC0922	117801	111016	110904	110897	110217	106831	90.7
MP_E1259_OC0922	140783	131988	131833	131837	130246	124490	88.4
MP_E1260_OC0922	112606	107029	106944	106970	106122	101403	90.1
MP_E1261_OC0922	146846	139731	139638	139649	138792	136252	92.8
MP_E1262_OC0922	120343	114352	114193	114234	113400	107845	89.6
MP_E1263_OC0922	83330	67594	67489	67562	67187	66659	80
MP_E1265_OC0922_PCR1	108612	98718	98641	98651	97805	91360	84.1
MP_E1265_OC0922_PCR2	110941	102975	102889	102908	102240	96618	87.1
MP_E1265_OC0922_PCR3	122181	113937	113847	113886	113052	106778	87.4
MP_E1266_OC0922_PCR1	117952	108978	108917	108938	108285	103791	88
MP_E1266_OC0922_PCR2	110948	102599	102525	102505	101588	96761	87.2
MP_E1266_OC0922_PCR3	20283	18411	18327	18392	18211	17420	85.9
MP_E1267_OC0922_PCR1	127435	118900	118814	118832	117813	111231	87.3
MP_E1267_OC0922_PCR2	123285	111643	111567	111580	110148	103088	83.6
MP_E1267_OC0922_PCR3	95674	84210	84134	84105	82932	77457	81
MP_E1275_OC1021	123423	117901	117805	117758	116685	113778	92.2
MP_E1276_OC1021	95365	91879	91827	91846	91642	91266	95.7
MP_E1277_OC1021	112693	108137	108061	108090	107691	105132	93.3
MP_E1278_OC1021	105865	100134	100035	100046	99415	98696	93.2
MP_E1279_OC1021	99271	93562	93446	93426	92897	91938	92.6
MP_E1280_OC1021	115275	110555	110348	110297	109682	109263	94.8
MP_E1281_OC1021	59021	55427	55403	55366	55192	55053	93.3
MP_E1282_OC1021	93569	89267	89189	89160	88640	87779	93.8
MP_E1283_OC1021	121095	115333	115277	115215	114838	113678	93.9
MP_E1284_OC1021	132770	126312	126230	126253	125763	124866	94
MP_E1285_OC1021	106274	101971	101936	101909	101526	100829	94.9
MP_E1286_OC1021	98260	93651	93630	93625	93174	92376	94
MP_E1287_OC1021	84799	80715	80644	80657	80267	79914	94.2
MP_E1288_OC1021	71860	68137	68120	68123	67843	67604	94.1
MP_E1289_OC1021	122788	116954	116882	116877	116332	114727	93.4
MP_E1290_OC1021	632	614	612	612	601	601	95.1
MP_E1291_OC1021	106444	100288	100254	100256	99955	99752	93.7
MP_E1292_OC1021	34065	31707	31706	31697	31657	31647	92.9
MP_E1293_OC1021	50947	49163	49155	49152	49083	49074	96.3
MP_E1294_OC1021	104846	101378	101364	101355	100813	98437	93.9
MP_E1295_OC1021	30806	29618	29605	29615	29504	29499	95.8
MP_E1296_OC1021	104604	100930	100899	100913	100496	100439	96
MP_E1297_OC1021	28111	26266	26262	26248	26094	26091	92.8
MP_E1298_OC1021	32118	29354	29345	29348	29274	29248	91.1
MP_E1299_OC1021	102456	96904	96786	96824	96497	95460	93.2
MP_E1300_OC1021	69188	64892	64740	64811	64037	60830	87.9
MP_E1301_OC1021	72966	69322	69297	69275	69168	69128	94.7
MP_E1302_OC1021	85222	81269	81208	81213	81083	80981	95
MP_E1303_OC1021	106695	100845	100695	100663	99972	98697	92.5
MP_E1304_OC1021	63035	59104	59070	59089	59034	58927	93.5
MP_E1305_OC1021	16855	14201	14195	14167	14159	14116	83.7
MP_E1306_OC1021	114565	106132	106077	106049	105429	103407	90.3
MP_E1307_OC1021	96903	91832	91701	91718	91376	90678	93.6
MP_E1308_OC1021	87984	78059	77952	77986	77652	77435	88
MP_E1309_OC1021	112332	106323	106193	106219	105945	105437	93.9
MP_E1310_OC1021	79248	74183	74133	74091	73833	73548	92.8
MP_E1312_OC1021	134056	126236	126001	125984	125180	121687	90.8
MP_E1313_OC1021	82593	77315	77206	77230	76875	76276	92.4
MP_E1315_OC1021	59769	56578	56551	56548	56310	56230	94.1
MP_E1316_OC1021	85416	79648	79422	79455	78976	78199	91.6
MP_E1317_OC1021	59175	55867	55845	55835	55684	55651	94
MP_E1318_OC1021	105018	95557	95379	95274	94713	93256	88.8
MP_E1319_OC1021	100204	88663	88428	88424	87660	86991	86.8
MP_E1320_OC1021	94171	88633	88524	88527	88160	87999	93.4
MP_E1321_OC1021	79906	75445	75375	75384	75202	75096	94
MP_E1322_OC1021	94145	88079	87923	87862	87465	86632	92
MP_E1323_OC1021_PCR1	79626	73626	73610	73601	73409	73378	92.2
MP_E1323_OC1021_PCR2	90532	86188	86157	86168	85937	85832	94.8
MP_E1323_OC1021_PCR3	69505	63405	63385	63375	63187	63136	90.8
MP_E1324_OC1021_PCR1	94827	86070	86022	86062	85359	85237	89.9
MP_E1324_OC1021_PCR2	109808	103395	103341	103372	103171	103036	93.8
MP_E1324_OC1021_PCR3	95367	88627	88604	88613	88029	87976	92.2
MP_E1325_OC1021_PCR1	84211	77414	77393	77342	77157	77102	91.6
MP_E1325_OC1021_PCR2	83149	74639	74628	74620	74498	74408	89.5
MP_E1325_OC1021_PCR3	85737	77817	77795	77795	77680	77448	90.3
MP_E1389_OC0722	86829	80998	80983	80950	79762	76874	88.5
MP_E1390_OC0722	108367	102914	102850	102861	102377	100865	93.1
MP_E1391_OC0722	99524	94090	94051	94048	93647	92704	93.1
MP_E1403_OC0722	149583	142466	142322	142298	141595	136971	91.6
MP_E1404_OC0722	91074	84150	84035	84047	83795	83587	91.8
MP_E1406_OC0722	151814	144191	144101	144059	143400	141324	93.1
MP_E1408_OC0722	84120	79343	79196	79160	78467	72263	85.9
MP_E1410_OC0722	104005	100456	100442	100424	100158	99983	96.1
MP_E1412_OC0722	125261	117512	117448	117445	116968	114620	91.5
MP_E1414_OC0722	88783	84759	84704	84736	84458	83930	94.5
MP_E1416_OC0722	118409	111285	111180	111194	110284	106272	89.7
MP_E1418_OC0722	108756	102489	102435	102415	101945	100477	92.4
MP_E1420_OC0722	124639	116895	116753	116761	115961	113682	91.2
MP_E1422_OC0722	129295	121738	121578	121602	120587	116833	90.4
MP_E1424_OC0722	127823	118978	118603	118555	117232	114661	89.7
MP_E1426_OC0722	138793	131715	131662	131620	130849	127754	92
MP_E1845_OC0623	110239	97001	96930	96953	96345	95293	86.4
MP_E1846_OC0623	125379	117894	117849	117831	117282	115589	92.2
MP_E1847_OC0623	94779	88011	87936	87944	87473	86170	90.9
MP_E1849_OC0723	103621	96019	95964	95967	94977	93075	89.8
MP_E1850_OC0723	107160	98814	98608	98573	97881	97181	90.7
MP_E1851_OC0723	135130	127452	127138	127031	125722	122452	90.6
MP_E1852_OC0723	88514	81441	81397	81423	81111	80932	91.4
MP_E1853_OC0723	113822	107286	107113	107201	106513	104848	92.1
MP_E1854_OC0723	153267	144730	144505	144495	142390	137459	89.7
MP_E1855_OC0723	128812	121229	121032	121002	120221	118576	92.1
MP_E1856_OC0723	106475	98764	98595	98596	97884	96676	90.8
MP_E1857_OC0723	120757	114752	114509	114485	113723	111525	92.4
MP_E1858_OC0723	138140	130682	130210	130230	128413	120593	87.3
MP_E1859_OC0723	96268	90028	89945	89908	89567	89192	92.6
MP_E1860_OC0723	132415	125612	125548	125528	125285	125134	94.5
MP_E1861_OC0723	104724	98989	98929	98941	98629	98476	94
MP_E1862_OC0723	92697	87271	87238	87250	87016	86966	93.8
MP_E1863_OC0723	110006	104461	104397	104382	104098	103764	94.3
MP_E1864_OC0723	95506	85099	84990	85011	84388	83902	87.8
MP_E1865_OC0723	108246	101329	101235	101219	100668	99909	92.3
MP_E1866_OC0723	98001	91408	91304	91363	90872	90203	92
MP_E1867_OC0723	117550	111994	111917	111985	111496	110835	94.3
MP_E1868_OC0723	53508	50114	50081	50088	50018	49999	93.4
MP_E1869_OC0723	131118	124787	124645	124603	124083	123104	93.9
MP_E1870_OC0723	82737	77690	77593	77579	77186	76669	92.7
MP_E1871_OC0723	86430	81823	81702	81784	81554	81182	93.9
MP_E1872_OC0723	90008	85424	85354	85310	84866	83957	93.3
MP_E1873_OC0723	98512	92492	92445	92407	91988	89431	90.8
MP_E1874_OC0723	100928	95450	95417	95392	95094	93382	92.5
MP_E1875_OC0723	89208	84638	84562	84615	84355	83261	93.3
MP_E2128_1B	43347	32401	32377	32380	32167	31610	72.9
MP_E2128_2B	85514	75610	75535	75551	75209	74400	87
MP_E2128_4B	70451	60459	60447	60438	60286	60016	85.2
MP_E2129_1B	30660	22353	22348	22332	22192	21696	70.8
MP_E2129_2B	18528	17259	17256	17254	17206	17206	92.9
MP_E2129_3B	50666	36331	36324	36327	36251	36234	71.5
MP_E2129_4B	30956	26441	26429	26440	26212	26210	84.7
MP_E2129_5B	21180	14957	14954	14954	14902	14899	70.3
MP_E2130_1B	63526	58973	58960	58955	58849	58766	92.5
MP_E2130_2B	51668	48044	48032	48023	47766	47711	92.3
MP_E2130_3B	49884	46567	46556	46557	46490	46437	93.1
MP_E2130_4B	57840	49594	49579	49566	49473	49343	85.3
MP_E2130_5B	33514	30242	30238	30236	30205	30200	90.1
MP_E2131_1B	81375	73567	73510	73492	73253	73044	89.8
MP_E2131_2B	14900	13139	13118	13137	13108	13107	88
MP_E2131_3B	39992	35757	35748	35742	35662	35662	89.2
MP_E2131_4B	64445	59186	59173	59130	59039	59019	91.6
MP_E2131_5B	73430	66865	66809	66807	65052	64794	88.2
MP_E2132_1B	104933	99156	98893	98829	97264	90694	86.4
MP_E2132_2B	92395	85131	85073	85065	84517	81893	88.6
MP_E2132_3B	93794	85306	85200	85227	84605	82639	88.1
MP_E2132_4B	61136	56809	56806	56802	56618	56509	92.4
MP_E2132_5B	30257	22996	22966	22966	22638	21600	71.4
MP_E2133_1B	98796	90087	90004	89973	89349	87242	88.3
MP_E2133_2B	62002	49960	49942	49947	49735	49002	79
MP_E2133_3B	43132	38633	38624	38620	38544	38469	89.2
MP_E2133_4B	76922	66540	66506	66512	66247	65567	85.2
MP_E2133_5B	62512	56866	56842	56845	56621	56220	89.9
MP_E2134_2B	36731	29693	29688	29689	28438	28438	77.4
MP_E2134_4B	57546	40620	40453	40406	39231	33553	58.3
MP_E2134_5B	21012	18936	18934	18928	18881	18881	89.9
MP_E2135_2B	95791	88264	88215	88178	87554	84314	88
MP_E2135_3B	109458	101765	101508	101542	100293	96352	88
MP_E2135_4B	51073	47216	47195	47153	46952	46314	90.7
MP_E2135_5B	106922	96974	96800	96813	95529	89226	83.4
MP_E2136_2B	11237	8249	8247	8244	8223	8216	73.1
MP_E2136_3B	62919	56805	56742	56798	56463	56203	89.3
MP_E2136_4B	37032	33713	33707	33707	33668	33650	90.9
MP_E2136_5B	21162	19122	19119	19121	19090	19043	90
MP_E2137_1B	26168	23842	23835	23830	23810	23807	91
MP_E446_1B_PCR2	117596	109817	109701	109621	108723	103764	88.2
MP_E446_1B_PCR3	106991	101030	100964	100958	99918	97254	90.9
MP_E446_2B_PCR2	75250	70935	70870	70886	70522	69148	91.9
MP_E446_2B_PCR3	120599	115405	115253	115260	114354	111169	92.2
MP_E446_3B_PCR2	51101	48453	48413	48385	48082	46761	91.5
MP_E446_3B_PCR3	119544	109567	109456	109463	108701	105252	88
MP_E447_1B_MiFishMod	110657	105455	105437	105424	105082	104739	94.7
MP_E447_1B_PCR2	121305	114798	114761	114732	114383	113580	93.6
MP_E447_1B_PCR3	113582	108395	108343	108300	107873	107045	94.2
MP_E447_2B_MiFishMod	81904	77406	77340	77374	77095	76691	93.6
MP_E447_2B_PCR2	107795	101264	101201	101154	100721	99622	92.4
MP_E447_2B_PCR3	104146	98552	98494	98447	97988	96839	93
MP_E447_3B_MiFishMod	109245	105532	105524	105470	105276	105264	96.4
MP_E447_3B_PCR2	150255	145102	145096	144991	144622	144551	96.2
MP_E447_3B_PCR3	158206	152870	152845	152710	152208	152093	96.1
MP_E448_1B_PCR2	122757	116156	116047	116033	115268	113360	92.3
MP_E448_1B_PCR3	83518	79350	79207	79198	78495	77039	92.2
MP_E448_2B_PCR2	98624	92244	92230	92234	91642	91489	92.8
MP_E448_2B_PCR3	87246	82716	82681	82698	82345	82256	94.3
MP_E448_3B_PCR2	102267	96216	96143	96142	95832	94612	92.5
MP_E448_3B_PCR3	109729	101912	101876	101860	101367	100664	91.7
MP_E449_1B_PCR2	101364	96829	96790	96731	96059	92941	91.7
MP_E449_1B_PCR3	127232	121828	121753	121782	120860	117687	92.5
MP_E449_2B_PCR2	82940	76710	76698	76674	76162	75181	90.6
MP_E449_2B_PCR3	110681	103369	103347	103359	102748	101470	91.7
MP_E449_3B_PCR2	109131	103343	103316	103249	102537	98451	90.2
MP_E449_3B_PCR3	116888	110619	110567	110538	109676	105184	90
MP_E450_1B_MiFishMod	115868	111005	110977	110955	110248	107535	92.8
MP_E450_1B_PCR2	92981	88651	88455	88486	87106	78464	84.4
MP_E450_1B_PCR3	103425	99182	99149	99136	98273	92542	89.5
MP_E450_2B_MiFishMod	70010	67645	67636	67550	67219	67048	95.8
MP_E450_2B_PCR2	110615	105777	105728	105704	104691	98477	89
MP_E450_2B_PCR3	103648	98655	98608	98612	97804	94579	91.3
MP_E450_3B_MiFishMod	100156	95369	95353	95340	94786	92589	92.4
MP_E450_3B_PCR2	108011	102346	102285	102253	101166	93709	86.8
MP_E450_3B_PCR3	110916	105363	105283	105296	104427	99481	89.7
MP_E474_MiFishMod	135229	129665	129447	129450	128402	123226	91.1
MP_E475_PCR2	103083	97006	96964	96963	96488	95065	92.2
MP_E475_PCR3	109490	104320	104291	104280	103761	101410	92.6
MP_E486_PCR2	123478	115023	114654	114576	113063	108720	88
MP_E486_PCR3	128325	122350	121937	121856	120361	115089	89.7
MP_E491_MiFishMod	100838	94047	93989	93984	93713	93007	92.2
MP_E492_1B_PCR2	156389	147735	147602	147658	147277	146586	93.7
MP_E492_1B_PCR3	42692	40743	40734	40723	40708	40604	95.1
MP_E494_PCR2	106323	100507	100242	100145	98961	96007	90.3
MP_E494_PCR3	91163	86243	86010	85999	85225	83232	91.3
MP_E496_1T_PCR2	91063	85451	85393	85362	85012	84408	92.7
MP_E496_1T_PCR3	106965	101098	100984	101002	100264	99643	93.2
MP_E496_3B_PCR2	96239	91183	91059	91109	90827	90275	93.8
MP_E496_3B_PCR3	96481	91224	91107	91120	90709	90038	93.3
MP_E498_1B_PCR2	98418	93040	92909	92861	92228	89819	91.3
MP_E498_1B_PCR3	89003	83197	83101	83054	82446	80681	90.6
MP_E498_2B_PCR2	94117	87866	87740	87706	87244	85774	91.1
MP_E498_2B_PCR3	115961	108673	108563	108488	107719	105569	91
MP_E498_3B_PCR2	102516	94750	94644	94557	93441	91590	89.3
MP_E498_3B_PCR3	96983	91781	91669	91588	91068	88917	91.7
MP_E573_1B_PCR2	129124	118856	118555	118497	117101	110700	85.7
MP_E573_1B_PCR3	100640	95608	95326	95421	94371	89672	89.1
MP_E573_2B_PCR2	140141	132686	132361	132335	130835	124565	88.9
MP_E573_2B_PCR3	140829	133769	133462	133489	132121	125763	89.3
MP_E573_3B_PCR2	130696	123446	123133	123037	121570	114131	87.3
MP_E573_3B_PCR3	145464	136996	136538	136515	134636	125815	86.5
MP_E574_1B_PCR2	111244	103683	103488	103470	102576	97679	87.8
MP_E574_1B_PCR3	121741	114535	114256	114186	112694	106839	87.8
MP_E574_2B_PCR2	104751	98877	98718	98732	97944	95646	91.3
MP_E574_2B_PCR3	101481	96223	96007	96007	95067	91499	90.2
MP_E574_3B_PCR2	102696	97471	97369	97354	96805	94777	92.3
MP_E574_3B_PCR3	93858	89134	89051	89038	88624	87283	93
MP_E575_1B_PCR2	53687	51623	51623	51613	51404	51391	95.7
MP_E575_1B_PCR3	40674	39049	39046	39044	38968	38961	95.8
MP_E575_2B_PCR2	77252	72884	72846	72865	72515	71433	92.5
MP_E575_2B_PCR3	78907	74119	74114	74086	73418	72724	92.2
MP_E575_3B_PCR2	122874	118025	117873	117916	117261	115981	94.4
MP_E575_3B_PCR3	73596	67352	67341	67301	66855	66204	90
MP_E598_1B_PCR2	152118	144203	143847	143850	142432	139148	91.5
MP_E598_1B_PCR3	112790	103805	103638	103554	102749	100894	89.5
MP_E598_2B_PCR2	122969	116170	115843	115841	114720	111906	91
MP_E598_2B_PCR3	117436	111425	111193	111141	110286	108242	92.2
MP_E598_3B_PCR2	118572	113127	112859	112813	111779	109352	92.2
MP_E598_3B_PCR3	109238	102377	102102	102145	100919	98785	90.4
MP_E600_1B_PCR2	82455	77987	77973	77974	77760	77336	93.8
MP_E600_1B_PCR3	91682	86635	86626	86619	86418	85763	93.5
MP_E600_2B_PCR2	106568	101296	101235	101209	100655	98360	92.3
MP_E600_2B_PCR3	106412	101011	100981	100851	100155	96752	90.9
MP_E600_3B_PCR2	113866	106067	106012	106008	105507	103393	90.8
MP_E600_3B_PCR3	135936	129542	129444	129390	128655	125484	92.3
MP_E610_NC	1940	1706	1699	1702	1696	1696	87.4
MP_E690_MiFishMod	126409	121960	121809	121702	120397	119840	94.8
MP_POSITIVE	118650	110725	110702	110722	109747	109686	92.4
