sample	lat	long	replicate	Site	Depth	bottle	oxy_conc_ch1 (micromole_kg-1)	salinity_ch1 (PSU)	chlor_fluorescence (ugrams_l-1)	silicate µM	nitrate_plus_nitriteµM	phosphate µM	ammonia	total inroganic N	total inorganic NtoP	pressure (decibar)	time (UTC)
E233.1B.NO20	71.598	-161.51	E233	CEO	40.618	3	294.64	32.764	NA	NA	NA	NA	NA	NA	NA	41.042	2020-10-5T21:59:40Z
E233.2B.NO20	71.598	-161.51	E233	CEO	40.618	3	294.64	32.764	NA	NA	NA	NA	NA	NA	NA	41.042	2020-10-5T21:59:40Z
E234.1B.NO20	71.598	-161.52	E234	CEO	4.851	13	332.36	28.878	0.168	1.78	0.14	0.25	0.56	0.7	2.8	4.901	2020-10-5T22:6:18Z
E234.2B.NO20	71.598	-161.52	E234	CEO	4.851	13	332.36	28.878	0.168	1.78	0.14	0.25	0.56	0.7	2.8	4.901	2020-10-5T22:6:18Z
E234.3B.NO20	71.598	-161.52	E234	CEO	4.851	13	332.36	28.878	0.168	1.78	0.14	0.25	0.56	0.7	2.8	4.901	2020-10-5T22:6:18Z
E235.1B.NO20	71.85	-162.16	E235	DBO 4.6n	35.8	2	349.38	32.596	NA	NA	NA	NA	NA	NA	NA	36.173	2020-10-6T3:28:44Z
E235.2B.NO20	71.85	-162.16	E235	DBO 4.6n	35.8	2	349.38	32.596	NA	NA	NA	NA	NA	NA	NA	36.173	2020-10-6T3:28:44Z
E235.3B.NO20	71.85	-162.16	E235	DBO 4.6n	35.8	2	349.38	32.596	NA	NA	NA	NA	NA	NA	NA	36.173	2020-10-6T3:28:44Z
E236.1B.NO20	71.849	-162.16	E236	DBO 4.6n	2.393	6	332.38	29.276	NA	NA	NA	NA	NA	NA	NA	2.418	2020-10-6T3:31:20Z
E236.2B.NO20	71.849	-162.16	E236	DBO 4.6n	2.393	6	332.38	29.276	NA	NA	NA	NA	NA	NA	NA	2.418	2020-10-6T3:31:20Z
E236.3B.NO20	71.849	-162.16	E236	DBO 4.6n	2.393	6	332.38	29.276	NA	NA	NA	NA	NA	NA	NA	2.418	2020-10-6T3:31:20Z
E237.1B.NO20	71.719	-161.77	E237	DBO 4.5n	39.093	2	320.9	32.697	0.656	22.26	7.86	1.12	3.38	11.24	10.03571429	39.501	2020-10-6T6:53:49Z
E237.2B.NO20	71.719	-161.77	E237	DBO 4.5n	39.093	2	320.9	32.697	0.656	22.26	7.86	1.12	3.38	11.24	10.03571429	39.501	2020-10-6T6:53:49Z
E238.1B.NO20	71.719	-161.77	E238	DBO 4.5n	4.628	7	331.4	29.039	0.484	1.78	0.14	0.35	0.35	0.49	1.4	4.676	2020-10-6T6:59:54Z
E238.2B.NO20	71.719	-161.77	E238	DBO 4.5n	4.628	7	331.4	29.039	0.484	1.78	0.14	0.35	0.35	0.49	1.4	4.676	2020-10-6T6:59:54Z
E239.1B.NO20	71.588	-161.4	E239	DBO 4.4n	41.557	2	285.42	32.774	0.488	26.13	12.1	1.87	4.43	16.53	8.839572193	41.991	2020-10-6T9:52:52Z
E239.2B.NO20	71.588	-161.4	E239	DBO 4.4n	41.557	2	285.42	32.774	0.488	26.13	12.1	1.87	4.43	16.53	8.839572193	41.991	2020-10-6T9:52:52Z
E240.1B.NO20	71.588	-161.4	E240	DBO 4.4n	5.611	7	331.62	28.907	0.5NA4	1.78	0.11	0.25	0.4	0.51	2.04	5.669	2020-10-6T9:58:58Z
E240.2B.NO20	71.588	-161.4	E240	DBO 4.4n	5.611	7	331.62	28.907	0.5NA4	1.78	0.11	0.25	0.4	0.51	2.04	5.669	2020-10-6T9:58:58Z
E241.1B.NO20	71.454	-161.04	E241	DBO 4.3n	43.604	2	293.29	32.845	NA	NA	NA	NA	NA	NA	NA	44.059	2020-10-6T12:43:52Z
E241.2B.NO20	71.454	-161.04	E241	DBO 4.3n	43.604	2	293.29	32.845	NA	NA	NA	NA	NA	NA	NA	44.059	2020-10-6T12:43:52Z
E242.1B.NO20	71.454	-161.04	E242	DBO 4.3n	4.742	7	330.26	29.063	0.576	1.78	0.11	0.33	0.69	0.8	2.424242424	4.791	2020-10-6T12:50:14Z
E242.2B.NO20	71.454	-161.04	E242	DBO 4.3n	4.742	7	330.26	29.063	0.576	1.78	0.11	0.33	0.69	0.8	2.424242424	4.791	2020-10-6T12:50:14Z
E243.1B.NO20	71.621	-157.93	E243	BarC-10	56.753	3	265.78	32.959	NA	NA	NA	NA	NA	NA	NA	57.347	2020-10-7T9:13:39Z
E243.2B.NO20	71.621	-157.93	E243	BarC-10	56.753	3	265.78	32.959	NA	NA	NA	NA	NA	NA	NA	57.347	2020-10-7T9:13:39Z
E244.1B.NO20	71.62	-157.93	E244	BarC-10	5.875	12	329.65	29.578	NA	NA	NA	NA	NA	NA	NA	5.936	2020-10-7T9:21:1Z
E244.2B.NO20	71.62	-157.93	E244	BarC-10	5.875	12	329.65	29.578	NA	NA	NA	NA	NA	NA	NA	5.936	2020-10-7T9:21:1Z
E245.1B.NO20	71.579	-157.84	E245	BarC-9	62.035	2	261.49	33.024	NA	NA	NA	NA	NA	NA	NA	62.684	2020-10-7T10:44:19Z
E245.2B.NO20	71.579	-157.84	E245	BarC-9	62.035	2	261.49	33.024	NA	NA	NA	NA	NA	NA	NA	62.684	2020-10-7T10:44:19Z
E246.1B.NO20	71.578	-157.84	E246	BarC-9	5.117	8	328.74	29.621	NA	NA	NA	NA	NA	NA	NA	5.17	2020-10-7T10:50:37Z
E246.2B.NO20	71.578	-157.84	E246	BarC-9	5.117	8	328.74	29.621	NA	NA	NA	NA	NA	NA	NA	5.17	2020-10-7T10:50:37Z
E247.1B.NO20	71.5	-157.66	E247	BarC-7	78.417	2	249.71	33.101	NA	NA	NA	NA	NA	NA	NA	79.241	2020-10-7T14:2:15Z
E247.2B.NO20	71.5	-157.66	E247	BarC-7	78.417	2	249.71	33.101	NA	NA	NA	NA	NA	NA	NA	79.241	2020-10-7T14:2:15Z
E248.1B.NO20	71.5	-157.66	E248	BarC-7	3.831	8	320.79	30.19	NA	NA	NA	NA	NA	NA	NA	3.87	2020-10-7T14:10:55Z
E248.2B.NO20	71.5	-157.66	E248	BarC-7	3.831	8	320.79	30.19	NA	NA	NA	NA	NA	NA	NA	3.87	2020-10-7T14:10:55Z
E249.1B.NO20	71.41	-157.49	E249	BarC-5	97.021	3	257.57	33.034	NA	41.43	17.9	2.04	2.56	20.46	10.02941176	98.044	2020-10-7T17:2:35Z
E249.2B.NO20	71.41	-157.49	E249	BarC-5	97.021	3	257.57	33.034	NA	41.43	17.9	2.04	2.56	20.46	10.02941176	98.044	2020-10-7T17:2:35Z
E250.1B.NO20	71.411	-157.49	E250	BarC-5	2.032	10	330.5	30.213	NA	NA	NA	NA	NA	NA	NA	2.053	2020-10-7T17:10:28Z
E250.2B.NO20	71.411	-157.49	E250	BarC-5	2.032	10	330.5	30.213	NA	NA	NA	NA	NA	NA	NA	2.053	2020-10-7T17:10:28Z
E251.1B.NO20	71.33	-157.33	E251	BarC-3	84.52	2	284.37	32.912	NA	NA	NA	NA	NA	NA	NA	85.409	2020-10-7T19:55:34Z
E251.2B.NO20	71.33	-157.33	E251	BarC-3	84.52	2	284.37	32.912	NA	NA	NA	NA	NA	NA	NA	85.409	2020-10-7T19:55:34Z
E252.1B.NO20	71.329	-157.33	E252	BarC-3	3.427	9	332.46	29.216	0.7NA4	1.79	0.11	0.31	0.24	0.35	1.129032258	3.462	2020-10-7T20:4:30Z
E252.2B.NO20	71.329	-157.33	E252	BarC-3	3.427	9	332.46	29.216	0.704	1.79	0.11	0.31	0.24	0.35	1.129032258	3.462	2020-10-7T20:4:30Z
E253.NO20	71.287	-157.24	E253	BarC-2	50.067	1	309.05	32.75	0.488	29.4	11.7	1.79	2.27	13.97	7.804469274	50.589	2020-10-7T21:47:18Z
E254.NO20	71.287	-157.25	E254	BarC-2	2.734	5	331.07	29.386	0.484	2.22	0.11	0.37	0.3	0.41	1.108108108	2.762	2020-10-7T21:52:52Z
E255.1B.NO20	71.247	-157.16	E255	BarC-1	46.78	2	302.15	32.718	NA	NA	NA	NA	NA	NA	NA	47.268	2020-10-7T22:52:23Z
E255.2B.NO20	71.247	-157.16	E255	BarC-1	46.78	2	302.15	32.718	NA	NA	NA	NA	NA	NA	NA	47.268	2020-10-7T22:52:23Z
E256.1B.NO20	71.247	-157.17	E256	BarC-1	6.471	7	336.25	31.291	0.372	9.62	2.2	0.88	1.57	3.77	4.284090909	6.538	2020-10-7T22:57:3Z
E256.2B.NO20	71.247	-157.17	E256	BarC-1	6.471	7	336.25	31.291	0.372	9.62	2.2	0.88	1.57	3.77	4.284090909	6.538	2020-10-7T22:57:3Z
E257.1B.NO20	68.242	-167.12	E257	DBO 3.2	40.371	2	241.25	32.365	NA	NA	NA	NA	NA	NA	NA	40.784	2020-10-10T0:31:5Z
E257.2B.NO20	68.242	-167.12	E257	DBO 3.2	40.371	2	241.25	32.365	NA	NA	NA	NA	NA	NA	NA	40.784	2020-10-10T0:31:5Z
E258.1B.NO20	68.242	-167.12	E258	DBO 3.2	4.939	6	296.71	31.202	NA	NA	NA	NA	NA	NA	NA	4.99	2020-10-10T0:35:40Z
E258.2B.NO20	68.242	-167.12	E258	DBO 3.2	4.939	6	296.71	31.202	NA	NA	NA	NA	NA	NA	NA	4.99	2020-10-10T0:35:40Z
E259.1B.NO20	68.128	-167.5	E259	DBO 3.4	46.941	2	198.83	32.857	NA	NA	NA	NA	NA	NA	NA	47.422	2020-10-10T3:2:18Z
E259.2B.NO20	68.128	-167.5	E259	DBO 3.4	46.941	2	198.83	32.857	NA	NA	NA	NA	NA	NA	NA	47.422	2020-10-10T3:2:18Z
E260.1B.NO20	68.128	-167.49	E260	DBO 3.4	5.117	8	295.39	32.222	NA	NA	NA	NA	NA	NA	NA	5.169	2020-10-10T3:8:22Z
E260.2B.NO20	68.128	-167.49	E260	DBO 3.4	5.117	8	295.39	32.222	NA	NA	NA	NA	NA	NA	NA	5.169	2020-10-10T3:8:22Z
E261.1B.NO20	67.898	-168.23	E261	DBO 3.6	51.809	3	177.92	32.986	NA	NA	NA	NA	NA	NA	NA	52.338	2020-10-10T7:18:42Z
E261.2B.NO20	67.898	-168.23	E261	DBO 3.6	51.809	3	177.92	32.986	NA	NA	NA	NA	NA	NA	NA	52.338	2020-10-10T7:18:42Z
E262.1B.NO20	67.898	-168.23	E262	DBO 3.6	5.265	10	291.61	32.425	NA	NA	NA	NA	NA	NA	NA	5.318	2020-10-10T7:23:34Z
E262.2B.NO20	67.898	-168.23	E262	DBO 3.6	5.265	10	291.61	32.425	NA	NA	NA	NA	NA	NA	NA	5.318	2020-10-10T7:23:34Z
E263.1B.NO20	67.67	-168.93	E263	DBO 3.8	46.48	3	211.44	32.972	NA	NA	NA	NA	NA	NA	NA	46.954	2020-10-10T12:38:40Z
E263.2B.NO20	67.67	-168.93	E263	DBO 3.8	46.48	3	211.44	32.972	NA	NA	NA	NA	NA	NA	NA	46.954	2020-10-10T12:38:40Z
E264.1B.NO20	67.67	-168.93	E264	DBO 3.8	6.389	10	293.37	31.27	NA	NA	NA	NA	NA	NA	NA	6.453	2020-10-10T12:43:23Z
E264.2B.NO20	67.67	-168.93	E264	DBO 3.8	6.389	10	293.37	31.27	NA	NA	NA	NA	NA	NA	NA	6.453	2020-10-10T12:43:23Z
E265.1B.NO20	67.331	-168.9	E265	UTN3	41.887	2	248.85	32.758	NA	NA	NA	NA	NA	NA	NA	42.312	2020-10-10T20:15:7Z
E265.2B.NO20	67.331	-168.9	E265	UTN3	41.887	2	248.85	32.758	NA	NA	NA	NA	NA	NA	NA	42.312	2020-10-10T20:15:7Z
E266.1B.NO20	67.331	-168.9	E266	UTN3	3.493	7	291.98	30.881	NA	NA	NA	NA	NA	NA	NA	3.528	2020-10-10T20:20:3Z
E266.2B.NO20	67.331	-168.9	E266	UTN3	3.493	7	291.98	30.881	NA	NA	NA	NA	NA	NA	NA	3.528	2020-10-10T20:20:3Z
E267.1B.NO20	66.708	-168.4	E267	UTN1	28.05	2	289.39	32.422	NA	NA	NA	NA	NA	NA	NA	28.333	2020-10-11T3:47:21Z
E267.2B.NO20	66.708	-168.4	E267	UTN1	28.05	2	289.39	32.422	NA	NA	NA	NA	NA	NA	NA	28.333	2020-10-11T3:47:21Z
E268.1B.NO20	66.708	-168.4	E268	UTN1	5.287	5	293.05	32.418	4.924	18.62	14.6	1.61	1.53	16.13	10.01863354	5.34	2020-10-11T3:49:27Z
E268.2B.NO20	66.708	-168.4	E268	UTN1	5.287	5	293.05	32.418	4.924	18.62	14.6	1.61	1.53	16.13	10.01863354	5.34	2020-10-11T3:49:27Z
E269.1B.NO20	65.716	-168.9	E269	BRS5	42.587	2	276.87	32.401	NA	NA	NA	NA	NA	NA	NA	43.016	2020-10-11T12:41:58Z
E269.2B.NO20	65.716	-168.9	E269	BRS5	42.587	2	276.87	32.401	NA	NA	NA	NA	NA	NA	NA	43.016	2020-10-11T12:41:58Z
E270.1B.NO20	65.716	-168.9	E270	BRS5	5.437	7	291.44	31.09	3.144	17.18	7.29	1.14	1.54	8.83	7.745614035	5.491	2020-10-11T12:46:58Z
E270.2B.NO20	65.716	-168.9	E270	BRS5	5.437	7	291.44	31.09	3.144	17.18	7.29	1.14	1.54	8.83	7.745614035	5.491	2020-10-11T12:46:58Z
E271.1B.NO20	65.681	-168.57	E271	BRS3	47.044	2	283.72	31.094	NA	NA	NA	NA	NA	NA	NA	47.517	2020-10-11T14:44:58Z
E271.2B.NO20	65.681	-168.57	E271	BRS3	47.044	2	283.72	31.094	NA	NA	NA	NA	NA	NA	NA	47.517	2020-10-11T14:44:58Z
E272.1B.NO20	65.681	-168.57	E272	BRS3	4.475	7	289.25	30.539	1.336	19.57	6.7	1.18	2.06	8.76	7.423728814	4.519	2020-10-11T14:49:4Z
E272.2B.NO20	65.681	-168.57	E272	BRS3	4.475	7	289.25	30.539	1.336	19.57	6.7	1.18	2.06	8.76	7.423728814	4.519	2020-10-11T14:49:4Z
E273.1B.NO20	65.655	-168.22	E273	BRS1	36.718	2	291.21	29.877	NA	NA	NA	NA	NA	NA	NA	37.087	2020-10-11T17:13:19Z
E273.2B.NO20	65.655	-168.22	E273	BRS1	36.718	2	291.21	29.877	NA	NA	NA	NA	NA	NA	NA	37.087	2020-10-11T17:13:19Z
E274.1B.NO20	65.656	-168.22	E274	BRS1	4.63	6	294.96	29.197	NA	NA	NA	NA	NA	NA	NA	4.676	2020-10-11T17:17:55Z
E274.2B.NO20	65.656	-168.22	E274	BRS1	4.63	6	294.96	29.197	NA	NA	NA	NA	NA	NA	NA	4.676	2020-10-11T17:17:55Z
E275.1B.NO20	62.201	-174.67	E275	M8_DBO1	66.801	2	280.39	32.348	0.232	21.31	12.6	1.34	7.06	19.66	14.67164179	67.459	2020-10-13T19:14:30Z
E275.2B.NO20	62.201	-174.67	E275	M8_DBO1	66.801	2	280.39	32.348	0.232	21.31	12.6	1.34	7.06	19.66	14.67164179	67.459	2020-10-13T19:14:30Z
E276.1B.NO20	62.201	-174.66	E276	M8_DBO1	4.149	5	289.12	31.934	1.3	1.91	0.46	0.35	0.46	0.92	2.628571429	4.19	2020-10-13T19:20:2Z
E276.2B.NO20	62.201	-174.66	E276	M8_DBO1	4.149	5	289.12	31.934	1.3	1.91	0.46	0.35	0.46	0.92	2.628571429	4.19	2020-10-13T19:20:2Z
E277.1B.NO20	62.051	-175.21	E277	SLIP2_DBO1.2	77.206	3	257.52	32.341	NA	NA	NA	NA	NA	NA	NA	77.968	2020-10-13T22:54:35Z
E277.2B.NO20	62.051	-175.21	E277	SLIP2_DBO1.2	77.206	3	257.52	32.341	NA	NA	NA	NA	NA	NA	NA	77.968	2020-10-13T22:54:35Z
E277.3B.NO20	62.051	-175.21	E277	SLIP2_DBO1.2	77.206	3	257.52	32.341	NA	NA	NA	NA	NA	NA	NA	77.968	2020-10-13T22:54:35Z
E278.1B.NO20	62.05	-175.21	E278	SLIP2_DBO1.2	5.436	12	287.76	32.149	NA	NA	NA	NA	NA	NA	NA	5.489	2020-10-13T23:1:12Z
E278.2B.NO20	62.05	-175.21	E278	SLIP2_DBO1.2	5.436	12	287.76	32.149	NA	NA	NA	NA	NA	NA	NA	5.489	2020-10-13T23:1:12Z
E278.3B.NO20	62.05	-175.21	E278	SLIP2_DBO1.2	5.436	12	287.76	32.149	NA	NA	NA	NA	NA	NA	NA	5.489	2020-10-13T23:1:12Z
E279.1B.NO20	62.39	-174.57	E279	SLIP3_DBO1.4-cast 1	68.227	2	287.37	32.361	NA	NA	NA	NA	NA	NA	NA	68.901	2020-10-14T3:49:40Z
E279.2B.NO20	62.39	-174.57	E279	SLIP3_DBO1.4-cast 1	68.227	2	287.37	32.361	NA	NA	NA	NA	NA	NA	NA	68.901	2020-10-14T3:49:40Z
E280.1B.NO20	62.391	-174.57	E280	SLIP3_DBO1.4-cast 1	4.807	8	287.92	31.869	NA	NA	NA	NA	NA	NA	NA	4.854	2020-10-14T3:55:55Z
E280.2B.NO20	62.391	-174.57	E280	SLIP3_DBO1.4-cast 1	4.807	8	287.92	31.869	NA	NA	NA	NA	NA	NA	NA	4.854	2020-10-14T3:55:55Z
E280.3B.NO20	62.391	-174.57	E280	SLIP3_DBO1.4-cast 1	4.807	8	287.92	31.869	NA	NA	NA	NA	NA	NA	NA	4.854	2020-10-14T3:55:55Z
E281.1B.NO20	62.56	-173.55	E281	SLIP5_DBO1.6	59.292	2	276.59	32.263	NA	NA	NA	NA	NA	NA	NA	59.877	2020-10-14T9:29:57Z
E281.2B.NO20	62.56	-173.55	E281	SLIP5_DBO1.6	59.292	2	276.59	32.263	NA	NA	NA	NA	NA	NA	NA	59.877	2020-10-14T9:29:57Z
E281.3B.NO20	62.56	-173.55	E281	SLIP5_DBO1.6	59.292	2	276.59	32.263	NA	NA	NA	NA	NA	NA	NA	59.877	2020-10-14T9:29:57Z
E282.1B.NO20	62.56	-173.55	E282	SLIP5_DBO1.6	6.172	9	286.23	31.893	1.144	1.85	1.34	0.48	0.4	1.74	3.625	6.232	2020-10-14T9:35:53Z
E282.2B.NO20	62.56	-173.55	E282	SLIP5_DBO1.6	6.172	9	286.23	31.893	1.144	1.85	1.34	0.48	0.4	1.74	3.625	6.232	2020-10-14T9:35:53Z
E282.3B.NO20	62.56	-173.55	E282	SLIP5_DBO1.6	6.172	9	286.23	31.893	1.144	1.85	1.34	0.48	0.4	1.74	3.625	6.232	2020-10-14T9:35:53Z
E283.1B.NO20	63.03	-173.46	E283	SLIP4_DBO1.8	67.353	3	286.6	32.344	0.328	26.89	12.79	2.33	4.51	17.3	7.424892704	68.021	2020-10-14T14:5:43Z
E283.2B.NO20	63.03	-173.46	E283	SLIP4_DBO1.8	67.353	3	286.6	32.344	0.328	26.89	12.79	2.33	4.51	17.3	7.424892704	68.021	2020-10-14T14:5:43Z
E283.3B.NO20	63.03	-173.46	E283	SLIP4_DBO1.8	67.353	3	286.6	32.344	0.328	26.89	12.79	2.33	4.51	17.3	7.424892704	68.021	2020-10-14T14:5:43Z
E284.1B.NO20	63.031	-173.46	E284	SLIP4_DBO1.8	6.622	10	285.89	31.944	NA	NA	NA	NA	NA	NA	NA	6.687	2020-10-14T14:12:43Z
E284.2B.NO20	63.031	-173.46	E284	SLIP4_DBO1.8	6.622	10	285.89	31.944	NA	NA	NA	NA	NA	NA	NA	6.687	2020-10-14T14:12:43Z
E284.3B.NO20	63.031	-173.46	E284	SLIP4_DBO1.8	6.622	10	285.89	31.944	NA	NA	NA	NA	NA	NA	NA	6.687	2020-10-14T14:12:43Z
E285.1B.NO20	63.604	-172.59	E285	SLIP4c_DBO1.10	49.332	2	283.81	32.512	NA	NA	NA	NA	NA	NA	NA	49.821	2020-10-14T21:18:4Z
E285.2B.NO20	63.604	-172.59	E285	SLIP4c_DBO1.10	49.332	2	283.81	32.512	NA	NA	NA	NA	NA	NA	NA	49.821	2020-10-14T21:18:4Z
E285.3B.NO20	63.604	-172.59	E285	SLIP4c_DBO1.10	49.332	2	283.81	32.512	NA	NA	NA	NA	NA	NA	NA	49.821	2020-10-14T21:18:4Z
E286.1B.NO20	63.605	-172.59	E286	SLIP4c_DBO1.10	3.167	7	290.77	32.239	0.984	7.19	3.28	0.76	1.34	4.62	6.078947368	3.198	2020-10-14T21:22:8Z
E286.2B.NO20	63.605	-172.59	E286	SLIP4c_DBO1.10	3.167	7	290.77	32.239	0.984	7.19	3.28	0.76	1.34	4.62	6.078947368	3.198	2020-10-14T21:22:8Z
E286.3B.NO20	63.605	-172.59	E286	SLIP4c_DBO1.10	3.167	7	290.77	32.239	0.984	7.19	3.28	0.76	1.34	4.62	6.078947368	3.198	2020-10-14T21:22:8Z
E287.1B.NO20	64.672	-168.24	E287	UTBS2A_DBO2.3	30.27	2	275.16	30.811	NA	NA	NA	NA	NA	NA	NA	30.571	2020-10-18T16:3:37Z
E287.2B.NO20	64.672	-168.24	E287	UTBS2A_DBO2.3	30.27	2	275.16	30.811	NA	NA	NA	NA	NA	NA	NA	30.571	2020-10-18T16:3:37Z
E287.3B.NO20	64.672	-168.24	E287	UTBS2A_DBO2.3	30.27	2	275.16	30.811	NA	NA	NA	NA	NA	NA	NA	30.571	2020-10-18T16:3:37Z
E288.1B.NO20	64.674	-168.24	E288	UTBS2A_DBO2.3	3.35	6	275.34	30.815	NA	NA	NA	NA	NA	NA	NA	3.383	2020-10-18T16:7:34Z
E288.2B.NO20	64.674	-168.24	E288	UTBS2A_DBO2.3	3.35	6	275.34	30.815	NA	NA	NA	NA	NA	NA	NA	3.383	2020-10-18T16:7:34Z
E289.1B.NO20	64.681	-169.1	E289	UTBS2_DBO2.2	39.465	2	287.05	32.368	NA	NA	NA	NA	NA	NA	NA	39.859	2020-10-18T20:20:30Z
E289.2B.NO20	64.681	-169.1	E289	UTBS2_DBO2.2	39.465	2	287.05	32.368	NA	NA	NA	NA	NA	NA	NA	39.859	2020-10-18T20:20:30Z
E289.3B.NO20	64.681	-169.1	E289	UTBS2_DBO2.2	39.465	2	287.05	32.368	NA	NA	NA	NA	NA	NA	NA	39.859	2020-10-18T20:20:30Z
E290.1B.NO20	64.681	-169.1	E290	UTBS2_DBO2.2	3.502	7	288.72	32.362	1.34	8.4	4.99	1.02	2	6.99	6.852941176	3.536	2020-10-18T20:25:39Z
E290.2B.NO20	64.681	-169.1	E290	UTBS2_DBO2.2	3.502	7	288.72	32.362	1.34	8.4	4.99	1.02	2	6.99	6.852941176	3.536	2020-10-18T20:25:39Z
E290.3B.NO20	64.681	-169.1	E290	UTBS2_DBO2.2	3.502	7	288.72	32.362	1.34	8.4	4.99	1.02	2	6.99	6.852941176	3.536	2020-10-18T20:25:39Z
E291.1B.NO20	64.67	-169.92	E291	UTBS5_DBO2.1-cast 1	41.28	2	296.95	32.22	NA	NA	NA	NA	NA	NA	NA	41.692	2020-10-19T0:8:34Z
E291.2B.NO20	64.67	-169.92	E291	UTBS5_DBO2.1-cast 1	41.28	2	296.95	32.22	NA	NA	NA	NA	NA	NA	NA	41.692	2020-10-19T0:8:34Z
E291.3B.NO20	64.67	-169.92	E291	UTBS5_DBO2.1-cast 1	41.28	2	296.95	32.22	NA	NA	NA	NA	NA	NA	NA	41.692	2020-10-19T0:8:34Z
E292.1B.NO20	64.67	-169.92	E292	UTBS5_DBO2.1-cast 1	2.99	7	296.58	32.221	NA	NA	NA	NA	NA	NA	NA	3.02	2020-10-19T0:13:37Z
E292.2B.NO20	64.67	-169.92	E292	UTBS5_DBO2.1-cast 1	2.99	7	296.58	32.221	NA	NA	NA	NA	NA	NA	NA	3.02	2020-10-19T0:13:37Z
E292.3B.NO20	64.67	-169.92	E292	UTBS5_DBO2.1-cast 1	2.99	7	296.58	32.221	NA	NA	NA	NA	NA	NA	NA	3.02	2020-10-19T0:13:37Z
E293.1B.NO20	64.673	-170.64	E293	BCL-6C_DBO2.0	42.863	2	277.14	32.494	NA	NA	NA	NA	NA	NA	NA	43.291	2020-10-19T3:54:58Z
E293.2B.NO20	64.673	-170.64	E293	BCL-6C_DBO2.0	42.863	2	277.14	32.494	NA	NA	NA	NA	NA	NA	NA	43.291	2020-10-19T3:54:58Z
E293.3B.NO20	64.673	-170.64	E293	BCL-6C_DBO2.0	42.863	2	277.14	32.494	NA	NA	NA	NA	NA	NA	NA	43.291	2020-10-19T3:54:58Z
E294.1B.NO20	64.673	-170.64	E294	BCL-6C_DBO2.0	4.632	7	279.88	32.463	0.544	24.13	12.9	1.69	2.7	15.6	9.230769231	4.678	2020-10-19T4:0:13Z
E294.2B.NO20	64.673	-170.64	E294	BCL-6C_DBO2.0	4.632	7	279.88	32.463	0.544	24.13	12.9	1.69	2.7	15.6	9.230769231	4.678	2020-10-19T4:0:13Z
E294.3B.NO20	64.673	-170.64	E294	BCL-6C_DBO2.0	4.632	7	279.88	32.463	0.544	24.13	12.9	1.69	2.7	15.6	9.230769231	4.678	2020-10-19T4:0:13Z
E295.1B.NO20	64.958	-169.89	E295	UTBS4_DBO2.4	42.933	2	294.33	32.215	NA	NA	NA	NA	NA	NA	NA	43.363	2020-10-19T16:7:44Z
E295.2B.NO20	64.958	-169.89	E295	UTBS4_DBO2.4	42.933	2	294.33	32.215	NA	NA	NA	NA	NA	NA	NA	43.363	2020-10-19T16:7:44Z
E295.3B.NO20	64.958	-169.89	E295	UTBS4_DBO2.4	42.933	2	294.33	32.215	NA	NA	NA	NA	NA	NA	NA	43.363	2020-10-19T16:7:44Z
E296.1B.NO20	64.958	-169.89	E296	UTBS4_DBO2.4	3.185	7	295.12	32.215	0.644	17.2	8.86	1.51	2.46	11.32	7.496688742	3.217	2020-10-19T16:12:23Z
E296.2B.NO20	64.958	-169.89	E296	UTBS4_DBO2.4	3.185	7	295.12	32.215	0.644	17.2	8.86	1.51	2.46	11.32	7.496688742	3.217	2020-10-19T16:12:23Z
E296.3B.NO20	64.958	-169.89	E296	UTBS4_DBO2.4	3.185	7	295.12	32.215	0.644	17.2	8.86	1.51	2.46	11.32	7.496688742	3.217	2020-10-19T16:12:23Z
E297.1B.NO20	64.99	-169.14	E297	UTBS1_DBO2.5	43.127	2	291.07	32.288	NA	NA	NA	NA	NA	NA	NA	43.559	2020-10-19T19:35:31Z
E297.2B.NO20	64.99	-169.14	E297	UTBS1_DBO2.5	43.127	2	291.07	32.288	NA	NA	NA	NA	NA	NA	NA	43.559	2020-10-19T19:35:31Z
E297.3B.NO20	64.99	-169.14	E297	UTBS1_DBO2.5	43.127	2	291.07	32.288	NA	NA	NA	NA	NA	NA	NA	43.559	2020-10-19T19:35:31Z
E298.1B.NO20	64.99	-169.14	E298	UTBS1_DBO2.5	3.158	7	293.38	32.218	0.832	7.61	3.5	1.17	1.18	4.68	4	3.189	2020-10-19T19:40:28Z
E298.2B.NO20	64.99	-169.14	E298	UTBS1_DBO2.5	3.158	7	293.38	32.218	0.832	7.61	3.5	1.17	1.18	4.68	4	3.189	2020-10-19T19:40:28Z
E298.3B.NO20	64.99	-169.14	E298	UTBS1_DBO2.5	3.158	7	293.38	32.218	0.832	7.61	3.5	1.17	1.18	4.68	4	3.189	2020-10-19T19:40:28Z
E299.1B.NO20	65.001	-168.22	E299	DBO2.7	41.592	2	273.41	30.604	NA	NA	NA	NA	NA	NA	NA	42.008	2020-10-19T23:47:11Z
E299.2B.NO20	65.001	-168.22	E299	DBO2.7	41.592	2	273.41	30.604	NA	NA	NA	NA	NA	NA	NA	42.008	2020-10-19T23:47:11Z
E299.3B.NO20	65.001	-168.22	E299	DBO2.7	41.592	2	273.41	30.604	NA	NA	NA	NA	NA	NA	NA	42.008	2020-10-19T23:47:11Z
E300.1B.NO20	65.001	-168.22	E300	DBO2.7	3.65	7	274.83	30.6	1.672	16.73	1.7	1.1	1.5	3.2	2.909090909	3.686	2020-10-19T23:52:33Z
E300.2B.NO20	65.001	-168.22	E300	DBO2.7	3.65	7	274.83	30.6	1.672	16.73	1.7	1.1	1.5	3.2	2.909090909	3.686	2020-10-19T23:52:33Z
E300.3B.NO20	65.001	-168.22	E300	DBO2.7	3.65	7	274.83	30.6	1.672	16.73	1.7	1.1	1.5	3.2	2.909090909	3.686	2020-10-19T23:52:33Z