dada2_input	filtered	dada_f	dada_r	merged	nonchim	final_perc_reads_retained
MP_BlankAlaskaSet_NC_pool	66725	62874	62842	62824	62373	62339	93.4
MP_Dyson_NC_pool	40439	38353	38303	38322	37928	37671	93.2
MP_E1148_DY2206	454435	302604	300275	300167	294256	275655	60.7
MP_E1149_DY2206	478777	380363	377851	377374	368273	338594	70.7
MP_E1150_DY2206	454716	330055	329187	329269	322707	263618	58
MP_E1151_DY2206	505263	377823	374355	374711	366854	346704	68.6
MP_E1152_DY2206	345553	157672	157254	157310	149540	111751	32.3
MP_E1153_DY2206	321301	167627	167357	167327	164594	146463	45.6
MP_E1154_DY2206	585525	287992	286263	285677	280146	258027	44.1
MP_E1155_DY2206	506965	466954	464941	465328	456344	415136	81.9
MP_E1156_DY2206	349945	106032	105720	105866	104307	90355	25.8
MP_E1158_DY2206	663497	439742	438575	438337	433686	412772	62.2
MP_E1159_DY2206	450823	290001	289458	289409	286090	262837	58.3
MP_E1160_DY2206	429923	286152	286001	285835	282909	257535	59.9
MP_E1164_DY2206	508022	236511	235927	235773	231994	219046	43.1
MP_E1165_DY2206	484973	284388	283608	283517	277988	263886	54.4
MP_E1166_DY2206	451749	258969	258318	258275	252756	241362	53.4
MP_E1455_RC0083	493060	429792	427292	426725	418105	394270	80
MP_E1456_RC0083	441709	412085	409822	409319	401369	389114	88.1
MP_E1457_RC0083	476669	448454	447096	446650	440719	411324	86.3
MP_E1458_RC0083	498598	458664	457399	456641	445809	427143	85.7
MP_E1459_RC0083	466011	412997	410257	409517	398350	386659	83
MP_E1460_RC0083	532977	500891	497799	496615	487072	454999	85.4
MP_E1461_RC0083	407436	367814	366552	366485	359590	345620	84.8
MP_E1462_RC0083	539106	509211	507424	506617	497915	457749	84.9
MP_E1463_RC0083	468697	340228	339030	339223	334706	310154	66.2
MP_E1470_RC0083	459416	386838	383685	383530	374145	362698	78.9
MP_E1471_RC0083	443754	421347	419310	418876	405767	370206	83.4
MP_E1472_RC0083	437194	413492	411679	411638	405066	381991	87.4
MP_E1485_RC0083	434218	391611	391495	391437	389781	386443	89
MP_E1486_RC0083	494357	470684	469129	467851	458378	444334	89.9
MP_E1487_RC0083	404217	375453	374446	373747	370490	337444	83.5
MP_E1488_RC0083	431901	411728	410936	410551	406023	392644	90.9
MP_E1489_RC0083	365160	349550	348893	349090	343209	338948	92.8
MP_E1490_RC0083	448125	413348	411484	411381	403744	383773	85.6
MP_E1494_RC0083	427655	395063	394170	394086	390451	383280	89.6
MP_E1495_RC0083	347523	331735	330367	330014	323110	311368	89.6
MP_E1496_RC0083	494431	401919	399067	398858	391198	373284	75.5
MP_E1497_RC0083	508481	483959	481713	481183	472041	457054	89.9
MP_E1498_RC0083	422076	368221	366193	366048	357576	344044	81.5
MP_E1499_RC0083	383022	340832	338923	338403	331799	310034	80.9
MP_E1503_RC0083	465037	437606	434674	434288	423765	402894	86.6
MP_E1504_RC0083	437231	388012	386420	386279	378249	358571	82
MP_E1505_RC0083	452233	390195	387758	386751	376895	361400	79.9
MP_E1506_RC0083	415645	304932	303333	302721	295499	277605	66.8
MP_E1510_RC0083	278547	260870	258301	257824	252521	246018	88.3
MP_E1511_RC0083	372439	340845	339601	339200	331730	302242	81.2
MP_E1517_RC0083	335637	306127	303779	303369	297830	290559	86.6
MP_E1518_RC0083	426787	379262	377569	377061	371638	361384	84.7
MP_E1519_RC0083	428924	345439	344189	344461	335464	249381	58.1
MP_E1526_RC0083	450529	417661	415778	415608	408009	395560	87.8
MP_E1527_RC0083	442215	403100	401575	401352	396977	380727	86.1
MP_E1528_RC0083	374518	355276	354216	353971	349822	319167	85.2
MP_E1529_RC0083	320104	301907	300170	299630	293595	285061	89.1
MP_E1530_RC0083	344722	316083	314664	314645	309382	291736	84.6
MP_E1531_RC0083	358588	340922	340088	339692	332438	287342	80.1
MP_E1532_RC0083	365395	230224	229853	229725	228057	219771	60.1
MP_E1533_RC0083	339970	315580	314739	314581	309263	208066	61.2
MP_E1534_RC0083	477942	457581	455937	455880	449534	420087	87.9
MP_E1539_RC0083	61049	56788	56701	56683	56348	55952	91.7
MP_E1540_RC0083	105383	54351	54318	54294	54131	53927	51.2
MP_E1541_RC0083	288232	262841	261920	261427	258053	249336	86.5
MP_E1542_RC0083	353900	314053	313073	312887	303948	248061	70.1
MP_E1546_RC0083	323141	285213	284136	284030	279671	263197	81.4
MP_E1547_RC0083	549888	510242	508531	508034	498821	463130	84.2
MP_E1548_RC0083	351346	319298	318633	318565	316056	311522	88.7
MP_E1553_RC0083	365964	343281	341729	341327	335069	305133	83.4
MP_E1554_RC0083	378774	292452	291477	291617	285677	242734	64.1
MP_E1555_RC0083	378345	322530	321402	320992	314248	273628	72.3
MP_E1556_RC0083	325950	309394	308008	307759	302096	293192	89.9
MP_E1557_RC0083	329266	312407	311905	311778	308525	278083	84.5
MP_E1558_RC0083	380673	362564	360814	360377	353205	343534	90.2
MP_E1559_RC0083	435452	390405	387999	387467	379161	362595	83.3
MP_E1560_RC0083	521191	489754	487387	487060	474893	455483	87.4
MP_E1561_RC0083	335838	316107	313959	313194	306829	294285	87.6
MP_E1562_RC0083	368317	346874	345032	345144	339189	332624	90.3
MP_E1563_RC0083	360282	334067	332322	331824	326945	314502	87.3
MP_E1564_RC0083	441428	393945	390881	389541	380113	365710	82.8
MP_E1565_RC0083	419468	386541	384178	383208	373250	359557	85.7
MP_E1566_RC0083	519886	485465	483478	482591	472441	419924	80.8
MP_E1567_RC0083	398440	368514	366508	366033	359698	348665	87.5
MP_E1568_RC0083	451954	388400	386347	385457	376211	358366	79.3
MP_E1569_RC0083	412974	389953	387835	387106	380149	344691	83.5
MP_E1611_DY2209	500565	301894	300501	300866	296332	279799	55.9
MP_E1612_DY2209	252588	193494	193110	192844	191294	183315	72.6
MP_E1613_DY2209	533832	411653	411159	411188	408662	400801	75.1
MP_E1614_DY2209	397487	245921	245215	245467	243981	241912	60.9
MP_E1615_DY2209	142207	14123	13982	14035	13807	13004	9.1
MP_E1616_DY2209	394619	200921	200612	200622	199454	181057	45.9
MP_E1617_DY2209	402218	375316	373394	373672	367702	353722	87.9
MP_E1618_DY2209	299945	230984	229728	229695	226511	208757	69.6
MP_E1619_DY2209	426423	333535	333084	332631	330580	320569	75.2
MP_E1620_DY2209	379326	356883	355217	355090	349507	331253	87.3
MP_E1621_DY2209	379837	342985	342073	341960	337954	319531	84.1
MP_E1622_DY2209	354842	321010	320203	320128	315013	296110	83.4
MP_E1718_DY2306	312437	291658	289719	289536	283556	272651	87.3
MP_E1719_DY2306	169524	156819	155940	155921	154246	147722	87.1
MP_E1720_DY2306	319692	299356	298368	298450	290230	283748	88.8
MP_E1721_DY2306	343270	313262	312332	312332	309576	294690	85.8
MP_E1722_DY2306	455645	431268	429374	429605	423091	358359	78.6
MP_E1723_DY2306	572121	537470	535025	535174	524482	500422	87.5
MP_E1724_DY2306	373760	346708	345870	345235	342026	308953	82.7
MP_E1725_DY2306	311760	292421	291532	291536	289432	272278	87.3
MP_E1726_DY2306	160059	151795	151108	150782	146916	142471	89
MP_E1727_DY2306	314586	288431	287207	286982	282811	269982	85.8
MP_E1728_DY2306	239539	227687	226960	226784	224945	215123	89.8
MP_E1729_DY2306	308888	288215	286576	286489	281451	267371	86.6
MP_E1730_DY2306	512903	480988	478556	479194	473229	447741	87.3
MP_E1731_DY2306	465184	433267	431674	431247	426005	397827	85.5
MP_E1732_DY2306	345706	307460	306055	305417	299825	262000	75.8
MP_E1733_DY2306	375778	285777	285037	284965	282881	269710	71.8
MP_E1734_DY2306	216364	204350	203780	203602	201698	193779	89.6
MP_E1735_DY2306	265985	30585	30336	30275	29670	27329	10.3
MP_E1736_DY2306	360094	110702	110379	110427	108874	101814	28.3
MP_E1737_DY2306	571630	236171	235765	235784	233092	212694	37.2
MP_E1750_DY2306	447792	340768	339425	339392	334289	304551	68
MP_E1751_DY2306	376273	218436	217254	217143	213634	197093	52.4
MP_E1752_DY2306	430439	192577	191896	191671	189240	171586	39.9
MP_E1753_DY2306	315529	99175	98430	98281	96712	91793	29.1
MP_E1754_DY2306	359061	217363	216980	216844	215649	207892	57.9
MP_E1755_DY2306	374283	248637	247846	247720	245786	231000	61.7
MP_E1756_DY2306	354755	174007	173476	173243	170988	148539	41.9
MP_E1757_DY2306	429416	154249	153792	153705	152545	146300	34.1
MP_E1758_DY2306	399387	174714	174224	174205	172815	166846	41.8
MP_E1759_DY2306	518843	318036	316368	316160	311181	294144	56.7
MP_E1760_DY2306	450787	188780	187991	187914	185728	176650	39.2
MP_E1761_DY2306	324841	285395	284721	284506	282436	272874	84
MP_E1762_DY2306	303389	241394	239867	239557	234370	223204	73.6
MP_E1763_DY2306	317645	203747	202953	202742	200836	186275	58.6
MP_E1764_DY2306	300343	97715	97180	97108	95730	90927	30.3
MP_E1765_DY2306	306449	285500	283791	283315	277794	261451	85.3
MP_E1766_DY2306	336770	221785	221154	220813	217361	186911	55.5
MP_E1767_DY2306	560472	463685	462309	461891	456289	395795	70.6
MP_E1768_DY2306	371105	245211	243792	243583	239322	223655	60.3
MP_E1769_DY2306	393641	307809	307305	307215	305887	297434	75.6
MP_E1770_DY2306	288330	227525	227098	227041	224640	161801	56.1
MP_E1772_DY2306	239986	171762	170810	170551	167766	159388	66.4
MP_E1773_DY2306	289942	266312	265957	265952	263655	255635	88.2
MP_E1774_DY2306	422127	263124	262714	262569	260640	239957	56.8
MP_E1775_DY2306	442671	282698	281708	281548	278524	260850	58.9
MP_E1776_DY2306	432699	334365	333054	332770	328876	316496	73.1
MP_E1777_DY2306	524352	404006	403257	403133	398381	325490	62.1
MP_E1778_DY2306	461503	424902	423397	423060	417902	401078	86.9
MP_E1779_DY2306	296283	220878	220746	220726	220346	216886	73.2
MP_E1780_DY2306	431353	401643	401332	401090	399670	382442	88.7
MP_E1781_DY2306	373040	257544	256339	256086	251860	238584	64
MP_E1782_DY2306	268072	123746	123226	123148	121576	114980	42.9
MP_E1783_DY2306	397412	358963	357619	357740	353143	318539	80.2
MP_E1784_DY2306	411325	376467	374926	374902	368790	351971	85.6
MP_E1785_DY2306	479524	447541	446236	445735	440726	411843	85.9
MP_E1786_DY2306	455189	411026	409950	409817	406338	382629	84.1
MP_E1787_DY2306	346465	325531	324564	324578	320017	311238	89.8
MP_E1788_DY2306	498543	464758	463074	462945	456091	429429	86.1
MP_E1789_DY2306	477742	311837	311310	311253	307118	225281	47.2
MP_E1790_DY2306	472250	398595	397808	397597	394261	359611	76.1
MP_E1791_DY2306	512434	432914	431659	431406	427942	395310	77.1
MP_E1792_DY2306	416430	308240	307185	307280	303991	279996	67.2
MP_E1793_DY2306	412654	386970	385739	385529	381533	357273	86.6
MP_E1794_DY2306	593951	426744	425929	425597	421693	380358	64
MP_E1795_DY2306	469258	331995	330919	330868	326655	282430	60.2
MP_E1796_DY2306	428396	364219	363217	363087	360867	326498	76.2
MP_E1797_DY2306	397063	360433	358845	358717	353221	331426	83.5
MP_E1798_DY2306	455822	317508	316543	316596	309021	251210	55.1
MP_E1820_DY2306_PCR1	384487	225057	224464	224217	216520	171776	44.7
MP_E1820_DY2306_PCR2	272006	164413	163920	163836	157981	126819	46.6
MP_E1820_DY2306_PCR3	406184	220310	219382	219420	211710	167935	41.3
MP_E1821_DY2306_PCR1	417731	380799	379724	379599	375016	371953	89
MP_E1821_DY2306_PCR2	371223	332357	331393	331378	327715	322287	86.8
MP_E1821_DY2306_PCR3	411816	372868	371781	371468	366216	360982	87.7
MP_E1822_DY2306_PCR1	317482	84614	84467	84495	83580	81219	25.6
MP_E1822_DY2306_PCR2	280138	75460	75342	75233	74805	71832	25.6
MP_E1822_DY2306_PCR3	243847	67556	67436	67441	67055	64320	26.4
MP_E1823_DY2306_PCR1	131783	124485	124399	124295	123952	111780	84.8
MP_E1823_DY2306_PCR2	61539	55829	55786	55798	55161	55069	89.5
MP_E1824_DY2306_PCR1	317618	292046	291285	291189	287859	285853	90
MP_E1824_DY2306_PCR2	412768	383052	382459	381760	376614	373014	90.4
MP_E1824_DY2306_PCR3	249937	144680	144470	144292	143342	142480	57
MP_E1825_DY2306_PCR1	313790	299237	298190	298032	294136	278895	88.9
MP_E1825_DY2306_PCR2	307014	278398	278035	277586	275022	257671	83.9
MP_E1825_DY2306_PCR3	261967	226144	225860	225860	223647	208119	79.4
MP_E1826_DY2306_PCR1	420832	275998	275606	275629	268128	239595	56.9
MP_E1826_DY2306_PCR2	409314	382192	381781	381588	372637	340460	83.2
MP_E1826_DY2306_PCR3	378380	354025	353544	353133	344795	309635	81.8
MP_E1827_DY2306_PCR1	365079	347823	347210	347606	343356	341177	93.5
MP_E1827_DY2306_PCR2	361514	339792	338698	339375	335223	332706	92
MP_E1827_DY2306_PCR3	325830	281306	280262	281163	277977	276338	84.8
MP_E1828_DY2306_PCR1	227467	187208	187081	186753	185323	180388	79.3
MP_E1828_DY2306_PCR2	154433	146906	146829	146735	145097	140900	91.2
MP_E1828_DY2306_PCR3	281304	223144	222780	222245	219486	214739	76.3
MP_E1829_DY2306_PCR1	388218	346637	345585	345895	331189	221899	57.2
MP_E1829_DY2306_PCR2	394854	349486	348725	348461	332846	219748	55.7
MP_E1829_DY2306_PCR3	330974	296416	295696	295587	282718	190707	57.6
MP_E1830_DY2306_PCR1	352087	190205	189592	189581	174565	107884	30.6
MP_E1830_DY2306_PCR2	423079	227514	226780	226661	208562	126038	29.8
MP_E1830_DY2306_PCR3	359080	188906	188267	188277	172535	104674	29.2
MP_E1831_DY2306_PCR1	475163	279266	278485	278307	272458	261240	55
MP_E1831_DY2306_PCR2	339134	138383	137986	137746	135622	129057	38.1
MP_E1831_DY2306_PCR3	422640	249719	249405	249428	245205	233347	55.2
MP_E1832_DY2306_PCR1	249937	44454	44341	44298	40914	27705	11.1
MP_E1832_DY2306_PCR2	406657	83530	83306	83270	77288	53234	13.1
MP_E1832_DY2306_PCR3	292865	57005	56803	56774	52335	35150	12
MP_E1833_DY2306_PCR1	338015	159916	159608	159543	151861	118270	35
MP_E1833_DY2306_PCR2	365125	176964	176634	176490	167158	127858	35
MP_E1833_DY2306_PCR3	349103	169052	168662	168635	160588	125363	35.9
MP_E1834_DY2306_PCR1	335176	100124	99696	99700	97212	86193	25.7
MP_E1834_DY2306_PCR2	414035	133745	133077	133130	129512	114877	27.7
MP_E1834_DY2306_PCR3	375532	124694	124138	124149	120871	107377	28.6
MP_E1835_DY2306_PCR1	499873	457819	455708	455800	445104	409963	82
MP_E1835_DY2306_PCR2	425831	388512	386514	386368	378402	350430	82.3
MP_E1835_DY2306_PCR3	432172	397729	395928	395338	387339	360790	83.5
MP_E1836_DY2306_PCR1	418865	269624	268202	267693	261662	239804	57.3
MP_E1836_DY2306_PCR2	475415	308864	307411	306787	299437	273419	57.5
MP_E1836_DY2306_PCR3	523342	338230	336545	335555	327664	299994	57.3
MP_E1837_DY2306_PCR1	407373	159634	158718	158496	155883	141116	34.6
MP_E1837_DY2306_PCR2	424013	173346	172179	171937	168700	152905	36.1
MP_E1837_DY2306_PCR3	347553	149204	148316	147787	144992	132035	38
MP_E1838_DY2306_PCR1	339854	301183	299335	298557	291534	260740	76.7
MP_E1838_DY2306_PCR2	308069	275075	273371	272725	265843	241282	78.3
MP_E1838_DY2306_PCR3	367169	329228	327181	326550	318528	287575	78.3
MP_E1839_DY2306_PCR1	346783	98901	98222	97935	92447	85676	24.7
MP_E1839_DY2306_PCR2	324065	103834	103050	102808	97288	90391	27.9
MP_E1839_DY2306_PCR3	287271	83317	82705	82357	77681	71925	25
MP_E1840_DY2306_PCR1	374134	157017	155802	155161	151295	137858	36.8
MP_E1840_DY2306_PCR2	322131	132110	130974	130354	127073	116118	36
MP_E1840_DY2306_PCR3	285936	113794	112923	112473	109763	101056	35.3
MP_E1841_DY2306_PCR1	370794	334322	332235	331466	325407	306476	82.7
MP_E1841_DY2306_PCR2	303316	281248	279466	278698	272706	257102	84.8
MP_E1841_DY2306_PCR3	355596	327773	325936	324798	318173	299993	84.4
MP_E1842_DY2306_PCR1	423995	223904	222585	221914	216284	188131	44.4
MP_E1842_DY2306_PCR2	436878	238427	236916	236054	229864	201071	46
MP_E1842_DY2306_PCR3	439897	239851	238409	237473	231146	199957	45.5
MP_E1877_SKQ23_12S	337653	163483	162861	162722	155940	120158	35.6
MP_E1878_SKQ23_12S	377494	296539	296101	296108	292375	277827	73.6
MP_E1879_SKQ23_12S	357406	241095	240547	240507	236687	206504	57.8
MP_E1880_SKQ23_12S	358441	193183	192043	191853	187528	167917	46.8
MP_E1881_SKQ23_12S	399574	378541	377978	377914	375273	358290	89.7
MP_E1882_SKQ23_12S	378755	300674	299653	299559	294763	269531	71.2
MP_E1883_SKQ23_12S	421879	333066	331418	331215	324977	304651	72.2
MP_E1884_SKQ23_12S	442239	397162	396601	396550	393197	375232	84.8
MP_E1885_SKQ23_12S	391350	370401	369162	369455	363589	336622	86
MP_E1886_SKQ23_12S	349095	289563	288539	288497	283863	272796	78.1
MP_E1887_SKQ23_12S	316571	295062	294504	294617	290192	262407	82.9
MP_E1888_SKQ23_12S	381685	362256	361562	361637	355275	300301	78.7
MP_E1889_SKQ23_12S	374044	349609	347502	347591	342453	329984	88.2
MP_E1890_SKQ23_12S	378212	310871	310404	310328	307546	292281	77.3
MP_E1891_SKQ23_12S	522096	493821	493249	493052	485794	448332	85.9
MP_E1892_SKQ23_12S	453840	199828	199229	199054	192833	157560	34.7
MP_E1893_SKQ23_12S	314729	301250	300686	300807	297426	283396	90
MP_E1894_SKQ23_12S	319695	297031	296332	296300	292102	266973	83.5
MP_E1895_SKQ23_12S	321106	161679	160481	160132	156262	142467	44.4
MP_E1896_SKQ23_12S	309424	172265	171516	171299	167986	154051	49.8
MP_E1897_SKQ23_12S	347827	104082	103690	103590	102170	87517	25.2
MP_E1898_SKQ23_12S	365345	245704	244708	244482	242375	229488	62.8
MP_E1899_SKQ23_12S	514460	381708	381124	380973	378418	362358	70.4
MP_E1900_SKQ23_12S	417655	266904	266012	265945	262447	242681	58.1
MP_E1901_SKQ23_12S	398143	164412	163900	163583	156302	134491	33.8
MP_E1902_SKQ23_12S	325631	225675	225138	224991	221741	203231	62.4
MP_E1903_SKQ23_12S	345404	246202	245292	245147	238734	207855	60.2
MP_E1904_SKQ23_12S	347696	313816	313119	313105	306133	247541	71.2
MP_E1905_SKQ23_12S	401404	373903	372812	372608	367011	347955	86.7
MP_E1906_SKQ23_12S	454016	306046	305213	304914	299648	280070	61.7
MP_E1907_SKQ23_12S	459776	288455	287511	287284	280312	246028	53.5
MP_E1908_SKQ23_12S	452356	429023	427796	427852	422692	391676	86.6
MP_E1909_SKQ23_12S	458219	252073	251109	251052	246911	226224	49.4
MP_E1910_SKQ23_12S	476077	229821	228204	228322	223241	207991	43.7
MP_E1911_SKQ23_12S	433892	263637	263024	263086	259034	238014	54.9
MP_E1912_SKQ23_12S	459661	332228	331559	331553	327356	302970	65.9
MP_E1913_SKQ23_12S	403441	291975	290824	290162	284192	251978	62.5
MP_E1914_SKQ23_12S	368513	309408	308788	308736	301538	260891	70.8
MP_E1915_SKQ23_12S	504521	479939	477777	477719	468496	453393	89.9
MP_E1916_SKQ23_12S	459169	376551	375159	375072	367363	355062	77.3
MP_E1917_SKQ23_12S	465173	334432	333387	333232	329242	309464	66.5
MP_E1918_SKQ23_12S	398693	365828	364304	363923	356640	347002	87
MP_E1919_SKQ23_12S	517632	493593	492293	492028	482646	464680	89.8
MP_E1920_SKQ23_12S	398045	375267	373618	374178	366264	350458	88
MP_E1921_SKQ23_12S	434843	383563	382440	382448	379228	370654	85.2
MP_E1922_SKQ23_12S	410747	385921	385131	385242	381215	364019	88.6
MP_E1923_SKQ23_12S	428167	382257	380975	381268	377661	366759	85.7
MP_E1924_SKQ23_12S	445687	423039	422086	421921	418141	410215	92
MP_E1925_SKQ23_12S	608194	476329	474717	475792	469052	450529	74.1
MP_E1926_SKQ23_12S	458868	435187	433431	434122	428447	396532	86.4
MP_E1927_SKQ23_12S	441517	210196	208406	208403	204629	193338	43.8
MP_E1928_SKQ23_12S	429706	396042	395399	395168	392885	376744	87.7
MP_E1929_SKQ23_12S	395066	254153	253297	253457	249327	230952	58.5
MP_E1930_SKQ23_12S	404168	228440	226059	225430	220151	212663	52.6
MP_E1931_SKQ23_12S	398296	375734	375026	375308	370939	361134	90.7
MP_E1932_SKQ23_12S	260016	241459	239999	240890	231874	218492	84
MP_E1933_SKQ23_12S	379509	237037	235458	235607	231052	220141	58
MP_E1934_SKQ23_12S	382896	306851	305372	305308	301027	287744	75.1
MP_E1935_SKQ23_12S	378359	276963	276565	276451	274382	257968	68.2
MP_E1936_SKQ23_12S	384203	158050	156788	156976	154111	141207	36.8
MP_E1937_SKQ23_12S	437184	386753	384778	384831	377044	353415	80.8
MP_E1938_SKQ23_12S	422282	375218	374480	374432	370766	345886	81.9
MP_E1939_SKQ23_12S	399657	368428	366618	367113	358212	343120	85.9
MP_E1940_SKQ23_12S	379183	352609	351808	351616	347840	335207	88.4
MP_E1941_SKQ23_12S	407083	324433	323932	323809	321062	303185	74.5
MP_E1942_SKQ23_12S	312329	215135	214434	214451	211829	205966	65.9
MP_E1943_SKQ23_12S	461150	334646	333693	333402	329264	316848	68.7
MP_E1944_SKQ23_12S	415843	350146	349282	349145	345158	318219	76.5
MP_E1945_SKQ23_12S	463236	442024	441148	441776	436678	432474	93.4
MP_E1946_SKQ23_12S	356523	297007	296729	296708	292751	280799	78.8
MP_E1947_SKQ23_12S	404783	362000	361211	361316	357749	345098	85.3
MP_E1948_SKQ23_12S	349338	281149	280211	280312	276299	260217	74.5
MP_E1949_SKQ23_12S	318436	276439	275274	275375	270755	260402	81.8
MP_E1950_SKQ23_12S	325741	134866	134275	134201	131409	122295	37.5
MP_E1951_SKQ23_12S	356401	286101	285106	285059	279635	264607	74.2
MP_E1952_SKQ23_12S	460143	427125	426211	425862	422262	404233	87.8
MP_E1953_SKQ23_12S	279892	203179	201103	201882	197898	182395	65.2
MP_E1954_SKQ23_12S	396475	170115	169342	169447	166599	153028	38.6
MP_E1955_SKQ23_12S	396871	378946	377885	378163	374448	347825	87.6
MP_E1956_SKQ23_12S	277573	59483	59165	59252	57089	46431	16.7
MP_E1957_SKQ23_12S	347914	132468	132100	131916	129386	113782	32.7
MP_E1958_SKQ23_12S	335267	221140	220685	220621	219107	204233	60.9
MP_E1959_SKQ23_12S	229899	99733	99570	99594	98550	94154	41
MP_E1960_SKQ23_12S	290111	141543	140417	140865	138268	130572	45
MP_E1961_SKQ23_12S	343051	325425	324815	324912	323005	304823	88.9
MP_E1962_SKQ23_12S	413376	307493	306821	307085	303187	291339	70.5
MP_E1963_SKQ23_12S	427084	177850	177344	177429	174361	155222	36.3
MP_E1964_SKQ23_12S	380664	363854	363205	363209	361062	339427	89.2
MP_E1965_SKQ23_12S	383423	299891	299236	299170	295458	285593	74.5
MP_E1966_SKQ23_12S	364146	199726	198957	199058	196552	188597	51.8
MP_E1967_SKQ23_12S	390948	339181	338358	338377	335461	316077	80.8
MP_E1968_SKQ23_12S	350033	266092	265679	265589	262577	254264	72.6
MP_E1969_SKQ23_12S	419640	275270	274505	274352	270520	255853	61
MP_E1970_SKQ23_12S	337156	299967	299114	298914	296390	282110	83.7
MP_E1971_SKQ23_12S	383887	361565	360350	360452	356098	347399	90.5
MP_E1972_SKQ23_12S	345855	323756	321808	322366	315920	299497	86.6
MP_E1973_SKQ23_12S	352794	335131	333941	333352	327936	308227	87.4
MP_E1974_SKQ23_12S	360982	277808	276247	276626	270280	252067	69.8
MP_E1975_SKQ23_12S	342570	252702	251167	251216	246446	237869	69.4
MP_E1976_SKQ23_12S	408571	383409	382070	381923	375604	356730	87.3
MP_E1977_SKQ23_12S	392475	283150	281482	281271	277164	265186	67.6
MP_E1978_SKQ23_12S	308984	278689	276767	277125	271630	261614	84.7
MP_E1979_SKQ23_12S	159125	150236	149146	149664	146384	139793	87.9
MP_E1980_SKQ23_12S	384552	370017	369413	369587	364860	359804	93.6
MP_E1981_SKQ23_12S	347328	329547	328522	328828	325346	313537	90.3
MP_E1982_SKQ23_12S	289934	169198	168178	168067	165575	156586	54
MP_E1983_SKQ23_12S	338280	318472	317682	317799	314251	300402	88.8
MP_E1984_SKQ23_12S	356939	249365	248616	248171	246207	226032	63.3
MP_E1985_SKQ23_12S	435190	287727	286990	286957	282228	255669	58.7
MP_E1986_SKQ23_12S	358756	337292	336756	336522	331223	302644	84.4
MP_E1987_SKQ23_12S	452846	391169	389885	389821	385512	371304	82
MP_E1988_SKQ23_12S	470427	369165	367679	368107	363533	349451	74.3
MP_E1989_SKQ23_12S	332139	316134	315569	315454	312160	293839	88.5
MP_E1990_SKQ23_12S	354589	94969	94689	94588	92890	82691	23.3
MP_E1991_SKQ23_12S	396651	380571	379855	379712	375541	354711	89.4
MP_E1992_SKQ23_12S	297835	263090	262419	262333	259817	252177	84.7
MP_E1993_SKQ23_12S	367659	352402	351429	351811	347764	334111	90.9
MP_E1994_SKQ23_12S	353876	239372	238488	238696	232398	202953	57.4
MP_E1995_SKQ23_12S	461918	420836	420007	419092	413280	401342	86.9
MP_E1996_SKQ23_12S	348339	324431	323740	323593	320586	306168	87.9
MP_E1997_SKQ23_12S	373516	287235	286125	286061	279507	270915	72.5
MP_E1998_SKQ23_12S	313547	243880	243087	243050	238350	229620	73.2
MP_E1999_SKQ23_12S	317690	281479	280873	280961	278966	265656	83.6
MP_E2000_SKQ23_12S	288463	184637	182993	183532	179745	174981	60.7
MP_E2001_SKQ23_12S	371000	235082	234280	234294	229924	221711	59.8
MP_E2002_SKQ23_12S	380839	354208	353831	353871	351775	334178	87.7
MP_E2003_SKQ23_12S	451884	201740	200925	201068	196335	176543	39.1
MP_E2004_SKQ23_12S	545675	401381	399909	400297	391050	366095	67.1
MP_E2005_SKQ23_12S	512451	367575	366643	366886	360102	331452	64.7
MP_E2006_SKQ23_12S	422984	243789	242964	242904	238048	229415	54.2
MP_E2007_SKQ23_12S	376146	178980	178520	178538	171920	152023	40.4
MP_E2008_SKQ23_12S	487289	464842	463580	464119	458433	434292	89.1
MP_E2009_SKQ23_12S	396625	328167	327259	327170	321637	304655	76.8
MP_E2010_SKQ23_12S	381441	331471	330418	330190	325691	309314	81.1
MP_E2011_SKQ23_12S	489069	451383	450253	450127	445513	427498	87.4
MP_E2012_SKQ23_12S	408807	348108	346372	346161	339742	320520	78.4
MP_E2013_SKQ23_12S	452290	167409	166894	166849	162955	141118	31.2
MP_E2014_SKQ23_12S	404596	311236	309983	310022	306005	290457	71.8
MP_E2015_SKQ23_12S	516708	279029	278379	278392	271184	228852	44.3
MP_E2016_SKQ23_12S	473054	278852	277502	277690	272895	252859	53.5
MP_E2017_SKQ23_12S	442217	290690	289375	289529	284800	269612	61
MP_E2018_SKQ23_12S	435350	359843	358712	358493	353627	332188	76.3
MP_E2019_SKQ23_12S	320466	137364	136875	136813	134894	124371	38.8
MP_E2020_SKQ23_12S	448295	359862	359160	359273	354473	331652	74
MP_E2021_SKQ23_12S	592466	480720	478859	478633	469808	448044	75.6
MP_E2022_SKQ23_12S	460541	196232	195190	195195	189335	162523	35.3
MP_E2023_SKQ23_12S	389464	273882	272756	272696	267144	242541	62.3
MP_E2024_SKQ23_12S	413825	223848	223063	222846	217088	194239	46.9
MP_E2025_SKQ23_12S	366559	331635	329064	328721	323749	305457	83.3
MP_E2026_SKQ23_12S	434218	325302	323018	322698	316448	301449	69.4
MP_POSITIVE	313918	292216	292119	291303	287990	286996	91.4
MP_RC0083_NC_pool	19612	18647	18641	18638	18629	18628	95
MP_SKQ23_NC_pool	21684	20664	20662	20661	20612	20562	94.8
