ASV	Multi_taxID_entry	USED
ASV_10008	1714380, 1606541, 172717, 1411662, 1411661, 91992, 722754;1714387	FALSE
ASV_10038	1169001, 1050084, 1169003;1967941, 1169003, 1169000	FALSE
ASV_10052	2302895;2302896, 2302894, 2302887, 3085199, 2812594, 3075321, 1764240, 1764237;1764239, 464278, 1522444, 284968, 156122;284971	FALSE
ASV_10165	426078;426079;426080;426081;426082, 299778	FALSE
ASV_10181	2546201, 1653259;1653274, 1653245, 198009, 198006, 198005	FALSE
ASV_10210	1859836;1859880, 1859795;1859893, 1859765;1859767, 1859738;1859749;1859797	TRUE
ASV_10236	1816782, 1524187, 1524186, 627963;1816783, 549348, 549345;1516112, 549349, 549347, 549346, 549343, 549342, 368449, 215587, 3030862	FALSE
ASV_10246	2903, 38817, 1856765, 1856766, 280463, 2903;38817;1663125, 38817;284784;284790, 2903;38817, 44459	FALSE
ASV_10343	2546201, 1653259;1653274, 1653245, 198009, 198006, 198005	FALSE
ASV_10382	72677, 2496629, 1905723, 1965466, 237471, 237471;1905723, 66473	FALSE
ASV_10414	2884263, 2201156;2884263, 1869227	FALSE
ASV_10675	409302, 48146, 1761466, 210626, 169011, 159567;159570, 159566, 3092289, 3092287, 3092284, 48144, 159567, 329973, 3105985, 149074, 209423, 338211, 210625	FALSE
ASV_10690	114156;114157	TRUE
ASV_107	1905833, 3075301, 236787, 464225, 1606603, 1606602, 236787;1411684, 669373	FALSE
ASV_1073	1714380, 1606541, 1411661, 722754;1714387	FALSE
ASV_10798	2592182, 2592181, 2592180, 35677, 1764904, 35677;44463, 44462, 35679	FALSE
ASV_108	1925337, 1229643;1229644;1229645	FALSE
ASV_10824	1714380, 1606541, 1411661, 722754;1714387	FALSE
ASV_10852	1840506, 1911418, 128131, 168767, 2039479, 1859706;1859708, 168724, 1193141, 880219	FALSE
ASV_1086	576748, 264121, 256004;264121	FALSE
ASV_10871	1169001, 1050084, 1169003;1967941, 1169003, 1169000	FALSE
ASV_10954	1859752;1859760	TRUE
ASV_10998	2592182, 2592181, 2592180, 35677, 1764904, 35677;44463, 35679	FALSE
ASV_11014	5482, 52253, 5476, 52253;1853550, 1115047, 436011, 385480, 380744, 379326, 378043, 344175, 344174, 344173, 1853550	FALSE
ASV_11021	2058846;2058847;2058848;2058849, 569958, 569955, 136459	FALSE
ASV_11089	1689237, 181122;2315894	FALSE
ASV_11101	2586235, 2586233, 2586230;2586231;2586232, 2586226;2586227;2586228;2586229	FALSE
ASV_11103	44056, 35677, 35677;44463	FALSE
ASV_11139	7604, 7602, 136941, 7603, 136985;136987, 7616;59564, 7611;189915	FALSE
ASV_11163	41300, 619272, 619271, 619270, 614189, 226320, 312044, 225408, 221626;265276;265277, 133490, 178343	FALSE
ASV_11204	72677, 2496629, 1905723, 237471, 237471;1905723	FALSE
ASV_11226	143670, 2292165, 106543, 1695222, 1691974, 2578210, 71861, 1652117, 1655535, 1655529, 1333877, 1691973, 1239451, 631048, 858356, 427755, 284798;284799;284802, 284797	FALSE
ASV_1124	1804765, 2528238, 2528234;2528236, 2528233, 2528232;2528235, 2528231, 2528230, 364747, 476440, 1155431, 265592	FALSE
ASV_11262	1714380, 1606541, 172717, 1411662, 1411661, 91992, 722754;1714387	FALSE
ASV_11282	1714380, 1606541, 172717, 1411662, 1411661, 91992, 722754;1714387	FALSE
ASV_11511	143670, 2292165, 106543, 1695222, 1691974, 71861, 1652117, 1655535, 1655529, 1691973, 1239451, 631048, 858356, 284798;284799;284802, 284797	FALSE
ASV_11525	691888, 1365872, 82379, 72733, 1443620, 105881;462866;462868, 331079, 105881, 55643	FALSE
ASV_1154	1816782, 1524187, 1524186, 627963;1816783, 549348, 549345;1516112, 549349, 549347, 549346, 549343, 549342, 368449, 215587, 3030862	FALSE
ASV_11554	2015012, 1425172, 592142, 502081;717064, 352448	FALSE
ASV_1156	2558189, 862914, 2029595, 61848, 1874995, 1874992;1874994, 880884, 2720202, 2800453, 2800450, 2800449, 2800448, 2800447, 2800443, 1210407, 862926, 1210406, 1210405, 222003, 328594	FALSE
ASV_11562	1714380, 1606541, 172717, 1411662, 1411661, 91992, 722754;1714387	FALSE
ASV_11564	1816782, 1524187, 1524186, 627963;1816783, 549348, 549345;1516112, 549349, 549347, 549346, 549343, 549342, 368449, 215587, 3030862	FALSE
ASV_11575	394801;497729	TRUE
ASV_11618	2546201, 1653259;1653274, 1653245, 198009, 198006, 198005	FALSE
ASV_11642	39450, 1905723, 1905723;2315413, 39449, 2364126, 3075827, 2968077, 71860, 3019568, 2820087, 1290334, 2902008, 35672	FALSE
ASV_11670	33642;1662657	TRUE
ASV_11724	39450, 2576346, 1905723, 1905723;2315413, 39449, 2364126, 3075827, 2968077, 1918384, 71860, 3019568, 2820087, 1290334, 2902008, 35672	FALSE
ASV_11752	704171, 46947;704171, 265869	FALSE
ASV_11814	72677, 2496629, 1905723, 237471, 237471;1905723, 66473	FALSE
ASV_11856	2546201, 1653259;1653274, 1653245, 198009, 198006, 198005	FALSE
ASV_11880	38273, 38273;344910	FALSE
ASV_11907	111653, 1312527, 249218, 172817;249217, 172817, 249210, 188011, 249203, 201552, 324491, 201558	FALSE
ASV_11915	1873500, 446684, 1122133, 446684;1122133	FALSE
ASV_12001	2302895;2302896, 2302894, 2302887, 3085199, 2812594, 3075321, 1764240, 1764237;1764239, 464278, 1522444, 284968, 156122;284971	FALSE
ASV_12132	143670, 2292165, 106543, 1695222, 1691974, 71861, 1652117, 1655535, 1655529, 1691973, 1239451, 631048, 858356, 284798;284799;284802, 284797	FALSE
ASV_12169	88149, 2724434, 80365, 2872, 169771, 105414, 105407, 2691979, 416830, 105404, 88149;88154	FALSE
ASV_12197	260685, 2303287, 1290334, 257771, 257771;260685	FALSE
ASV_12208	77931, 47934;77931;704171;1123954, 150622, 437763;704171, 265870, 47934;120300;146760;150623;447208;497816	FALSE
ASV_12218	1169001, 1050084, 1169003;1967941, 1169003, 1169000	FALSE
ASV_1222	77931, 47934;77931;704171;1123954, 150622, 437763;704171, 265870, 47934;120300;146760;150623;447208;497816	FALSE
ASV_12221	4881;1882203;1882204	TRUE
ASV_12247	4881;1882203;1882204, 251741, 4881	FALSE
ASV_12280	44056, 35677, 35677;44463	FALSE
ASV_12294	1714380, 1606541, 1411661, 722754;1714387	FALSE
ASV_12310	409302, 48146, 169011, 159567;159570, 159566, 3092289, 3092287, 3092284, 159567, 329973, 3105985, 149074, 209423, 338211, 210625	FALSE
ASV_12319	98058;420639	TRUE
ASV_12408	1169001, 1050084, 1169003;1967941, 1169003, 1169000	FALSE
ASV_125	267566, 267567, 2843, 1764970, 1537841, 1503408, 1198651, 1198650, 1030539;1030546, 1030545, 1030544, 1030543, 1030542, 1030541, 1030540, 866888, 866887, 866886, 866885, 866884, 866883, 866882, 866881, 866879, 866878, 866877, 866876, 866874;866875, 866873, 866872, 866871, 619279, 619278, 619277, 619276, 619275, 2843;267567;439494, 216762;267567;1030547;1030548;1030549, 41457	FALSE
ASV_12537	1169001, 1050078, 1050084, 1169003;1967941, 1169003, 1169000, 513287	FALSE
ASV_1256	7604, 7602, 136941, 7603, 136985;136987, 7616;59564, 7611;189915, 1755686	FALSE
ASV_12629	437713;437714;1156992	TRUE
ASV_12646	426078;426079;426080;426081;426082, 299778	FALSE
ASV_1267	2066664;2066665, 2066653, 868044	FALSE
ASV_12693	35677, 35677;44463	FALSE
ASV_12695	2009235, 1780399, 1764225, 1764220, 1764218, 1764217;1764244, 1764243, 1647522, 133488, 2850086, 1244649, 651200, 651197, 263357	FALSE
ASV_1273	2925, 1471208, 2926, 1126608;1126609, 1126608, 1126610, 1126607;1126608;1126609;1126610, 2932	FALSE
ASV_1276	1010556, 1010533, 1010473;1010490;1010542	FALSE
ASV_12781	39450, 1905723, 1905723;2315413, 39449, 2364126, 3075827, 2968077, 71860, 3019568, 2820087, 1290334, 2902008, 35672	FALSE
ASV_12822	435999, 8260;8262;8267, 8255, 106175, 27771, 8262, 141887, 172659, 195623, 195612, 428034, 641108, 195615, 143345, 244454, 141886, 244449, 235072	FALSE
ASV_12874	2903, 38817, 1856765, 1856766, 280463, 2903;38817;1663125, 38817;284784;284790, 2903;38817, 44459	FALSE
ASV_1290	143670, 2292165, 106543, 1695222, 1691974, 71861, 1652117, 1655535, 1655529, 1691973, 1239451, 631048, 858356, 284798;284799;284802, 284797	FALSE
ASV_12908	1905833, 3075301, 236787, 464225, 1606603, 1606602, 236787;1411684, 669373	FALSE
ASV_130	1169001, 1050084, 1169003;1967941, 1169003, 1169000	FALSE
ASV_13068	2926, 2932, 1471208, 2925, 1126604, 1126602, 1126603, 1126601, 1041877, 1041877;1126601;1126602;1126603;1126604, 1126609, 1126608, 1126610, 1126608;1126610, 1126605;1126607;1126608;1126609;1126610	FALSE
ASV_13156	1714380, 1606541, 172717, 1411662, 1411661, 91992, 722754;1714387	FALSE
ASV_13204	1859870, 1817465, 1817464, 1817463, 1817462, 1817461, 1817466;1859826, 1817467, 1817467;1859766;1859804, 1817460, 2704931	FALSE
ASV_13283	2546201, 1653259;1653274, 1653245, 198009, 198006, 198005	FALSE
ASV_13438	181122;2315894	TRUE
ASV_13523	1714380, 1606541, 1411661, 722754;1714387	FALSE
ASV_13539	39450, 1905723, 1905723;2315413, 39449, 2364126, 1982030, 3075827, 2968077, 71860, 3019568, 2820087, 1290334, 2902008, 1333877, 35672	FALSE
ASV_13541	2686358, 2500157, 1920173, 326544, 2010915, 1916082, 1128911, 3050085, 1395135, 1277069, 934187, 641674, 564101, 564102, 493475;1128911, 197222, 218983, 218982, 218981, 218980, 218979, 56804, 218978, 218977, 218976, 218975, 218974, 218973, 218972, 218971, 218970, 218969, 218968, 218967, 218966, 218965, 196832, 196831, 196830, 196829, 196828, 162197, 134320	FALSE
ASV_13569	1873500, 446684, 1122133, 446684;1122133	FALSE
ASV_13608	156133, 284976;284978;284979;284980;284981;284982	FALSE
ASV_13630	120420, 1686789, 112098, 4770, 101203, 1862976, 3031135, 74557;1618017, 74557, 1618016, 1618018, 120401, 1618019, 637500, 100861, 4766, 393596	FALSE
ASV_13656	1714380, 1606541, 1411661, 722754;1714387	FALSE
ASV_13673	1010633, 1707700, 1052096, 3018796, 92950, 986871, 1967136, 1457145, 1457149, 1157611, 29917, 1056084, 1434223, 93486, 1431937, 1431936, 29918, 396515;487634, 417575, 312992, 229228	FALSE
ASV_1377	6579, 6577, 509963, 50417, 1411931, 106276, 6579;50417, 100774, 102328, 102331, 95546, 27808	FALSE
ASV_13774	39450, 1905723, 1905723;2315413, 39449, 2364126, 3075827, 2968077, 71860, 1286876, 3019568, 2820087, 1290334, 2902008, 1519423, 35672	FALSE
ASV_13799	2546201, 1653259;1653274, 1653245, 198009, 198006, 198005	FALSE
ASV_13911	315820, 296199, 678, 29497, 552386, 1516159, 693153, 663, 47951, 136468, 246167, 2777577, 1916082, 212663, 3034029, 3107983, 1868768, 1868767, 1868766, 1868765, 1868764, 1868763, 1868762, 1868761, 1868759, 1868758, 1868757, 1868756, 1868760, 1868782, 1868781, 1868780, 1868776, 1868775, 1868774, 1868773, 1868771, 1868778, 1868777, 1868770, 1868744, 1868743, 1868752, 1868748, 1868747, 1868742, 1859450, 1805575, 1805574, 1805573, 1805570, 1805564;1805565;1805571, 1851815, 3064001, 28171, 1328770, 1834798, 1792178, 1770518, 1770517, 446372, 3035453, 1673399, 1673396, 1673390, 1673289, 1673425, 1673422, 1673359, 1673410, 1673409, 1673352;1673372, 1719961, 1719848, 1719847, 1719816, 1719803, 2100116, 1691531, 1691530, 1691529, 1691528, 1691527, 1691526, 1691525, 1691524, 1691523, 1691522, 1691521, 1691520, 1691519, 1691518, 1691517, 1691516, 1691515, 1691514, 1691513, 1691512, 1691511, 1691510, 1676726, 1676721, 1676720, 1676708, 1676707, 1676706, 1676705, 1676704, 1676702, 1676700, 1676697, 1676696, 1676695, 1676694, 1676693, 1676690, 1676689, 1676681, 1676680, 1676679, 1676677, 1676676, 1676675, 1676663, 1676661, 1676660, 1676658, 1676657, 1653278, 1637825, 1637824, 1262661, 1262660, 1583695;1583959, 1584623;1584991, 1584028, 1577956, 1577949, 1577945, 1577944, 1577909, 1577939, 1577942, 1577941;1577948, 1577940, 1578953, 1194427, 446374, 1560220, 1368340, 1368335, 1368337, 2942997, 2785124, 170673, 1501404, 1501401, 1393119, 1393118, 1393117, 1393116, 1393115, 1393113, 1393112, 1393110, 1393109, 1393107, 1393106, 1393105, 1393104, 1393103, 1393102, 1393108, 1385400, 1472886, 1366848, 1462562, 1462561, 1462560, 1442111, 1442103, 1442100, 1442099, 1442094, 1442092, 1442091, 1442089, 1442088, 1442087, 1442086, 1442085, 1442131, 1442107, 1442101, 1442096, 1442090, 1442084, 1442510, 1442509, 1442502, 1442493, 1442491;1442496, 1442487, 1442482, 1442481, 1442480, 1442479, 1442478, 1442477, 1442476, 1442475, 1442474, 1442472, 1442471, 1442470, 1442469, 1442467, 1442465, 1442464, 1442463, 1442462, 1442461, 1442460, 1442458, 1442457, 1442455, 1442454, 1442451, 1442449, 1434309, 515817, 1382915, 1382914, 1382913, 1247956, 1247957, 1247951, 1247958, 1247954, 1247950, 1247952, 1247953, 1387067, 1387060, 1387059, 1387058, 355935, 1321993, 1321992, 1321991, 1321990;1321994, 1321986, 1321985, 1321984, 1321983, 1321981, 1321980, 1321979, 1321978, 1321977, 1321976, 1321973, 1321972, 1321971, 1321970, 1321969, 1321995, 1260020, 1260019, 1260018, 1260017, 1260016, 1260015, 1260014, 1260013, 1260012, 1260011, 1260010, 1260009, 1260008, 1260007, 1260006, 1260004, 1260002, 1259993, 1259992, 1259990;1259991, 1259989, 1261429, 1254589, 1240395, 1229323, 1229322, 1889773, 1204179, 1191501, 1207454;1207463, 1207461, 1207460, 1207458, 1207457, 1207455, 1207450;1207452;1207453;1207456, 1207451, 1207445, 1149637, 397884, 397879;864335, 1086684, 1086680, 1055439, 1029717, 1017173, 1017172, 1016972, 1016973, 934217, 934203, 934199, 934196, 934193, 934192, 934183, 946583, 868819, 868788, 868787, 868798;868799, 868848, 868792, 869057, 869059, 869053, 869056, 869054, 869050, 630486, 745785, 723299, 701157, 669460, 662999, 574955, 574951, 574952, 574954, 574953, 511072, 198832, 644490, 619772, 579879, 579878, 579877, 579876, 579875, 579874, 579872, 579870, 579869, 579868, 579867, 579799, 579797, 579796, 579794, 579793, 579792, 579791, 579790, 579788, 579787, 579786, 579785, 579784, 579783, 579782, 579781, 579780, 579779, 579778, 579776, 579775, 579774, 579773, 579771, 579770, 579769, 579768, 579767, 579766, 579757, 579755, 579898, 579883, 579882, 579881, 579880, 579843, 579750, 579749, 579680, 485763, 562741, 562739, 544933, 544935, 539929, 523617, 523504, 523482, 523480, 511753, 478474, 478476, 459817, 433350, 414699, 383899, 377046, 284913, 284881, 284879, 284877, 284872, 284869, 284867, 284864, 284862, 284829, 284827, 284826, 284823, 344011, 285152, 368234, 368233, 368232, 368220, 368219, 368212, 297155, 182462, 182460, 182458, 165264, 266747, 266745, 266746, 346219, 346218, 346212, 346194, 314207, 309479, 170680, 172725, 119364, 119363, 119362, 119361, 115125, 115124, 115123	FALSE
ASV_13951	1925337, 1229643;1229644;1229645	FALSE
ASV_13954	160216, 1742621, 57903, 45621, 2202743, 1840408, 58804, 57902, 1742617, 1742613, 1264739, 1742618, 58804;160221;478396;1742615;1742617;1742618, 856786, 478384	FALSE
ASV_13991	1010487;1010569, 1010567;1010568, 1010543, 1010507, 1010474;1010503;1010513;1010526	FALSE
ASV_14217	2066664;2066665, 2066653, 868044	FALSE
ASV_14247	2546201, 1653259;1653274, 1653245, 198009, 198006, 198005	FALSE
ASV_1427	98058;420639	TRUE
ASV_14284	77931, 47934;77931;704171;1123954, 46947, 704171, 46947;704171, 150622, 437763;704171, 265870, 265869, 47934;120300;146760;150623;447208;497816	FALSE
ASV_14302	78556, 1202962, 1805525, 2746230, 888427, 888426, 888428;888429, 690577, 685110, 341390, 1201293, 383813, 383812, 248916, 285062, 285061, 285057;285060, 285056, 285052, 285051, 285049, 285048, 285047, 285043;285046;285058;285059;285218, 215801, 203972, 111291, 50422, 73849, 73845;73848, 73843, 73842, 90736;1202962, 428031	FALSE
ASV_14313	53249, 1081601, 288, 394751, 176102, 2490635, 1312369, 1888972, 227, 176102;1081601, 162160, 3107983, 3112573, 1851791, 1834757, 1834756, 1834759, 1639579, 1639577, 1639573, 1639570, 1621491, 1621483, 1621480, 1621451, 1621447, 1621459, 387409, 1681063, 1681092, 1681091, 1190813, 1647606, 1578931, 582403, 1113889, 1082812, 53249;176102, 1393114, 1393088, 1393087, 1461142, 1445585, 1397484, 1382910, 1382909, 1382908, 1310041, 1310031, 1240663, 1203277, 1082808, 1120725, 1113889;1113890, 1113888, 1113794, 1113792;1113793, 1113790, 1096272, 1096270;1096275;1144864;1221977, 1096269, 1053080, 666512, 889610, 688076, 675800, 672400, 641726, 579518, 579513, 573096, 570961, 556724, 523654, 523576, 523566, 493560, 493538, 478481, 412375, 396003, 387405, 387407, 387404, 387388, 387382, 298165, 298164, 281195, 287508, 156577, 285065, 120654, 162159	FALSE
ASV_14338	1367452;1367461	TRUE
ASV_14340	111653, 1312527, 249218, 172817;249217, 172817, 249210, 188011, 249203, 201552, 324491, 201558	FALSE
ASV_14514	2586235, 2586233, 2586230;2586231;2586232, 2586226;2586227;2586228;2586229	FALSE
ASV_14525	58804, 1742617, 1742618, 58804;160221;478396;1742615;1742617;1742618	FALSE
ASV_14539	111653, 1312527, 249218, 172817;249217, 172817, 249210, 188011, 249203, 201552, 324491, 201558	FALSE
ASV_14630	1312098, 1312097, 1312096;1312099	FALSE
ASV_14644	35677, 35677;44463	FALSE
ASV_14655	35677, 35677;44463	FALSE
ASV_1466	143670, 2292165, 106543, 89963, 1695222, 1691974, 71861, 1652117, 1655535, 1655529, 1691973, 1239451, 631048, 858356, 284798;284799;284802, 284797	FALSE
ASV_14676	1916387, 1916386, 1524177, 1524176, 1524175, 1524174, 1563419, 1312089;1312103;1312105, 379101	FALSE
ASV_14713	2586235, 2586234, 2586233, 2586230;2586231;2586232, 2586226;2586227;2586228;2586229, 2031109	FALSE
ASV_1473	72677, 2496629, 1905723, 237471, 237471;1905723	FALSE
ASV_1479	426078;426079;426080;426081;426082, 299778	FALSE
ASV_14832	284051, 412153;424481	FALSE
ASV_1485	143670, 2292165, 106543, 89963, 1695222, 1691974, 71861, 1652117, 1655535, 1655529, 39450, 1691973, 1239451, 631048, 858356, 284798;284799;284802, 284797	FALSE
ASV_14870	409302, 48146, 169011, 159567;159570, 159566, 3092289, 3092287, 3092284, 159567, 329973, 3105985, 149074, 209423, 338211, 210625	FALSE
ASV_14915	39450, 1905723, 1905723;2315413, 39449, 2364126, 3075827, 2968077, 71860, 3019568, 2820087, 1290334, 2902008, 1519423, 35672	FALSE
ASV_14918	1714380, 1606541, 1411661, 722754;1714387	FALSE
ASV_14948	1905833, 3075301, 236787, 464225, 1606603, 1606602, 236787;1411684, 669373	FALSE
ASV_14949	35677, 35677;44463	FALSE
ASV_14983	523845, 387629, 387627, 387626, 387625;387628	FALSE
ASV_15029	409302, 48146, 1761466, 210626, 169011, 159567;159570, 159566, 3092289, 3092287, 3092284, 48144, 159567, 329973, 3105985, 149074, 209423, 338211, 210625	FALSE
ASV_15045	78556, 1202962, 1805525, 2746230, 888427, 888426, 888428;888429, 690577, 685110, 341390, 1201293, 383813, 383812, 248916, 285062, 285061, 285057;285060, 285056, 285052, 285051, 285049, 285048, 285043;285046;285058;285059;285218, 215801, 203972, 111291, 50422, 73849, 73845;73848, 73843, 73842, 90736;1202962, 80854, 285047	FALSE
ASV_15082	39450, 1905723, 1905723;2315413, 39449, 2364126, 3075827, 2968077, 71860, 3019568, 2820087, 1290334, 2902008, 1519423, 35672	FALSE
ASV_15084	92969, 1862976, 944587, 334531, 1618014, 334530, 371952, 74557;1618017, 74557, 92976, 1618018, 120401, 1618019, 637499, 637502, 637501, 100861, 4766, 4770, 92984, 92972	FALSE
ASV_15093	143670, 2292165, 106543, 1695222, 1691974, 71861, 1652117, 1655535, 1655529, 1691973, 1239451, 631048, 858356, 427755, 284798;284799;284802, 284797	FALSE
ASV_15103	216927, 1714380, 1606541, 1411661, 722754;1714387	FALSE
ASV_15137	1905833, 3075301, 236787, 464225, 1606603, 1606602, 236787;1411684, 669373	FALSE
ASV_15153	1295009;1406512	TRUE
ASV_1520	1714380, 1606541, 91991, 1411661, 2303412, 722754;1714387	FALSE
ASV_15217	2058846;2058847;2058848;2058849, 569958	FALSE
ASV_15299	2066664;2066665, 2066653, 868044	FALSE
ASV_1531	39450, 1905723, 1905723;2315413, 39449, 2364126, 3075827, 2968077, 71860, 3019568, 2820087, 1290334, 2902008, 35672	FALSE
ASV_15324	352471, 1842504, 232428, 3069615, 85552, 516908, 1550665, 576816, 689448, 3069642, 372814, 80836, 397953, 372813, 652056, 342079, 3069664, 689428, 3069638, 689434, 864859, 39395, 65693, 3069660, 864887, 483417, 2486928, 516904, 598732, 1381943, 1550680, 2990467, 399052, 689452, 689457, 576836, 576845, 689440, 576834, 53944, 108118, 576830, 576847, 689422, 559850, 342081, 689426, 689424, 411672, 689415, 903642, 903645, 576809, 557275, 864863, 3069635, 205348, 689442, 3069614, 2761385, 1550672, 2848999, 689436, 108123, 108115, 101283, 1550670, 331408, 205354, 3069677, 1235672, 3069646, 3069612, 1844875, 864871, 3069672, 3069680, 6799, 1814199, 372817, 1543200, 903761, 2848994, 2849002, 2873515, 903796, 342082, 1274963, 576842, 903799, 903780, 2486896, 903776, 903773, 2848998, 903772, 903767, 2849004, 689444, 903765, 2849486, 2849485, 2849488, 2849483, 903685, 903682, 2716229, 903754, 903681, 903680, 903679, 342070, 903752, 2848996, 689438, 903678, 903693, 903745, 205352, 1274962, 903665, 903808, 903739, 903738, 903737, 903735, 903731, 903730, 689416, 903728, 903726, 2559856, 903662, 903661, 2848993, 903658, 1606861, 903657, 2848991, 903714, 2848990, 1274961, 903650, 903708, 2848988, 2848985, 2848984, 2848983, 2486874, 903677, 652861, 2872216, 405170, 210409, 1416548, 373746, 471962, 1460405, 707981, 1450284, 689419, 559850;689422, 1450248, 1450288, 1241907, 689430;1450237;1450239, 576801;903744;1450234, 1241910, 1450273;1450297, 1450296, 1450260, 1450275;1450276, 53944;101283;108101;108102;108103;108104;108105;108110;108113;108115;108116;108119;576802;576805;576822;576828;576830;576834;576836;576842;576843;576845;689416;689417;689418;689420;689440;1450238;1450240;1450241;1450242;1450243;1450244;1450245;1450250;1450251;1450252;1450253;1450258;1450259;1450265;1450267;1450269;1450280;1450295;1450298;1450299;1450302, 1450256, 689424;689428;903784;1241909;1450271, 689415;689444;689452;689457;903733;1450249;1450254, 1450236, 1450247, 1450255, 576824, 1381946, 1381944, 156092, 1381942, 865993, 84638, 38149, 864883, 864881, 652067, 864879, 864875, 864862, 864861, 504414, 864860, 864864;864873, 865992, 694123, 694121, 864869, 205346, 652053, 243326, 680074, 580078, 84667, 2969665, 411673, 80837, 243327, 486108, 486107, 99391, 6755, 6759, 2496141, 1340057, 1129409, 765933, 1416552	FALSE
ASV_15364	1937694, 1937694;2962706, 2962706, 49240	FALSE
ASV_15380	1916387, 1916386, 87103, 1524184, 1524178, 1524176, 1524175, 1524174, 1312089;1312103;1312105, 379101	FALSE
ASV_15385	2302895;2302896, 2302894, 2302887, 3085199, 2812594, 3075321, 1764240, 1764237;1764239, 464278, 1522444, 284968, 156122;284971	FALSE
ASV_15396	242159, 2587268, 70448, 181122, 2828848, 2801507, 1420648, 1420647, 1420646, 1420645, 1420644, 1420640, 1420638, 1420637, 1420636, 1420635, 1420634, 1420632, 1420631, 1406831;1406838, 1406837, 1406834, 1406830, 1406829, 1406828, 1171686, 1171678;1171685, 1171684, 1171683, 1171682, 1171681, 1171680, 1171679, 1171677, 1171669;1171676, 1171675, 1171672;1171673, 1171671, 1171670, 1171674, 436017, 252315, 156130	FALSE
ASV_15397	1905833, 3075301, 236787, 464225, 1606603, 1606602, 236787;1411684, 669373	FALSE
ASV_15453	143670, 2292165, 106543, 1695222, 1691974, 71861, 1652117, 2920, 2039876, 1655535, 1655529, 1691973, 1239451, 2684369, 631048, 858356, 260577, 260576, 284798;284799;284802, 284797	FALSE
ASV_15468	2556055, 2556051, 2556044, 2556043;2556048, 2555748;2555765;2555772, 2547777, 1861722, 1861721, 1767092, 1767118, 1767114, 76111	FALSE
ASV_15480	35677, 35677;44463	FALSE
ASV_15534	1215989, 1215988, 1215986;1215987	FALSE
ASV_15570	1714380, 1606541, 1411661, 722754;1714387	FALSE
ASV_15615	435999, 8260;8262;8267, 8255, 106175, 27771, 8262, 141887, 172659, 195623, 195612, 428034, 641108, 195615, 143345, 244454, 141886, 244449, 235072	FALSE
ASV_15642	1044905, 1044903;1044904	FALSE
ASV_15655	2592182, 2592181, 2592180, 35677, 1764904, 35677;44463, 35679	FALSE
ASV_15681	9685, 61156, 5059, 9739, 76717, 42100, 9515, 81572, 1280, 9657, 9555, 10090, 61853, 72004, 9796, 9986, 94247, 9606, 9590, 9600, 9601, 9598, 9597, 9593, 10034, 9659, 554486, 9728;9731;9733;9742;9764;9767;27606;27610;27615;48708;82174;90247;575201;2746895, 9643;9644, 859984, 34865, 9995;93162, 83528, 9764, 9666, 392227, 9925, 30522, 9886;9915;30522;30532;72004;3119969, 9483, 9544, 9565	FALSE
ASV_15729	35677, 35677;44463	FALSE
ASV_15738	1840506, 1911418, 128131, 168767, 2039479, 1859706;1859708, 168724, 1193141, 880219	FALSE
ASV_15758	1905833, 3075301, 236787, 464225, 1606603, 1606602, 236787;1411684, 669373	FALSE
ASV_15761	90936, 299905, 415975, 90936;859642;859643, 162275, 859643, 859642;859643, 859642	FALSE
ASV_15778	143670, 2292165, 2592189, 2303294, 2303293, 106543, 1695222, 1691974, 71861, 1652117, 1655535, 1655529, 1691973, 1239451, 2684371, 2684370, 631048, 407301, 858356, 260577, 260576, 284798;284799;284802, 284797, 66473	FALSE
ASV_15806	1840506, 1911418, 128131, 168767, 2039479, 1859706;1859708, 168724, 1193141, 880219	FALSE
ASV_15850	2903, 38817, 1856765, 1856766, 280463, 2903;38817;1663125, 38817;284784;284790, 2903;38817, 44459	FALSE
ASV_15868	2302895;2302896, 2302894, 2302887, 3085199, 2812594, 3075321, 1764240, 1764237;1764239, 464278, 1522444, 284968, 156122;284971	FALSE
ASV_15884	2302895;2302896, 2302894, 2302887, 3085199, 2812594, 3075321, 1764240, 1764237;1764239, 464278, 1522444, 284968, 156122;284971	FALSE
ASV_15891	400838, 2072433, 400838;2053101, 1604653, 1840506, 1911418, 128131, 168767, 2039479, 1859706;1859708, 135523, 1308625, 1308635, 168724, 1193141, 880219, 400838;1604653;2053101, 880261, 168733	FALSE
ASV_15926	2302895;2302896, 2302894, 2302887, 3085199, 2812594, 3075321, 1764240, 1764237;1764239, 464278, 1522444, 284968, 156122;284971	FALSE
ASV_15933	394801;497729	TRUE
ASV_15954	35677, 35677;44463	FALSE
ASV_15955	2976942, 1268641, 420575, 420574, 420619, 72199, 98058;420639	FALSE
ASV_15959	143670, 2292165, 106543, 1695222, 1691974, 71861, 1652117, 1655535, 1655529, 39450, 1691973, 1239451, 631048, 858356, 160610, 284798;284799;284802, 284797	FALSE
ASV_16080	143670, 2292165, 106543, 1695222, 1691974, 71861, 1652117, 1655535, 1655529, 1691973, 1239451, 631048, 858356, 284798;284799;284802, 284797	FALSE
ASV_16106	2302895;2302896, 2302894, 2302887, 3085199, 2812594, 3075321, 1764240, 1764237;1764239, 464278, 1522444, 284968, 156122;284971	FALSE
ASV_16115	33642;1662657	TRUE
ASV_16119	2546201, 1653259;1653274, 1653245, 198009, 198006, 198005	FALSE
ASV_16148	2909592, 2909287;2915582	FALSE
ASV_16152	267566, 267567, 2843, 1764970, 1537841, 1503408, 1198651, 1198650, 1030539;1030546, 1030545, 1030544, 1030543, 1030542, 1030541, 1030540, 866888, 866887, 866886, 866885, 866884, 866883, 866882, 866881, 866879, 866878, 866877, 866876, 866874;866875, 866873, 866872, 866871, 619279, 619278, 619277, 619276, 619275, 2843;267567;439494, 216762;267567;1030547;1030548;1030549, 41457	FALSE
ASV_16183	1905833, 3075301, 236787, 464225, 1606603, 1606602, 236787;1411684, 669373	FALSE
ASV_16193	2926, 2932, 1471210, 1471208, 1133415;1133416;1133419, 2925, 1126604, 1126602, 1126603, 1126601, 1041877, 1041877;1126601;1126602;1126603;1126604, 1126609, 1126608, 1126610, 1126608;1126610, 1126605;1126607;1126608;1126609;1126610	FALSE
ASV_16202	2546201, 1653259;1653274, 1653245, 198009, 198006, 198005	FALSE
ASV_16227	2926, 2932, 1471208, 2925, 1126604, 1126602, 1126603, 1126601, 1041877, 1041877;1126601;1126602;1126603;1126604, 1126609, 1126608, 1126610, 1126608;1126610, 1126605;1126607;1126608;1126609;1126610	FALSE
ASV_16249	2909592, 2909287;2915582	FALSE
ASV_16266	2909592, 2909287;2915582	FALSE
ASV_1627	1714380, 1606541, 1411661, 722754;1714387	FALSE
ASV_16303	659, 660, 318456, 512643, 2023717, 1805529, 1805528, 1935446, 1368326, 1378299, 1379953, 1379952, 1316761, 659;1113700, 637378, 1454202, 56192, 553611, 115130	FALSE
ASV_16307	143670, 2292165, 106543, 1695222, 1691974, 71861, 1652117, 1655535, 1655529, 1691973, 1239451, 631048, 1003175, 858356, 427755, 284798;284799;284802, 284797	FALSE
ASV_16319	2976942, 1268641, 420575, 420574, 72199, 98058;420639	FALSE
ASV_16321	266818;266820	TRUE
ASV_16324	3158002, 1131260, 458503, 458502;1336816, 942691, 1336820, 1336939, 86016	FALSE
ASV_16338	1816782, 1524187, 1524186, 627963;1816783, 549348, 549345;1516112, 549349, 549347, 549346, 549343, 549342, 368449, 215587, 3030862	FALSE
ASV_16350	1010487;1010569, 1010567;1010568, 1010543, 1010507, 1010474;1010503;1010513;1010526	FALSE
ASV_16436	296199, 678, 29497, 552386, 1516159, 693153, 663, 47951, 136468, 246167, 2777577, 1916082, 212663, 3034029, 3107983, 1868768, 1868767, 1868766, 1868765, 1868764, 1868763, 1868762, 1868761, 1868759, 1868758, 1868757, 1868756, 1868760, 1868782, 1868781, 1868780, 1868776, 1868775, 1868774, 1868773, 1868771, 1868778, 1868777, 1868770, 1868744, 1868743, 1868752, 1868748, 1868747, 1868742, 1859450, 1805575, 1805574, 1805573, 1805570, 1805564;1805565;1805571, 1851815, 3064001, 28171, 1328770, 1834798, 1792178, 1770518, 1770517, 446372, 3035453, 1673399, 1673396, 1673390, 1673289, 1673425, 1673422, 1673359, 1673410, 1673409, 1673352;1673372, 1719961, 1719848, 1719847, 1719816, 1719803, 2100116, 1691531, 1691530, 1691529, 1691528, 1691527, 1691526, 1691525, 1691524, 1691523, 1691522, 1691521, 1691520, 1691519, 1691518, 1691517, 1691516, 1691515, 1691514, 1691513, 1691512, 1691511, 1691510, 1676726, 1676721, 1676720, 1676708, 1676707, 1676706, 1676705, 1676704, 1676702, 1676700, 1676697, 1676696, 1676695, 1676694, 1676693, 1676690, 1676689, 1676681, 1676680, 1676679, 1676677, 1676676, 1676675, 1676663, 1676661, 1676660, 1676658, 1676657, 1653278, 1637825, 1637824, 1262661, 1262660, 1583695;1583959, 1584623;1584991, 1584028, 1577956, 1577949, 1577945, 1577944, 1577909, 1577939, 1577942, 1577941;1577948, 1577940, 1578953, 1194427, 446374, 1560220, 1368340, 1368335, 1368337, 2942997, 2785124, 170673, 1501404, 1501401, 1393119, 1393118, 1393117, 1393116, 1393115, 1393113, 1393112, 1393110, 1393109, 1393107, 1393106, 1393105, 1393104, 1393103, 1393102, 1393108, 1385400, 1472886, 1366848, 1462562, 1462561, 1462560, 1442111, 1442103, 1442100, 1442099, 1442094, 1442092, 1442091, 1442089, 1442088, 1442087, 1442086, 1442085, 1442131, 1442107, 1442101, 1442096, 1442090, 1442084, 1442510, 1442509, 1442502, 1442493, 1442491;1442496, 1442487, 1442482, 1442481, 1442480, 1442479, 1442478, 1442477, 1442476, 1442475, 1442474, 1442472, 1442471, 1442470, 1442469, 1442467, 1442465, 1442464, 1442463, 1442462, 1442461, 1442460, 1442458, 1442457, 1442455, 1442454, 1442451, 1442449, 1434309, 515817, 1382915, 1382914, 1382913, 1247956, 1247957, 1247951, 1247958, 1247954, 1247950, 1247952, 1247953, 1387067, 1387060, 1387059, 1387058, 355935, 1321993, 1321992, 1321991, 1321990;1321994, 1321986, 1321985, 1321984, 1321983, 1321981, 1321980, 1321979, 1321978, 1321977, 1321976, 1321973, 1321972, 1321971, 1321970, 1321969, 1321995, 1260020, 1260019, 1260018, 1260017, 1260016, 1260015, 1260014, 1260013, 1260012, 1260011, 1260010, 1260009, 1260008, 1260007, 1260006, 1260004, 1260002, 1259993, 1259992, 1259990;1259991, 1259989, 1261429, 1254589, 1240395, 1229323, 1229322, 1889773, 1204179, 1191501, 1207454;1207463, 1207461, 1207460, 1207458, 1207457, 1207455, 1207450;1207452;1207453;1207456, 1207451, 1207445, 1149637, 397884, 397879;864335, 1086684, 1086680, 1055439, 1029717, 1017173, 1017172, 1016972, 1016973, 934217, 934203, 934199, 934196, 934193, 934192, 934183, 946583, 868819, 868788, 868787, 868798;868799, 868848, 868792, 869057, 869059, 869053, 869056, 869054, 869050, 630486, 745785, 723299, 701157, 669460, 662999, 574955, 574951, 574952, 574954, 574953, 511072, 198832, 644490, 619772, 579879, 579878, 579877, 579876, 579875, 579874, 579872, 579870, 579869, 579868, 579867, 579799, 579797, 579796, 579794, 579793, 579792, 579791, 579790, 579788, 579787, 579786, 579785, 579784, 579783, 579782, 579781, 579780, 579779, 579778, 579776, 579775, 579774, 579773, 579771, 579770, 579769, 579768, 579767, 579766, 579757, 579755, 579898, 579883, 579882, 579881, 579880, 579843, 579750, 579749, 579680, 485763, 562741, 562739, 544933, 544935, 539929, 523617, 523504, 523482, 523480, 511753, 478474, 478476, 459817, 433350, 414699, 383899, 377046, 284913, 284881, 284879, 284877, 284872, 284869, 284867, 284864, 284862, 284829, 284827, 284826, 284823, 344011, 285152, 368234, 368233, 368232, 368220, 368219, 368212, 297155, 182462, 182460, 182458, 165264, 266747, 266745, 266746, 346219, 346218, 346212, 346194, 314207, 309479, 170680, 172725, 119364, 119363, 119362, 119361, 115125, 115124, 115123, 1673290, 1673378	FALSE
ASV_1653	1907792, 291031, 2590921, 2590921;2590922	FALSE
ASV_167	242159, 2587268, 70448, 181122, 2828848, 2801507, 1420648, 1420647, 1420646, 1420645, 1420644, 1420640, 1420638, 1420637, 1420636, 1420635, 1420634, 1420632, 1420631, 1406831;1406838, 1406837, 1406834, 1406830, 1406829, 1406828, 1171686, 1171678;1171685, 1171684, 1171683, 1171682, 1171681, 1171680, 1171679, 1171677, 1171669;1171676, 1171675, 1171672;1171673, 1171671, 1171670, 1171674, 436017, 252315, 156130	FALSE
ASV_1683	9685, 61156, 5059, 9739, 76717, 42100, 9515, 81572, 1280, 9657, 9555, 10090, 61853, 72004, 9796, 9986, 94247, 9606, 9590, 9600, 9601, 9598, 9597, 9593, 10034, 9659, 554486, 9728;9731;9733;9742;9764;9767;27606;27610;27615;48708;82174;90247;575201;2746895, 9643;9644, 859984, 34865, 9995;93162, 83528, 9764, 9666, 392227, 9925, 30522, 9886;9915;30522;30532;72004;3119969, 9483, 9544, 9565	FALSE
ASV_16983	29916, 594546, 169388, 5507, 2046025, 948311, 132112, 93593, 1859699, 1826646, 1779633, 1779657, 1779639, 1779642, 1709941, 1036736, 195108, 1563348, 1563339, 2747967, 1495935, 1179470, 1056088, 1056086;1056087, 651428, 594547, 536339, 536338, 536337, 536336, 536335, 536334, 536331, 536330, 536328, 536327, 37998, 121870, 2747386	FALSE
ASV_17117	1714380, 1606541, 1411661, 722754;1714387	FALSE
ASV_17150	1010487;1010569, 1010567;1010568, 1010543, 1010507, 1010474;1010503;1010513;1010526	FALSE
ASV_17240	242159, 2587268, 70448, 181122, 2828848, 2801507, 1420648, 1420647, 1420646, 1420645, 1420644, 1420640, 1420638, 1420637, 1420636, 1420635, 1420634, 1420632, 1420631, 1406839, 1406831;1406838, 1406837, 1406834, 1406830, 1406829, 1406828, 1171686, 1171678;1171685, 1171684, 1171683, 1171682, 1171681, 1171680, 1171679, 1171677, 1171669;1171676, 1171675, 1171672;1171673, 1171671, 1171670, 1171674, 436017, 252315, 156130	FALSE
ASV_17253	1714380, 1606541, 1411661, 722754;1714387	FALSE
ASV_17293	2066676;2066678, 1920022, 509963	FALSE
ASV_1730	1816782, 1524187, 1524186, 627963;1816783, 549348, 549345;1516112, 549349, 549347, 549346, 549343, 549342, 368449, 215587, 3030862	FALSE
ASV_174	2302895;2302896, 2302894, 2302887, 3085199, 2812594, 3075321, 1764240, 1764237;1764239, 464278, 1522444, 284968, 156122;284971	FALSE
ASV_1745	72677, 2496629, 1905723, 237471, 237471;1905723	FALSE
ASV_17486	2903, 38817, 1856765, 1856766, 280463, 2903;38817;1663125, 38817;284784;284790, 2903;38817, 44459	FALSE
ASV_17498	1840506, 1911418, 1705789, 2053090, 2053089, 2053086, 6148, 2053087, 2053088, 2053091, 1105129, 1484298, 128131, 168767, 2039479, 1859706;1859708, 168724, 1193141, 880219, 880220, 323329	FALSE
ASV_17528	39450, 1905723, 1905723;2315413, 39449, 2364126, 3329432, 3075827, 2968077, 71860, 1286876, 3019568, 2820087, 1290334, 2902008, 1519423, 35672	FALSE
ASV_17533	1218182, 232276, 8032, 59291, 70285, 59296, 8030, 241494, 59861;348707, 36181, 150448;150449, 700633, 223141, 150449, 241699, 740694, 1609601, 274714, 274709, 59861, 135771	FALSE
ASV_17535	3065865, 393765, 54398, 682669, 288570, 54396, 54396;94784;94785	FALSE
ASV_17588	72677, 2496629, 1905723, 237471, 237471;1905723, 66473	FALSE
ASV_17589	72677, 2496629, 1905723, 237471, 237471;1905723	FALSE
ASV_17617	46947, 704171, 46947;704171	FALSE
ASV_1767	9685, 61156, 5059, 9739, 76717, 42100, 9515, 81572, 1280, 9657, 9555, 10090, 61853, 72004, 9796, 9986, 94247, 9606, 9590, 9600, 9601, 9598, 9597, 9593, 10034, 9659, 554486, 9728;9731;9733;9742;9764;9767;27606;27610;27615;48708;82174;90247;575201;2746895, 9643;9644, 859984, 34865, 9995;93162, 83528, 9764, 9666, 392227, 9925, 30522, 9886;9915;30522;30532;72004;3119969, 9483, 9544, 9565	FALSE
ASV_17725	1565494, 2926, 2925, 1471211, 1133413;1133414;1133417;1133418;1133422, 284800	FALSE
ASV_17748	2302895;2302896, 2302894, 2302887, 3085199, 2812594, 3075321, 1764240, 1764237;1764239, 464278, 1522444, 284968, 156122;284971	FALSE
ASV_17774	1873500, 446684, 1122133, 446684;1122133	FALSE
ASV_17783	2692287, 2692286;2692304	FALSE
ASV_1782	52970, 77928, 1326778, 254933, 1326780, 2571256, 77929, 1326783, 1884647, 46950, 2867507, 2867501;2867506, 1326777, 295837, 1326774, 302021, 1326770, 1326769, 1326768, 1326767, 1326766, 1326765, 1326763, 1326762, 195069, 1326782, 1010715, 141884;254933;356655	FALSE
ASV_17917	77931, 47934;77931;704171;1123954, 46947, 704171, 46947;704171, 150622, 437763;704171, 265870, 47934;120300;146760;150623;447208;497816	FALSE
ASV_17929	1873500, 446684, 1122133, 446684;1122133	FALSE
ASV_17940	1859836;1859880, 1859795;1859893, 1859765;1859767, 1859738;1859749;1859797	TRUE
ASV_17952	2737751, 2737750, 2737752, 2592178, 2592177, 2592175;2592176, 2592174, 2592173, 265543, 2152835, 1155433, 2316504, 2811639, 1400981, 2590921, 216823, 555837	FALSE
ASV_17995	33642;1662657	TRUE
ASV_18001	2546201, 1653259;1653274, 1653245, 198009, 198006, 198005	FALSE
ASV_18014	2903, 38817, 1856765, 1856766, 280463, 2903;38817;1663125, 38817;284784;284790, 2903;38817, 44459	FALSE
ASV_1825	1010487;1010569, 1010567;1010568, 1010543, 1010507, 1010474;1010503;1010513;1010526	FALSE
ASV_18384	41457, 216763, 1429247, 267566, 2843, 267567, 1764970, 1537841, 1503408, 1198651, 1198650, 1030539;1030546, 1030545, 1030544, 1030543, 1030542, 1030541, 1030540, 866888, 866887, 866886, 866885, 866884, 866883, 866882, 866881, 866879, 866878, 866877, 866876, 866874;866875, 866873, 866872, 866871, 619279, 619278, 619277, 619276, 619275, 2843;267567;439494, 216762;267567;1030547;1030548;1030549	FALSE
ASV_1844	1925337, 1229643;1229644;1229645	FALSE
ASV_18453	2546201, 1653259;1653274, 1653245, 198009, 198006, 198005	FALSE
ASV_18454	2546201, 1653259;1653274, 1653245, 198009, 198006, 198005	FALSE
ASV_18473	651182, 28223;651182	FALSE
ASV_18480	39450, 1905723, 1905723;2315413, 39449, 2364126, 89963, 2010215, 3075827, 2968077, 71860, 1286876, 3019568, 2820087, 1290334, 2902008, 344733, 35672, 237448	FALSE
ASV_18481	39450, 1905723, 1905723;2315413, 39449, 2364126, 89963, 3075827, 2968077, 71860, 3019568, 2820087, 1290334, 2902008, 1519423, 35672, 237470, 237448	FALSE
ASV_1851	9685, 61156, 5059, 9739, 76717, 42100, 9515, 81572, 1280, 9657, 9555, 10090, 61853, 72004, 9796, 9986, 94247, 9606, 9590, 9600, 9601, 9598, 9597, 9593, 10034, 9659, 554486, 9728;9731;9733;9742;9764;9767;27606;27610;27615;48708;82174;90247;575201;2746895, 9643;9644, 859984, 34865, 9995;93162, 83528, 9764, 9666, 392227, 9925, 30522, 9886;9915;30522;30532;72004;3119969, 9483, 9544, 9565	FALSE
ASV_18647	2053102, 2053103, 1840506, 1911418, 128131, 168767, 2039479, 1859706;1859708, 168724, 1193141, 880219	FALSE
ASV_18667	1010487;1010569, 1010567;1010568, 1010543, 1010507, 1010474;1010503;1010513;1010526	FALSE
ASV_18690	1816782, 1524187, 1524186, 627963;1816783, 549348, 549345;1516112, 549349, 549347, 549346, 549343, 549342, 368449, 215587, 3030862	FALSE
ASV_18721	296199, 678, 29497, 552386, 1516159, 693153, 663, 47951, 136468, 246167, 2777577, 1916082, 212663, 3034029, 3107983, 1868768, 1868767, 1868766, 1868765, 1868764, 1868763, 1868762, 1868761, 1868759, 1868758, 1868757, 1868756, 1868760, 1868782, 1868781, 1868780, 1868776, 1868775, 1868774, 1868773, 1868771, 1868778, 1868777, 1868770, 1868744, 1868743, 1868752, 1868748, 1868747, 1868742, 1859450, 1805575, 1805574, 1805573, 1805570, 1805564;1805565;1805571, 1851815, 3064001, 28171, 1328770, 1834798, 1792178, 1770518, 1770517, 446372, 3035453, 1673399, 1673396, 1673390, 1673289, 1673425, 1673422, 1673359, 1673410, 1673409, 1673352;1673372, 1719961, 1719848, 1719847, 1719816, 1719803, 2100116, 1691531, 1691530, 1691529, 1691528, 1691527, 1691526, 1691525, 1691524, 1691523, 1691522, 1691521, 1691520, 1691519, 1691518, 1691517, 1691516, 1691515, 1691514, 1691513, 1691512, 1691511, 1691510, 1676726, 1676721, 1676720, 1676708, 1676707, 1676706, 1676705, 1676704, 1676702, 1676700, 1676697, 1676696, 1676695, 1676694, 1676693, 1676690, 1676689, 1676681, 1676680, 1676679, 1676677, 1676676, 1676675, 1676663, 1676661, 1676660, 1676658, 1676657, 1653278, 1637825, 1637824, 1262661, 1262660, 1583695;1583959, 1584623;1584991, 1584028, 1577956, 1577949, 1577945, 1577944, 1577909, 1577939, 1577942, 1577941;1577948, 1577940, 1578953, 1194427, 446374, 1560220, 1368340, 1368335, 1368337, 2942997, 2785124, 170673, 1501404, 1501401, 1393119, 1393118, 1393117, 1393116, 1393115, 1393113, 1393112, 1393110, 1393109, 1393107, 1393106, 1393105, 1393104, 1393103, 1393102, 1393108, 1385400, 1472886, 1366848, 1462562, 1462561, 1462560, 1442111, 1442103, 1442100, 1442099, 1442094, 1442092, 1442091, 1442089, 1442088, 1442087, 1442086, 1442085, 1442131, 1442107, 1442101, 1442096, 1442090, 1442084, 1442510, 1442509, 1442502, 1442493, 1442491;1442496, 1442487, 1442482, 1442481, 1442480, 1442479, 1442478, 1442477, 1442476, 1442475, 1442474, 1442472, 1442471, 1442470, 1442469, 1442467, 1442465, 1442464, 1442463, 1442462, 1442461, 1442460, 1442458, 1442457, 1442455, 1442454, 1442451, 1442449, 1434309, 515817, 1382915, 1382914, 1382913, 1247956, 1247957, 1247951, 1247958, 1247954, 1247950, 1247952, 1247953, 1387067, 1387060, 1387059, 1387058, 355935, 1321993, 1321992, 1321991, 1321990;1321994, 1321986, 1321985, 1321984, 1321983, 1321981, 1321980, 1321979, 1321978, 1321977, 1321976, 1321973, 1321972, 1321971, 1321970, 1321969, 1321995, 1260020, 1260019, 1260018, 1260017, 1260016, 1260015, 1260014, 1260013, 1260012, 1260011, 1260010, 1260009, 1260008, 1260007, 1260006, 1260004, 1260002, 1259993, 1259992, 1259990;1259991, 1259989, 1261429, 1254589, 1240395, 1229323, 1229322, 1889773, 1204179, 1191501, 1207454;1207463, 1207461, 1207460, 1207458, 1207457, 1207455, 1207450;1207452;1207453;1207456, 1207451, 1207445, 1149637, 397884, 397879;864335, 1086684, 1086680, 1055439, 1029717, 1017173, 1017172, 1016972, 1016973, 934217, 934203, 934199, 934196, 934193, 934192, 934183, 946583, 868819, 868788, 868787, 868798;868799, 868848, 868792, 869057, 869059, 869053, 869056, 869054, 869050, 630486, 745785, 723299, 701157, 669460, 662999, 574955, 574951, 574952, 574954, 574953, 511072, 198832, 644490, 619772, 579879, 579878, 579877, 579876, 579875, 579874, 579872, 579870, 579869, 579868, 579867, 579799, 579797, 579796, 579794, 579793, 579792, 579791, 579790, 579788, 579787, 579786, 579785, 579784, 579783, 579782, 579781, 579780, 579779, 579778, 579776, 579775, 579774, 579773, 579771, 579770, 579769, 579768, 579767, 579766, 579757, 579755, 579898, 579883, 579882, 579881, 579880, 579843, 579750, 579749, 579680, 485763, 562741, 562739, 544933, 544935, 539929, 523617, 523504, 523482, 523480, 511753, 478474, 478476, 459817, 433350, 414699, 383899, 377046, 284913, 284881, 284879, 284877, 284872, 284869, 284867, 284864, 284862, 284829, 284827, 284826, 284823, 344011, 285152, 368234, 368233, 368232, 368220, 368219, 368212, 297155, 182462, 182460, 182458, 165264, 266747, 266745, 266746, 346219, 346218, 346212, 346194, 314207, 309479, 170680, 172725, 119364, 119363, 119362, 119361, 115125, 115124, 115123	FALSE
ASV_18738	1010487;1010569, 1010567;1010568, 1010543, 1010507, 1010474;1010503;1010513;1010526	FALSE
ASV_18973	2909592, 2909287;2915582	FALSE
ASV_18997	77931, 47934;77931;704171;1123954, 46947, 704171, 46947;704171, 150622, 437763;704171, 265870, 265869, 47934;120300;146760;150623;447208;497816	FALSE
ASV_1903	2919510;2919511, 2919509	FALSE
ASV_19061	39450, 1905723, 1905723;2315413, 39449, 2364126, 89963, 3075827, 2968077, 71860, 3019568, 2820087, 1290334, 2902008, 1519423, 35672, 237448	FALSE
ASV_19274	166042, 1576324, 187810;1576323, 187810;937758;2780037	FALSE
ASV_19313	1905833, 3075301, 236787, 464225, 1606603, 1606602, 236787;1411684, 669373	FALSE
ASV_19326	7604, 7602, 136941, 7603, 136985;136987, 7616;59564, 7611;189915	FALSE
ASV_19363	523845, 387629, 387627, 387626, 387625;387628	FALSE
ASV_19408	50741, 236100, 1869227, 580406, 1420917, 256323, 3141535, 3107983, 994319, 3108486, 1704920, 1704919, 236100;1420917, 1859412, 1639545, 1819599, 1696450, 1696430, 1696439, 1696433, 1696441, 1696457, 1632369, 1469362, 443152, 1541179, 1256016, 1256017, 1501237, 1928331, 2817656, 1484083, 1387916, 1387915, 1387914, 1387912, 1387911, 1387910, 1033846, 1289001, 1761792, 1246876;1246877, 1211169, 1211168, 655348, 1167805, 911039, 1120360, 1113803, 1113802, 1113801, 488533, 592863, 592853, 889597, 744195, 744196, 700672, 700676, 700671, 591571, 484497, 484496, 484495, 634306, 621102, 621104, 621103, 621106, 580404, 580401, 573095, 537752, 523658, 523585, 523575, 508709, 508708, 482490, 482489, 470781, 452538, 450738, 450735;450739;450740;450741, 445914, 445912, 445906, 382491, 382490, 386499, 115565, 115564, 115563, 115562, 285160, 285158, 197469, 162207, 266664, 221663, 137547, 229162, 106847	FALSE
ASV_19409	2302895;2302896, 2302894, 2302887, 3085199, 2812594, 3075321, 1764240, 1764237;1764239, 464278, 1522444, 284968, 156122;284971	FALSE
ASV_19498	143670, 2292165, 106543, 1695222, 1691974, 71861, 1652117, 1655535, 1655529, 1691973, 1239451, 376364, 631048, 858356, 425804, 427755, 284798;284799;284802, 284797	FALSE
ASV_19578	569439, 2547616;2547617	FALSE
ASV_19604	1010487;1010569, 1010567;1010568, 1010543, 1010507, 1010474;1010503;1010513;1010526, 1010434, 1010425	FALSE
ASV_1963	2615108, 1504735, 1504786, 1504785, 1504783, 1504780, 1504779, 1504778, 1504775, 1504774, 1504772, 1504765, 1504759, 1504757, 1504755, 1504754, 1504753, 1504752;1504784, 1504749, 1504748, 1504746, 1504744, 1504743, 1504737, 1504797;1504798, 1504762, 177412	FALSE
ASV_19721	1215989, 1215988, 1215986;1215987	FALSE
ASV_19759	2499817, 293625;319389	FALSE
ASV_19777	1873500, 446684, 1122133, 446684;1122133	FALSE
ASV_20001	1390100, 2841609, 316194;1390099, 316192;316193, 316170	FALSE
ASV_20009	1840506, 1911418, 128131, 168767, 2039479, 1859706;1859708, 168724, 1193141, 880219	FALSE
ASV_2001	77931, 47934;77931;704171;1123954, 46947, 704171, 46947;704171, 150622, 437763;704171, 265870, 265869, 47934;120300;146760;150623;447208;497816	FALSE
ASV_20019	1840506, 1911418, 128131, 168767, 2039479, 1859706;1859708, 168724, 1193141, 880219	FALSE
ASV_20045	3158002, 1131260, 458503, 458502;1336816, 942691, 1336820, 1336939, 86016	FALSE
ASV_20088	44190, 3097313, 3097298, 991072, 3097324, 204328, 1460407, 1460409;1460412, 639591, 86556, 1460410, 270263, 1460408, 1460411, 859419, 637410, 44306, 44197	FALSE
ASV_201	1905833, 3075301, 236787, 464225, 1606603, 1606602, 236787;1411684, 669373	FALSE
ASV_20182	1905833, 3075301, 236787, 464225, 1606603, 1606602, 236787;1411684, 669373	FALSE
ASV_20245	2066676;2066678, 1316268, 1317017, 1073843, 277999	FALSE
ASV_20249	2558189, 862914, 2029595, 61848, 1874995, 1874992;1874994, 880884, 2720202, 2800453, 2800450, 2800449, 2800448, 2800447, 2800443, 1210407, 862926, 1210406, 1210405, 222003, 328594	FALSE
ASV_20264	39450, 1905723, 1905723;2315413, 39449, 2364126, 3075827, 2968077, 71860, 3019568, 2820087, 1290334, 2902008, 35672	FALSE
ASV_2030	1403701, 1651142, 2744122, 2744121, 2744120, 2744119, 2744118, 2744117, 2744116, 2744115, 2744112;2744113;2744114, 2744111, 1303913, 1128081	FALSE
ASV_2033	111653, 1312527, 249218, 172817;249217, 172817, 249210, 188011, 249203, 201552, 324491, 201558	FALSE
ASV_20363	2615108, 1504735, 1504786, 1504785, 1504783, 1504780, 1504779, 1504778, 1504775, 1504774, 1504772, 1504765, 1504759, 1504757, 1504755, 1504754, 1504753, 1504752;1504784, 1504749, 1504748, 1504746, 1504744, 1504743, 1504737, 1504797;1504798, 1504762, 177412	FALSE
ASV_20439	1714380, 1606541, 1411661, 722754;1714387	FALSE
ASV_20441	1714380, 1606541, 1411661, 722754;1714387	FALSE
ASV_20499	6551, 173667, 6550, 29158, 40252, 2840390;2840391;2840392;2840393;2840394, 2840387;2840389, 2840388, 2840382, 429177, 431275	FALSE
ASV_20500	2586235, 2586233, 2586230;2586231;2586232, 2586226;2586227;2586228;2586229	FALSE
ASV_20518	2546201, 1653259;1653274, 1653245, 198009, 198006, 198005	FALSE
ASV_20586	2737751, 2737750, 2737752, 2592178, 2592177, 2592175;2592176, 2592174, 2592173, 265543, 2152835, 1155433, 1764861, 1764860, 2316504, 2811639, 1400981, 2590921, 216823, 555837	FALSE
ASV_20590	3230861, 2594182, 1795457, 1365868, 1365869, 1795458, 331091;1316112, 331090;1401236, 1795465, 1795455, 1795463, 1316093, 331088, 1794725, 1794724, 1794719, 1794730, 2940182, 331094, 331091, 331090, 335713, 1316094, 55629	FALSE
ASV_20609	2302895;2302896, 2302894, 2302887, 3085199, 2812594, 3075321, 1764240, 1764237;1764239, 464278, 1522444, 284968, 156122;284971	FALSE
ASV_20687	1714380, 1606541, 1411661, 722754;1714387	FALSE
ASV_20760	1840506, 1911418, 1705789, 2053090, 2053089, 2053086, 6148, 2053087, 2053088, 2053091, 1105129, 1484298, 128131, 168767, 2039479, 1859706;1859708, 168724, 1193141, 880219, 880220, 323329	FALSE
ASV_20763	143672, 262969;262970	FALSE
ASV_20862	39450, 1905723, 1905723;2315413, 39449, 2364126, 3075827, 2968077, 71860, 3019568, 2820087, 1290334, 2902008, 35672	FALSE
ASV_2089	143670, 2292165, 106543, 1695222, 1691974, 2578210, 71861, 1652117, 1655535, 1655529, 1333877, 1691973, 1239451, 631048, 858356, 427755, 284798;284799;284802, 284797	FALSE
ASV_20934	1853554, 5537, 1938884, 100914, 5288, 592011, 1495444, 1498201, 1498203, 1498200, 1148182, 394730, 154311, 5535, 311172;315236, 511742, 511743	FALSE
ASV_20946	1169001, 1050084, 1169003;1967941, 1169003, 1169000	FALSE
ASV_20980	1714380, 1606541, 172717, 1411662, 1411661, 91992, 722754;1714387	FALSE
ASV_20990	2058846;2058847;2058848;2058849, 569958, 569955, 136459	FALSE
ASV_2103	39450, 1905723, 1905723;2315413, 39449, 2364126, 89963, 3075827, 2968077, 71860, 3019568, 2820087, 1290334, 2902008, 1519423, 2684370, 407301, 35672, 237448, 66473	FALSE
ASV_2142	1804765, 2528238, 2528234;2528236, 2528233, 2528232;2528235, 2528231, 2528230, 364747, 476440, 1155431, 265592	FALSE
ASV_21432	35677, 35677;44463	FALSE
ASV_21556	2903, 38817, 1856765, 1856766, 280463, 2903;38817;1663125, 38817;284784;284790, 2903;38817, 44459	FALSE
ASV_2170	3158010, 2041974, 278976, 1986217, 2705381, 458503, 1342701, 1342547, 118321, 1336913, 942677, 1342708, 1342635;1342636, 1336828, 698789, 554634	FALSE
ASV_21706	35137, 1764815, 418938, 424526, 418912, 156181;284787;284792, 284756	FALSE
ASV_21793	52970, 77928, 1326778, 254933, 1326780, 2571256, 77929, 1326783, 1884647, 46950, 2867507, 2867501;2867506, 1326777, 295837, 1326774, 302021, 1326770, 1326769, 1326768, 1326767, 1326766, 1326765, 1326763, 1326762, 195069, 1326782, 1010715, 141884;254933;356655, 356656	FALSE
ASV_21888	2558189, 862914, 2029595, 2029594, 61848, 1874995, 1874992;1874994, 862912, 880884, 2720202, 2800453, 2800450, 2800449, 2800448, 2800447, 2800443, 1210407, 862926, 1210406, 1210405, 328598, 222003, 328594	FALSE
ASV_21906	1169001, 1050084, 1169003;1967941, 1169003, 1169000	FALSE
ASV_2206	1714380, 1606541, 1411661, 722754;1714387	FALSE
ASV_22066	120420, 1686789, 112098, 4770, 101203, 1862976, 3031135, 74557;1618017, 74557, 1618018, 120401, 1618019, 637500, 100861, 4766, 393596	FALSE
ASV_22123	1312527, 249218, 172817;249217, 172817, 249210, 249203, 201552, 201558	FALSE
ASV_22141	569439, 2547616;2547617	FALSE
ASV_22143	2056977, 569439, 2547616;2547617, 1982032	FALSE
ASV_22146	77931, 47934;77931;704171;1123954, 150622, 437763;704171, 265870, 47934;120300;146760;150623;447208;497816	FALSE
ASV_22240	35677, 35677;44463	FALSE
ASV_22242	447208, 447208;497816	FALSE
ASV_22244	77931, 47934;77931;704171;1123954, 46947, 704171, 46947;704171, 150622, 437763;704171, 265870, 265869, 47934;120300;146760;150623;447208;497816	FALSE
ASV_22249	39450, 1905723, 1905723;2315413, 39449, 2364126, 89963, 3075827, 2968077, 1965466, 71860, 2950227, 3019568, 2945, 2820087, 1290334, 2902008, 1519423, 2684370, 1407743, 407301, 66473, 35672, 237470, 237448	FALSE
ASV_22269	2558189, 862914, 2029595, 61848, 1874995, 1874992;1874994, 880884, 2720202, 2800453, 2800450, 2800449, 2800448, 2800447, 2800443, 1210407, 862926, 1210406, 1210405, 222003, 328594	FALSE
ASV_22335	2546201, 1653259;1653274, 1653245, 198009, 198006, 198005	FALSE
ASV_22347	2546201, 1653259;1653274, 1653245, 198009, 198006, 198005	FALSE
ASV_22388	1840506, 1911418, 2053114, 128131, 168767, 2039479, 1859706;1859708, 168724, 1193141, 880219	FALSE
ASV_22414	2884263, 2201156;2884263, 1869227	FALSE
ASV_22453	2903, 38817, 1856765, 1856766, 280463, 2903;38817;1663125, 38817;284784;284790, 2903;38817, 44459	FALSE
ASV_22478	1044905, 1044903;1044904	FALSE
ASV_22540	1714380, 1606541, 1411661, 722754;1714387	FALSE
ASV_22597	2926, 2932, 1471208, 2925, 1126604, 1126602, 1126603, 1126601, 1041877, 1041877;1126601;1126602;1126603;1126604, 1126609, 1126608, 1126610, 1126608;1126610, 1126605;1126607;1126608;1126609;1126610	FALSE
ASV_2267	1714380, 1606541, 172717, 1411662, 1411661, 91992, 722754;1714387	FALSE
ASV_22772	46947, 704171, 46947;704171	FALSE
ASV_22796	2586235, 2586233, 2586230;2586231;2586232, 2586226;2586227;2586228;2586229	FALSE
ASV_22864	2072448, 2072442, 2072438, 645367, 500023, 2072493, 2072467, 2015894, 338244, 2015897, 2015899, 1521551, 1922289, 1922288, 1922287, 1922287;1922290, 1864535, 316203, 645351, 316177, 499907, 645386, 2837385, 316211, 168745, 2840439, 2841610, 338256, 338254, 168756, 2747905, 168785, 168763, 316230, 316229, 316226, 316224, 316222, 316191, 316218, 316216, 316215, 316213, 316177;316209;316211, 316184;316205, 645392, 316189, 2751894	FALSE
ASV_22866	4932, 27292, 559292, 114524, 1987369, 1080349, 4931, 1969575, 580240, 27291, 230603, 226230, 1165456, 226126, 1294332, 1294330, 1294329, 1294328, 1294327, 1294326, 1294325, 1294324, 1294323, 1294322, 1294321, 1294320, 1294319, 1294318, 1294317, 1294316, 1294315, 1294314, 1294313, 1294312, 1294311, 1294310, 947044, 468558, 947042, 1294309, 1294308, 1294307, 1294306, 1294305, 1294304, 1294303, 1294388, 1294387, 1294386, 1294385, 1294384, 1294383, 1294382, 1294381, 1294380, 1294379, 1294378, 1294377, 1294376, 1294375, 1294374, 1294373, 1294372, 1294371, 1294370, 1294369, 1294368, 1294367, 1294366, 1294365, 1294364, 1294363, 1294362, 1294361, 1294360, 1294359, 1294358, 1294357, 1294356, 1294355, 1294354, 1294353, 1294352, 1294351, 1294350, 1294349, 1294348, 1294347, 1294346, 1294345, 1294344, 1294343, 1294342, 1294341, 1294340, 1294339, 1294338, 1294337, 1294336, 1294335, 1294334, 1294333, 1293430, 1292971, 1296266, 1524957, 1294331, 28985, 4932;559292, 4932;559292;1247190, 4932;559292;580240, 4932;580240, 4934, 1220494, 684751, 676026, 676025, 676024, 676023, 643680, 4932;34409, 226125, 32630, 114524;114525, 114526, 4932;209285;559292, 4931;27291	FALSE
ASV_22881	2903, 38817, 1856765, 1856766, 280463, 2903;38817;1663125, 38817;284784;284790, 2903;38817, 44459	FALSE
ASV_22904	39450, 1905723, 1905723;2315413, 39449, 2364126, 3075827, 2968077, 71860, 3019568, 2820087, 1290334, 2902008, 566475, 630538, 35672	FALSE
ASV_22923	1843216, 1843215, 1843195, 1843705, 1843199, 1843191, 795029;3097328, 639589	FALSE
ASV_2293	9685, 61156, 5059, 9739, 76717, 42100, 9515, 81572, 1280, 9657, 9555, 10090, 61853, 72004, 9796, 9986, 94247, 9606, 9590, 9600, 9601, 9598, 9597, 9593, 10034, 9659, 554486, 9728;9731;9733;9742;9764;9767;27606;27610;27615;48708;82174;90247;575201;2746895, 9643;9644, 859984, 34865, 9995;93162, 83528, 9764, 9666, 392227, 9925, 30522, 9886;9915;30522;30532;72004;3119969, 9483, 9544, 9565	FALSE
ASV_23374	1010487;1010569, 1010567;1010568, 1010543, 1010507, 1010474;1010503;1010513;1010526	FALSE
ASV_23443	41300, 619272, 619271, 619270, 614189, 226320, 312044, 225408, 221626;265276;265277, 133490, 178343	FALSE
ASV_23468	1044905, 1044903;1044904	FALSE
ASV_23478	101383;203982	TRUE
ASV_23561	1714380, 1606541, 1411661, 722754;1714387	FALSE
ASV_23621	2586235, 2586270, 2586269, 2586268, 2586267, 2586266, 2586265, 2586264, 2586263, 2586262, 2586233, 2586230;2586231;2586232, 2586226;2586227;2586228;2586229	FALSE
ASV_23646	151428, 2797544;3116938, 2797544, 1104439, 479716, 45653	FALSE
ASV_23669	2884263, 2201156;2884263, 1869227	FALSE
ASV_23711	3373029, 2066676;2066678, 3038469, 862916, 195226	FALSE
ASV_23737	1840506, 1911418, 128131, 168767, 2039479, 1859706;1859708, 168724, 1193141, 880219	FALSE
ASV_23745	181122;2315894	TRUE
ASV_23756	33642;1662657	TRUE
ASV_23812	77931, 47934;77931;704171;1123954, 150622, 437763;704171, 265870, 47934;120300;146760;150623;447208;497816	FALSE
ASV_2386	1162085, 1162089;1193138	FALSE
ASV_23894	2546201, 1653259;1653274, 1653245, 198009, 198006, 198005	FALSE
ASV_23898	39450, 1905723, 1905723;2315413, 39449, 2364126, 3075827, 2968077, 71860, 1286876, 3019568, 2820087, 1290334, 2902008, 1519423, 35672	FALSE
ASV_23933	1714380, 1606541, 1411661, 722754;1714387	FALSE
ASV_23945	413332;1194144, 413326, 413330, 413324	FALSE
ASV_2396	2976942, 98058;420639	FALSE
ASV_24188	1859735;1859793;1859916	TRUE
ASV_24189	78556, 1202962, 1805525, 2746230, 888427, 888426, 888428;888429, 690577, 685110, 341390, 1201293, 383813, 383812, 248916, 285062, 285061, 285057;285060, 285056, 285052, 285051, 285049, 285048, 285043;285046;285058;285059;285218, 215801, 203972, 111291, 50422, 73849, 73845;73848, 73843, 73842, 90736;1202962, 80854, 285047	FALSE
ASV_24191	2546201, 1653259;1653274, 1653245, 198009, 198006, 198005	FALSE
ASV_24236	2066664;2066665, 2066653, 868044	FALSE
ASV_2424	1804765, 2528238, 2528234;2528236, 2528233, 2528232;2528235, 2528231, 2528230, 364747, 476440, 1155431, 265592	FALSE
ASV_24297	2546201, 1653259;1653274, 1653245, 198009, 198006, 198005	FALSE
ASV_24303	1907792, 291031, 2590921, 2590921;2590922	FALSE
ASV_2432	41300, 619272, 619271, 619270, 614189, 226320, 312044, 225408, 221626;265276;265277, 133490, 178343	FALSE
ASV_2437	265524;281058, 435404, 265524	FALSE
ASV_24412	413332;1194144, 413326, 413330, 413324	FALSE
ASV_24419	569439, 2547616;2547617	FALSE
ASV_24425	1390100, 2841609, 316194;1390099, 316192;316193, 316170	FALSE
ASV_24442	659, 660, 318456, 512643, 2023717, 1805529, 1805528, 1935446, 1368326, 1378299, 1379953, 1379952, 1316761, 659;1113700, 637378, 1454202, 56192, 553611, 115130, 1379954	FALSE
ASV_2457	1714380, 1606541, 1411661, 722754;1714387	FALSE
ASV_2458	41457, 267566, 267567, 2843, 1764970, 1537841, 1503408, 1198651, 1198650, 1030539;1030546, 1030545, 1030544, 1030543, 1030542, 1030541, 1030540, 866888, 866887, 866886, 866885, 866884, 866883, 866882, 866881, 866879, 866878, 866877, 866876, 866874;866875, 866873, 866872, 866871, 619279, 619278, 619277, 619276, 619275, 2843;267567;439494, 216762;267567;1030547;1030548;1030549	FALSE
ASV_2477	409302, 48146, 169011, 159567;159570, 159566, 3092289, 3092287, 3092284, 159567, 329973, 3105985, 149074, 209423, 338211, 210625	FALSE
ASV_24931	2926, 2932, 1471208, 2925, 1126604, 1126602, 1126603, 1126601, 1041877, 1041877;1126601;1126602;1126603;1126604, 1126609, 1126608, 1126610, 1126608;1126610, 1126605;1126607;1126608;1126609;1126610	FALSE
ASV_24957	437713;437714;1156992	TRUE
ASV_24958	1714380, 1606541, 1411661, 722754;1714387	FALSE
ASV_25041	667017, 1795460, 861515, 696348;1758910, 1795459, 1795467;1795469	FALSE
ASV_25071	72677, 237470, 2945, 2590415, 1226012, 2496629, 89963, 1905723, 407301, 1486022, 1764932, 2291467, 237471, 237471;1905723, 39450, 2746695, 2746694, 66473, 640130, 60595	FALSE
ASV_2509	77931, 47934;77931;704171;1123954, 150622, 437763;704171, 265870, 47934;120300;146760;150623;447208;497816	FALSE
ASV_25116	44056, 35677, 35677;44463	FALSE
ASV_252	39450, 1905723, 1905723;2315413, 39449, 2364126, 1582274, 3075827, 2968077, 1918384, 71860, 3019568, 2820087, 1290334, 2902008, 2735801, 160610, 35672, 237470	FALSE
ASV_25226	2976942, 98058;420639	FALSE
ASV_25229	2558189, 862914, 2029595, 2029594, 61848, 1874995, 1874992;1874994, 862912, 880884, 2720202, 2800454, 2800453, 2800450, 2800449, 2800448, 2800447, 2800443, 1210407, 862926, 1210406, 1210405, 328598, 222003, 328594	FALSE
ASV_25258	1714380, 1606541, 91991, 1411661, 2303412, 722754;1714387	FALSE
ASV_25281	1714380, 1606541, 1411661, 722754;1714387	FALSE
ASV_25296	1411952, 1069099, 1069094, 1069096;1346590, 1069096, 1345016, 129187	FALSE
ASV_25314	39450, 1905723, 1905723;2315413, 39449, 2364126, 3075827, 2968077, 71860, 3019568, 2820087, 1290334, 2902008, 35672, 237470	FALSE
ASV_25350	2558189, 862914, 2029595, 2029594, 61848, 1874995, 1874992;1874994, 862912, 880884, 2720202, 2800453, 2800450, 2800449, 2800448, 2800447, 2800443, 1210407, 862926, 1210406, 1210405, 328598, 222003, 328594	FALSE
ASV_25378	72677, 237470, 2945, 1226012, 2496629, 1905723, 1764932, 237471, 237471;1905723, 39450, 66473	FALSE
ASV_2562	2546201, 1653259;1653274, 1653245, 198009, 198006, 198005	FALSE
ASV_2563	1714380, 1606541, 1411661, 722754;1714387	FALSE
ASV_2575	39450, 1905723, 1905723;2315413, 39449, 2364126, 3075827, 2968077, 71860, 3019568, 2820087, 1290334, 2902008, 35672	FALSE
ASV_25808	242159, 2587268, 70448, 181122, 2828848, 2801507, 1420648, 1420647, 1420646, 1420645, 1420644, 1420640, 1420638, 1420637, 1420636, 1420635, 1420634, 1420632, 1420631, 1406831;1406838, 1406837, 1406834, 1406833, 1406830, 1406829, 1406828, 1171686, 1171678;1171685, 1171684, 1171683, 1171682, 1171681, 1171680, 1171679, 1171677, 1171669;1171676, 1171675, 1171672;1171673, 1171671, 1171670, 1171674, 436017, 252315, 252311, 156130	FALSE
ASV_25831	2591690, 89963, 143670, 244960, 1965466, 60595, 2820086, 268821, 268820, 268820;463290, 427755, 268820;268821, 244961	FALSE
ASV_25845	1840506, 1911418, 128131, 168767, 2039479, 1859706;1859708, 168724, 1193141, 880219	FALSE
ASV_25848	143670, 2292165, 106543, 1695222, 1691974, 71861, 1652117, 1486022, 1655535, 1655529, 1333877, 1691973, 2746694, 1239451, 631048, 858356, 407301, 200894, 284798;284799;284802, 284797	FALSE
ASV_25856	1169001, 1050084, 1169003;1967941, 1169003, 1169000	FALSE
ASV_2586	9685, 61156, 5059, 9739, 76717, 42100, 9515, 81572, 1280, 9657, 9555, 10090, 61853, 72004, 9796, 9986, 94247, 9606, 9590, 9600, 9601, 9598, 9597, 9593, 10034, 9659, 554486, 9728;9731;9733;9742;9764;9767;27606;27610;27615;48708;82174;90247;575201;2746895, 9643;9644, 859984, 34865, 9995;93162, 83528, 9764, 9666, 392227, 9925, 30522, 9886;9915;30522;30532;72004;3119969, 9483, 9544, 9565	FALSE
ASV_25861	242159, 2587268, 70448, 181122, 2828848, 2801507, 1420648, 1420647, 1420646, 1420645, 1420644, 1420640, 1420638, 1420637, 1420636, 1420635, 1420634, 1420632, 1420631, 1406831;1406838, 1406837, 1406834, 1406833, 1406830, 1406829, 1406828, 1171686, 1171678;1171685, 1171684, 1171683, 1171682, 1171681, 1171680, 1171679, 1171677, 1171669;1171676, 1171675, 1171672;1171673, 1171671, 1171670, 1171674, 436017, 252315, 252311, 156130	FALSE
ASV_25981	2903, 38817, 1856765, 1856766, 280463, 2903;38817;1663125, 38817;284784;284790, 2903;38817, 44459	FALSE
ASV_25994	2903, 38817, 1856765, 1856766, 280463, 2903;38817;1663125, 38817;284784;284790, 2903;38817, 44459	FALSE
ASV_2600	1714380, 1606541, 1411661, 722754;1714387	FALSE
ASV_26020	6551, 173667, 6550, 29158, 40252, 2840390;2840391;2840392;2840393;2840394, 2840387;2840389, 2840388, 2840382, 429177, 431275	FALSE
ASV_26043	2558189, 862914, 2029595, 2029594, 61848, 1874995, 1874992;1874994, 862912, 880884, 2720202, 2800453, 2800450, 2800449, 2800448, 2800447, 2800443, 1210407, 862926, 1210406, 1210405, 328598, 222003, 328594	FALSE
ASV_26082	2056977, 569439, 2547616;2547617, 88552	FALSE
ASV_26122	1425172, 502081;717064, 352448	FALSE
ASV_2613	1859870, 1859750;1859817;1859819;1859855;1859867, 1817465, 1817464, 1817463, 1817462, 1817461, 1817466;1859826, 1817467, 1817467;1859766;1859804, 1817460	FALSE
ASV_26132	156133, 284976;284978;284979;284980;284981;284982	FALSE
ASV_26168	39450, 1905723, 1905723;2315413, 39449, 2364126, 3075827, 2968077, 71860, 3019568, 2820087, 1290334, 2902008, 35672	FALSE
ASV_2618	143670, 2292165, 106543, 1806893, 1695222, 1691974, 71861, 1652117, 1655535, 1655529, 2820086, 1691973, 106539, 1239451, 631048, 858356, 160612, 284798;284799;284802, 284797	FALSE
ASV_26207	72677, 2496629, 1905723, 237471, 237471;1905723	FALSE
ASV_26257	7604, 7602, 136941, 7603, 136985;136987, 7616;59564, 7611;189915	FALSE
ASV_26259	2976942, 98058;420639	FALSE
ASV_26296	1714380, 1606541, 1411661, 722754;1714387	FALSE
ASV_26327	2546201, 1653259;1653274, 1653245, 198009, 198006, 198005	FALSE
ASV_2635	1714380, 1606541, 172717, 1411662, 1411661, 91992, 722754;1714387	FALSE
ASV_26360	39450, 1905723, 1905723;2315413, 39449, 2364126, 89963, 3075827, 2968077, 71860, 3019568, 2820087, 1290334, 2902008, 1519423, 2684370, 1407743, 407301, 35672, 237448, 66473	FALSE
ASV_26510	2066664;2066665, 2066653, 868044	FALSE
ASV_26591	2586235, 2586234, 2586233, 2586230;2586231;2586232, 2586226;2586227;2586228;2586229, 2031109	FALSE
ASV_26639	1411952, 1069099, 1069094, 1069096;1346590, 1069096, 1345016, 129187	FALSE
ASV_26645	7604, 7602, 136941, 7603, 136985;136987, 7616;59564, 7611;189915	FALSE
ASV_2693	569439, 2547616;2547617	FALSE
ASV_26996	39450, 1905723, 1905723;2315413, 39449, 2364126, 3075827, 2968077, 71860, 3019568, 2820087, 1290334, 2902008, 35672, 501609, 501608	FALSE
ASV_27069	2066664;2066665, 2066653, 868044	FALSE
ASV_2713	1925337, 1229643;1229644;1229645	FALSE
ASV_27141	39450, 1905723, 1905723;2315413, 39449, 2364126, 3075827, 2968077, 71860, 3019568, 2820087, 1290334, 2902008, 35672	FALSE
ASV_27195	2903, 38817, 1856765, 1856766, 280463, 2903;38817;1663125, 38817;284784;284790, 2903;38817, 44459	FALSE
ASV_27222	151428, 2797544;3116938, 2797544, 1104439, 479716, 45653	FALSE
ASV_27261	1010487;1010569, 1010567;1010568, 1010543, 1010507, 1010474;1010503;1010513;1010526	FALSE
ASV_2729	569439, 2547616;2547617	FALSE
ASV_27304	1923966, 2126239, 2018706, 63141, 2014769, 431568, 1752674, 1398096, 355634, 1812833, 1752675, 1752179, 1754044, 1400982, 515481, 463623, 463622, 265549;265559, 210611, 216731	FALSE
ASV_27373	41300, 619272, 619271, 619270, 614189, 226320, 312044, 225408, 221626;265276;265277, 133490, 178343	FALSE
ASV_27463	41457, 267566, 267567, 2843, 1764970, 1537841, 1503408, 1198651, 1198650, 1030539;1030546, 1030545, 1030544, 1030543, 1030542, 1030541, 1030540, 866888, 866887, 866886, 866885, 866884, 866883, 866882, 866881, 866879, 866878, 866877, 866876, 866874;866875, 866873, 866872, 866871, 619279, 619278, 619277, 619276, 619275, 2843;267567;439494, 216762;267567;1030547;1030548;1030549	FALSE
ASV_27478	412153;424481	TRUE
ASV_27482	77931, 47934;77931;704171;1123954, 150622, 437763;704171, 265870, 47934;120300;146760;150623;447208;497816	FALSE
ASV_2822	77931, 47934;77931;704171;1123954, 46947, 704171, 46947;704171, 150622, 437763;704171, 265870, 265869, 47934;120300;146760;150623;447208;497816	FALSE
ASV_2895	9606, 9685, 61156, 5059, 9739, 76717, 42100, 9515, 81572, 1280, 9657, 9555, 10090, 61853, 72004, 9796, 9986, 94247, 9590, 9600, 9601, 9598, 9597, 9593, 10034, 9659, 554486, 9728;9731;9733;9742;9764;9767;27606;27610;27615;48708;82174;90247;575201;2746895, 9643;9644, 859984, 34865, 9995;93162, 83528, 9764, 9666, 392227, 9925, 30522, 9886;9915;30522;30532;72004;3119969, 9483, 9544, 9565	FALSE
ASV_2916	568212, 443381, 354049, 354045, 83955, 3013917, 3013920, 353935, 353977, 353961, 2029556, 1005653, 2099438, 2099437, 2056452, 2099436, 353925, 2099434, 2099433, 2099431, 2056451, 2056450, 2099430, 2099428, 2099427, 1676596, 2099426, 2099424, 2099423, 2056449, 2099421, 2099420, 2099419, 1779341, 2099418, 2099417, 353922, 2056448, 2099415, 354011, 2099413, 2099410, 2099409, 2056447, 2056446, 2056445, 2099408, 2056444, 354008, 2099405, 2099404, 2652604, 2724788, 2724791, 2724785, 2724751, 2652513, 2724755, 2724754, 2724752, 2724750, 572236, 2724753, 651549, 2724793, 2724792, 2932487, 2652649, 1806642, 2724790, 2724955, 2724762, 2652685, 2724789, 2652549, 2724954, 2724953, 2652529, 2724787, 2724952, 2724786, 2652508, 2724777, 2652493, 2724784, 2724783, 2724782, 2724781, 2724780, 2724779, 2724778, 164258, 39353, 1238142, 1000418, 3092764, 2652495, 2652683, 3092763, 2652676, 2528950, 3092762, 2528942, 3092761, 3092760, 2528952, 3092759, 3092756, 2528949, 2529245, 2528949;2529245, 3061235, 79772, 1685547, 2969152, 1501482, 2969159, 2969158, 2053897, 2584544, 255883, 2969156, 2584543, 2969155, 2584542, 168488, 168507, 2965494, 2965493, 2508839, 28540, 2965492, 2029625, 168500, 714454, 1902460, 168494, 69056, 168493, 1503305, 2965491, 2965490, 1902473, 1902458, 1902486, 2965489, 2820035, 1902462, 2056412, 2056411, 1902468, 2965488, 1902457, 168489, 168503, 2567862, 1503306, 168499, 168497, 168491, 175694, 2965323, 2965285, 2965284, 2529244, 2652463, 2818485, 608811, 586722, 99300, 332337, 332338, 255881, 357460, 332336, 180675, 2652537, 577428, 2292707, 2652630, 2652653, 2652629, 2652657, 2652560, 2652477, 2652616, 2652620, 2652660, 2652505, 2652488, 2528951, 2652551, 2652553, 2652478, 2652538, 2652467, 796002, 2652466, 2528947, 2652564, 2652510, 2652481, 2651881, 2652626, 2652607, 378412, 1793945, 2652468, 2652540, 2652485, 2652659, 2652605, 2652524, 2652475, 255894, 2315346, 2651910, 2652521, 2652497, 2652645, 2652504, 2652455, 2652470, 2652580, 2652522, 2652541, 2652500, 2652614, 2652486, 2652625, 2652601, 2652561, 2652594, 2652648, 2652482, 2652487, 2652612, 2652646, 2652637, 2652511, 2652515, 2652512, 2652650, 2652503, 2652602, 2652492, 2652621, 2652507, 2652573, 2652506, 2652578, 2652474, 2652473, 2652627, 2652575, 2652484, 2652597, 2652563, 2652589, 2652542, 2652639, 2652558, 1806640, 2652640, 2652554, 2652548, 2652613, 2652543, 2652571, 2652494, 2652574, 2652615, 2652476, 2652499, 2652610, 2652525, 2652570, 2652569, 2652531, 2652638, 2652562, 2652618, 2652559, 2652634, 2652544, 2652567, 2652593, 2652539, 2652534, 2652611, 2652528, 2652527, 2652606, 2652568, 2652658, 2652598, 2652509, 2652583, 2652622, 2652454, 2652592, 2652572, 2652496, 2652530, 2652547, 2652577, 2652617, 2652483, 2652654, 2652628, 2652452, 2652465, 2652498, 2652656, 2652655, 2652647, 2652644, 2652557, 2652619, 378414, 2652523, 2652651, 1619497, 2652608, 2652576, 2652453, 2652469, 133304, 86640, 2652536, 2652556, 2528956, 2528946, 2652675, 2652690, 2652698, 2652588, 2652591, 2652517, 2652643, 572237, 2652674, 2652518, 2652458, 2652642, 2652596, 2652681, 2652546, 2652464, 2652669, 2652668, 2652533, 2652684, 2652459, 2652461, 2652480, 2652688, 2652462, 2652457, 2652502, 2652490, 2652686, 2652582, 2652689, 2652460, 2652633, 2652693, 2652696, 2652600, 2652678, 2528933, 2652671, 2652585, 2652667, 2652697, 2652631, 2652680, 2652700, 2652694, 2652636, 2652692, 2652682, 2652687, 2652472, 2652520, 2652624, 2652672, 2652587, 2652699, 2652701, 2652579, 2652609, 2651911, 2651909, 2651908, 28496, 885332, 41401, 3770, 241842, 82927, 163100, 3772, 4182, 34257, 39408, 85179, 32198, 48551	FALSE
ASV_2948	1873500, 446684, 1122133, 446684;1122133	FALSE
ASV_2955	2161682, 6116, 2760912, 2777157, 2760912;2777157, 396345, 1147133, 396347, 86610	FALSE
ASV_2982	50741, 236100, 1869227, 580406, 1420917, 256323, 3141535, 3107983, 994319, 3108486, 1704920, 1704919, 236100;1420917, 1859412, 1639545, 1819599, 1696450, 1696430, 1696439, 1696433, 1696441, 1696457, 1632369, 1469362, 443152, 1541179, 1256016, 1256017, 1501237, 1928331, 2817656, 1484083, 1387916, 1387915, 1387914, 1387912, 1387911, 1387910, 1033846, 1289001, 1761792, 1246876;1246877, 1211169, 1211168, 655348, 1167805, 911039, 1120360, 1113803, 1113802, 1113801, 488533, 592863, 592853, 889597, 744195, 744196, 700672, 700676, 700671, 591571, 484497, 484496, 484495, 634306, 621102, 621104, 621103, 621106, 580404, 580401, 573095, 537752, 523658, 523585, 523575, 508709, 508708, 482490, 482489, 470781, 452538, 450738, 450735;450739;450740;450741, 445914, 445912, 445906, 382491, 382490, 386499, 115565, 115564, 115563, 115562, 285160, 285158, 197469, 162207, 266664, 221663, 137547, 229162, 106847, 1303895	FALSE
ASV_3029	1714380, 1606541, 172717, 1411662, 1411661, 91992, 722754;1714387	FALSE
ASV_3046	569439, 2547616;2547617	FALSE
ASV_306	2737751, 2737750, 2737752, 2592178, 2592177, 2592175;2592176, 2592174, 2592173, 265543, 2152835, 1155433, 2316504, 2811639, 1400981, 2590921, 216823, 555837	FALSE
ASV_3074	1925337, 1229643;1229644;1229645	FALSE
ASV_3131	1859870, 1859750;1859817;1859819;1859855;1859867, 1817465, 1817464, 1817463, 1817462, 1817461, 1817466;1859826, 1817467, 1817467;1859766;1859804, 1817460	FALSE
ASV_3151	1840506, 1911418, 128131, 168767, 2039479, 1859706;1859708, 168724, 1193141, 880219	FALSE
ASV_3223	691888, 105881;462866;462868, 331079, 105881, 462866	FALSE
ASV_3240	2066664;2066665, 2066653, 868044	FALSE
ASV_3253	156133, 284976;284978;284979;284980;284981;284982	FALSE
ASV_3256	1582126, 1582128, 1582124;1582125;1582130, 1582117;1582120;1582138;1582139, 1582137, 1582134;1582135, 1582122, 457647, 1582113, 120371, 1582112, 98291, 1421103, 1582111, 1582110;1582145, 120371;1582114, 462886, 462885, 98291;1582111, 1548726	FALSE
ASV_329	39450, 1905723, 1905723;2315413, 39449, 2364126, 89963, 3075827, 2968077, 71860, 1286876, 3019568, 2820087, 1290334, 2902008, 1519423, 35672, 237448	FALSE
ASV_3337	2605626, 1237422, 1184751, 258491, 1184753;2321265, 3664, 3661, 3662, 48242, 3663	FALSE
ASV_3341	1804765, 1804765;2023136, 44447	FALSE
ASV_3472	39450, 1905723, 1905723;2315413, 39449, 2364126, 3075827, 2968077, 71860, 3019568, 2820087, 1290334, 2902008, 35672	FALSE
ASV_3519	32052, 2881428, 585423, 2829511, 2771425, 1672188;1672189, 1672169;1672177, 1968775, 1400866, 1050624, 585417, 585412, 585414, 64471, 326332, 316279, 321201, 166318, 221358, 221342, 29410;221339;221343;221348, 84588	FALSE
ASV_353	2903, 38817, 1856765, 1856766, 280463, 2903;38817;1663125, 38817;284784;284790, 2903;38817, 44459	FALSE
ASV_3595	1873500, 446684, 1122133, 446684;1122133	FALSE
ASV_3648	2877795, 2877794, 2877821, 2877793, 2555406, 2548448, 243824, 229347, 183962, 1928706, 1928706;1938884, 183959, 217515, 40563, 86828, 217517, 500713, 744862, 5003	FALSE
ASV_3675	2066654;2066655, 2066647	FALSE
ASV_368	2161682, 6116, 2760912, 2777157, 2760912;2777157, 396345, 1147133, 396347, 86610	FALSE
ASV_3688	2546201, 1653259;1653274, 1653245, 198009, 198006, 198005	FALSE
ASV_3689	1010487;1010569, 1010567;1010568, 1010543, 1010507, 1010474;1010503;1010513;1010526	FALSE
ASV_3728	1804765, 2528238, 2528234;2528236, 2528233, 2528232;2528235, 2528231, 2528230, 364747, 476440, 1155431, 265592	FALSE
ASV_3741	2231657;2598547;2598548, 1684122	FALSE
ASV_3774	77931, 47934;77931;704171;1123954, 46947, 704171, 46947;704171, 150622, 437763;704171, 265870, 47934;120300;146760;150623;447208;497816	FALSE
ASV_387	569439, 2547616;2547617	FALSE
ASV_39	1840506, 1911418, 128131, 168767, 2039479, 1859706;1859708, 168724, 1193141, 880219	FALSE
ASV_393	35677, 35677;44463	FALSE
ASV_3946	156133, 284976;284978;284979;284980;284981;284982	FALSE
ASV_3955	1859836;1859880, 1859795;1859893, 1859765;1859767, 1859738;1859749;1859797	TRUE
ASV_3978	447208, 447208;497816	FALSE
ASV_4060	242159, 2587268, 70448, 181122, 2828848, 2801507, 1420648, 1420647, 1420646, 1420645, 1420644, 1420640, 1420638, 1420637, 1420636, 1420635, 1420634, 1420632, 1420631, 1406831;1406838, 1406837, 1406834, 1406830, 1406829, 1406828, 1171686, 1171678;1171685, 1171684, 1171683, 1171682, 1171681, 1171680, 1171679, 1171677, 1171669;1171676, 1171675, 1171672;1171673, 1171671, 1171670, 1171674, 436017, 252315, 156130, 1406833	FALSE
ASV_4158	1923966, 2126239, 2018706, 63141, 2014769, 431568, 1752674, 1398096, 355634, 1812833, 1752179, 1400982, 515481, 463623, 463622, 265549;265559	FALSE
ASV_422	1804765, 2528238, 2528234;2528236, 2528233, 2528232;2528235, 2528231, 2528230, 364747, 476440, 1155431, 265592, 2528237	FALSE
ASV_4238	39450, 1905723, 1905723;2315413, 39449, 2364126, 3075827, 2968077, 71860, 3019568, 2820087, 1290334, 2902008, 1519423, 35672	FALSE
ASV_4256	1714380, 1606541, 1411661, 722754;1714387	FALSE
ASV_4290	39450, 1905723, 1905723;2315413, 39449, 2364126, 1582274, 3075827, 2968077, 1918384, 71860, 3019568, 2820087, 1290334, 2902008, 2735801, 160610, 35672, 237470	FALSE
ASV_4323	72677, 2496629, 89963, 143670, 1905723, 244960, 342588, 60595, 237471, 237471;1905723, 427755, 244961	FALSE
ASV_4438	2615108, 1504735, 1504786, 1504785, 1504783, 1504780, 1504779, 1504778, 1504775, 1504774, 1504772, 1504765, 1504759, 1504757, 1504755, 1504754, 1504753, 1504752;1504784, 1504749, 1504748, 1504746, 1504744, 1504743, 1504737, 1504797;1504798, 1504762, 177412	FALSE
ASV_4462	329443;880432	TRUE
ASV_4472	284051, 412153;424481	FALSE
ASV_4553	72677, 2496629, 89963, 143670, 1905723, 342588, 237471, 237471;1905723, 427755	FALSE
ASV_4628	1234821, 2152838, 2152833;2152838, 1003027	FALSE
ASV_4684	435999, 8260;8262;8267, 8255, 106175, 27771, 8262, 141887, 172659, 195623, 195612, 428034, 641108, 195615, 143345, 244454, 141886, 244449, 235072	FALSE
ASV_4695	1010487;1010569, 1010567;1010568, 1010543, 1010507, 1010474;1010503;1010513;1010526	FALSE
ASV_4733	29916, 594546, 169388, 5507, 2046025, 948311, 132112, 93593, 1859699, 1826646, 1779633, 1779657, 1779639, 1779642, 1709941, 1036736, 195108, 1563348, 1563339, 2747967, 1495935, 1179470, 1056088, 1056086;1056087, 651428, 594547, 536339, 536338, 536337, 536336, 536335, 536334, 536331, 536330, 536328, 536327, 37998, 121870, 2747386, 1628926	FALSE
ASV_4741	77931, 47934;77931;704171;1123954, 150622, 437763;704171, 265870, 47934;120300;146760;150623;447208;497816	FALSE
ASV_4763	109185, 1794727, 1794708, 2822746, 232941, 2038754, 556794, 556798, 545793, 55647, 1712426, 60563;194557, 335712	FALSE
ASV_4778	479279, 245079, 37710, 479279;479281	FALSE
ASV_485	39450, 1905723, 1905723;2315413, 39449, 2364126, 89963, 3075827, 2968077, 1965466, 71860, 2950227, 3019568, 2820087, 1290334, 2902008, 1519423, 2684370, 407301, 66473, 35672, 237448	FALSE
ASV_4869	1434982, 1607872, 181122;2315894	FALSE
ASV_487	180941, 1891240, 1295634, 416578, 1050084, 1050079, 1343139, 1050077, 1967940, 1168997;1967940, 1168999, 1168997, 1071518, 1071516	FALSE
ASV_4917	1859794;1859798	TRUE
ASV_4939	72677, 2496629, 143670, 1905723, 237471, 237471;1905723, 427755	FALSE
ASV_4953	72677, 2496629, 1905723, 237471, 237471;1905723	FALSE
ASV_4980	146480, 1484357, 8187, 80956, 75329, 8177;72011, 94951, 8164	FALSE
ASV_5000	1714380, 1606541, 1411661, 722754;1714387	FALSE
ASV_5048	72677, 2496629, 1905723, 237471, 237471;1905723, 66473	FALSE
ASV_508	2066664;2066665, 2066653, 868044	FALSE
ASV_5081	1367452;1367461	TRUE
ASV_51	880432, 329443, 222015, 329443;880432	FALSE
ASV_5125	352471, 1842504, 232428, 3069615, 85552, 516908, 1550665, 576816, 689448, 3069642, 372814, 80836, 397953, 372813, 652056, 342079, 3069664, 689428, 3069638, 689434, 864859, 39395, 65693, 3069660, 864887, 483417, 2486928, 516904, 598732, 1381943, 1550680, 2990467, 399052, 689452, 689457, 576836, 576845, 689440, 576834, 53944, 108118, 576830, 576847, 689422, 559850, 342081, 689426, 689424, 411672, 689415, 903642, 903645, 576809, 557275, 864863, 3069635, 205348, 689442, 3069614, 2761385, 1550672, 2848999, 689436, 108123, 108115, 101283, 1550670, 331408, 205354, 3069677, 1235672, 3069646, 3069612, 1844875, 864871, 3069672, 3069680, 6799, 1814199, 372817, 1543200, 903761, 2848994, 2849002, 2873515, 903796, 342082, 1274963, 576842, 903799, 903780, 2486896, 903776, 903773, 2848998, 903772, 903767, 2849004, 689444, 903765, 2849486, 2849485, 2849488, 2849483, 903685, 903682, 2716229, 903754, 903681, 903680, 903679, 342070, 903752, 2848996, 689438, 903678, 903693, 903745, 205352, 1274962, 903665, 903808, 903739, 903738, 903737, 903735, 903731, 903730, 689416, 903728, 903726, 2559856, 903662, 903661, 2848993, 903658, 1606861, 903657, 2848991, 903714, 2848990, 1274961, 903650, 903708, 2848988, 2848985, 2848984, 2848983, 2486874, 903677, 652861, 2872216, 405170, 210409, 1416548, 373746, 471962, 1460405, 707981, 1450284, 689419, 559850;689422, 1450248, 1450288, 1241907, 689430;1450237;1450239, 576801;903744;1450234, 1241910, 1450273;1450297, 1450296, 1450260, 1450275;1450276, 53944;101283;108101;108102;108103;108104;108105;108110;108113;108115;108116;108119;576802;576805;576822;576828;576830;576834;576836;576842;576843;576845;689416;689417;689418;689420;689440;1450238;1450240;1450241;1450242;1450243;1450244;1450245;1450250;1450251;1450252;1450253;1450258;1450259;1450265;1450267;1450269;1450280;1450295;1450298;1450299;1450302, 1450256, 689424;689428;903784;1241909;1450271, 689415;689444;689452;689457;903733;1450249;1450254, 1450236, 1450247, 1450255, 576824, 1381946, 1381944, 156092, 1381942, 865993, 84638, 38149, 864883, 864881, 652067, 864879, 864875, 864862, 864861, 504414, 864860, 864864;864873, 865992, 694123, 694121, 864869, 205346, 652053, 243326, 680074, 580078, 84667, 2969665, 411673, 80837, 243327, 486108, 486107, 99391, 6755, 6759, 600358, 652906, 2848997	FALSE
ASV_520	1010487;1010569, 1010567;1010568, 1010543, 1010507, 1010474;1010503;1010513;1010526, 1010531, 1010537	FALSE
ASV_521	39450, 1905723, 1905723;2315413, 39449, 2364126, 3075827, 2968077, 71860, 3019568, 2820087, 1290334, 2902008, 35672	FALSE
ASV_5323	5059, 3711, 3708;3711, 3726, 2662428, 1492196, 3712, 3702, 3917, 161951, 72664, 3710, 50463, 52824, 138011, 3708, 1940530, 3707, 240228, 282304, 328428, 36774, 109379, 3715, 3716, 51350, 51351, 93385, 78191, 90675, 3719, 3101730, 398450, 65948, 50459, 50462, 200329, 1652997, 145471, 1763578, 414718, 1965130, 1248442, 1965126, 693860, 2866709, 693862, 1248448, 537139, 1248446, 368987, 155755, 1248441, 2866190, 883000, 558138, 82356, 580365, 359856, 580366, 558123, 558121, 82288, 416612, 157092, 13288	FALSE
ASV_5395	39450, 1905723, 1905723;2315413, 39449, 2364126, 3075827, 2968077, 71860, 3019568, 2820087, 1290334, 2902008, 35672	FALSE
ASV_54	9685, 61156, 5059, 9739, 76717, 42100, 9515, 81572, 1280, 9657, 9555, 10090, 61853, 72004, 9796, 9986, 94247, 9606, 9590, 9600, 9601, 9598, 9597, 9593, 10034, 9659, 554486, 9728;9731;9733;9742;9764;9767;27606;27610;27615;48708;82174;90247;575201;2746895, 9643;9644, 859984, 34865, 9995;93162, 83528, 9764, 9666, 392227, 9925, 30522, 9886;9915;30522;30532;72004;3119969, 9483, 9544, 9565	FALSE
ASV_5443	2546201, 1653259;1653274, 1653245, 198009, 198006, 198005	FALSE
ASV_5452	1925337, 1229643;1229644;1229645	FALSE
ASV_5463	267231, 57931, 57912, 176125, 1068670, 74656, 74645;74649, 64940, 57918, 74645, 3747, 644184, 57926, 202128, 267260, 74635, 1037063	FALSE
ASV_5502	1162085, 1162089;1193138	FALSE
ASV_5629	143670, 2292165, 106543, 1695222, 1691974, 71861, 1652117, 1655535, 1655529, 1691973, 1239451, 631048, 858356, 284798;284799;284802, 284797	FALSE
ASV_5648	1714380, 1606541, 1411661, 722754;1714387	FALSE
ASV_5670	77931, 47934;77931;704171;1123954, 46947, 704171, 46947;704171, 150622, 437763;704171, 265870, 47934;120300;146760;150623;447208;497816	FALSE
ASV_5738	1010633, 1707700, 1052096, 3018796, 92950, 986871, 1457145, 1457149, 1157611, 29917, 1056084, 396515;487634, 417575, 312992, 229228, 1127520, 651425	FALSE
ASV_5773	1714380, 1606541, 1411661, 722754;1714387	FALSE
ASV_5900	1840506, 1911418, 1705789, 2053090, 2053089, 2053086, 6148, 2053087, 2053088, 2053091, 1105129, 1484298, 128131, 168767, 2039479, 2053095, 2053097, 2053094, 2053085, 2053084, 1859706;1859708, 27804, 1562391, 269554, 1307430, 1308642, 1308629, 168724, 1193141, 880219, 880220, 880257;2053096, 880243, 323329	FALSE
ASV_5938	2714763, 2548453, 468837, 1884861, 797268;3029723, 37998, 89141, 983340, 132577, 1701993, 1701994, 1165860, 2487154, 797268, 758760, 651429, 43265, 150358, 170722, 170721, 112014, 651427	FALSE
ASV_5949	409302, 48146, 1761466, 210626, 169011, 159567;159570, 159566, 3092289, 3092287, 3092284, 48144, 159567, 329973, 3105985, 149074, 209423, 338211, 210625	FALSE
ASV_5973	2707732, 3158010, 2041974, 278976, 1986217, 1688446, 2705381, 458503, 1342701, 1342547, 118321, 1336913, 942677, 1342708, 1342635;1342636, 1336828, 1336864;1336866, 698789, 554634	FALSE
ASV_602	1714380, 1606541, 1411661, 722754;1714387	FALSE
ASV_6044	143670, 2292165, 106543, 1695222, 1691974, 71861, 1652117, 1655535, 1655529, 1691973, 1239451, 631048, 858356, 284798;284799;284802, 284797	FALSE
ASV_6073	2865239, 2865470, 2865216, 2865591, 2865206;2865207, 2865271, 2780179, 2780365, 2780190	FALSE
ASV_6074	1169001, 1050084, 1169003;1967941, 1169003, 1169000	FALSE
ASV_6076	1859870, 1859750;1859817;1859819;1859855;1859867, 1817465, 1817464, 1817463, 1817462, 1817461, 1817466;1859826, 1817467, 1817467;1859766;1859804, 1817460	FALSE
ASV_6150	72677, 2496629, 1905723, 237471, 237471;1905723	FALSE
ASV_6213	1714380, 1606541, 1411661, 722754;1714387	FALSE
ASV_6321	39450, 260685, 1905723, 1905723;2315413, 39449, 2364126, 2303287, 3075827, 2968077, 71860, 3019568, 2820087, 1290334, 2902008, 1519423, 257771, 35672, 257771;260685	FALSE
ASV_6326	2066605, 2066603;2066604, 2138295, 3038468	FALSE
ASV_6450	1714380, 1606541, 1411661, 722754;1714387	FALSE
ASV_6483	1840506, 1911418, 128131, 168767, 2039479, 1859706;1859708, 168724, 1193141, 880219	FALSE
ASV_6560	1714380, 1606541, 1411661, 722754;1714387	FALSE
ASV_6566	39450, 1905723, 1905723;2315413, 39449, 2364126, 1582274, 3075827, 2968077, 1918384, 71860, 3019568, 2820087, 1290334, 2902008, 2735801, 160610, 35672, 237470	FALSE
ASV_6574	143670, 2292165, 106543, 39450, 1695222, 1691974, 71861, 1652117, 1655535, 1655529, 1691973, 1239451, 631048, 858356, 427755, 284798;284799;284802, 284797	FALSE
ASV_662	1905833, 3075301, 236787, 464225, 1606603, 1606602, 236787;1411684, 669373	FALSE
ASV_6643	2606886, 2606887, 2606882;2606883, 1446920, 670440;1446917;2606889, 1446909, 1431838	FALSE
ASV_6700	77931, 47934;77931;704171;1123954, 150622, 437763;704171, 265870, 47934;120300;146760;150623;447208;497816	FALSE
ASV_671	1714380, 1606541, 1411661, 722754;1714387	FALSE
ASV_6711	1714380, 1606541, 1411661, 722754;1714387	FALSE
ASV_6713	39450, 1905723, 1905723;2315413, 39449, 2364126, 3075827, 2968077, 71860, 3019568, 2820087, 1290334, 2902008, 1519423, 35672	FALSE
ASV_674	2558189, 862914, 2029595, 61848, 1874995, 1874992;1874994, 880884, 2720202, 2800453, 2800450, 2800449, 2800448, 2800447, 2800443, 1210407, 862926, 1210406, 1210405, 222003, 328594	FALSE
ASV_6798	32052, 2881428, 585423, 2829511, 2771425, 1672188;1672189, 1672169;1672177, 1968775, 1400866, 1050624, 585417, 585412, 585414, 64471, 326332, 316279, 321201, 166318, 221358, 221342, 29410;221339;221343;221348, 84588	FALSE
ASV_689	41457, 216763, 1429247, 267566, 2843, 267567, 1764970, 1537841, 1503408, 1198651, 1198650, 1030539;1030546, 1030545, 1030544, 1030543, 1030542, 1030541, 1030540, 866888, 866887, 866886, 866885, 866884, 866883, 866882, 866881, 866879, 866878, 866877, 866876, 866874;866875, 866873, 866872, 866871, 619279, 619278, 619277, 619276, 619275, 2843;267567;439494, 216762;267567;1030547;1030548;1030549	FALSE
ASV_701	1714380, 1606541, 1411661, 722754;1714387	FALSE
ASV_7023	98058;420639	TRUE
ASV_7027	703294, 479467, 307057;307061, 340422	FALSE
ASV_7081	1905833, 3075301, 236787, 464225, 1606603, 1606602, 236787;1411684, 669373	FALSE
ASV_7122	1804765, 1804765;2023136, 44447	FALSE
ASV_715	9685, 61156, 5059, 9739, 76717, 42100, 9515, 81572, 1280, 9657, 9555, 10090, 61853, 72004, 9796, 9986, 94247, 9606, 9590, 9600, 9601, 9598, 9597, 9593, 10034, 9659, 554486, 9728;9731;9733;9742;9764;9767;27606;27610;27615;48708;82174;90247;575201;2746895, 9643;9644, 859984, 34865, 9995;93162, 83528, 9764, 9666, 392227, 9925, 30522, 9886;9915;30522;30532;72004;3119969, 9483, 9544, 9565	FALSE
ASV_7267	2919510;2919511, 2919509	FALSE
ASV_7371	2161682, 6116, 2760912, 2777157, 2760912;2777157, 396345, 1147133, 396347, 86610	FALSE
ASV_7473	1840506, 1911418, 128131, 168767, 2039479, 1859706;1859708, 27804, 1562391, 1308642, 1308629, 168724, 1193141, 880219	FALSE
ASV_7547	1543968, 1157983, 1157970, 156102;156103;156104	FALSE
ASV_7576	3158010, 2041974, 278976, 1986217, 2705381, 458503, 1342701, 1342547, 118321, 1336913, 942677, 1342708, 1342635;1342636, 1336828, 698789, 554634	FALSE
ASV_7650	161657, 1707700, 450181, 70808, 3018795, 2895526, 2006146, 29918, 29917, 887100, 395010, 553858, 1709935, 1779656, 1708399, 1701991, 1628913, 89940, 89940;1563334, 29917;450181, 1457147, 1457148, 1457144, 1457143;1457146, 1449643, 1449650, 1295155, 1225209, 1223656, 1085071, 92950, 798209, 709961, 1338630, 29917;92950;237183, 622355, 622350, 487641, 447242, 378992, 312996, 312995, 312990, 1628911, 1628910, 986880, 1628909, 986902, 29918;70808;450181;664271;664273	FALSE
ASV_7671	1010487;1010569, 1010567;1010568, 1010543, 1010507, 1010474;1010503;1010513;1010526	FALSE
ASV_7717	1010487;1010569, 1010567;1010568, 1010543, 1010507, 1010474;1010503;1010513;1010526	FALSE
ASV_7757	39450, 1905723, 1905723;2315413, 39449, 2364126, 89963, 3075827, 2968077, 71860, 1286876, 3019568, 2820087, 1290334, 2902008, 1519423, 35672, 237448	FALSE
ASV_7798	1010556, 1010533, 1010473;1010490;1010542	FALSE
ASV_7942	98058;420639	TRUE
ASV_8010	1840506, 1911418, 128131, 168767, 2039479, 1859706;1859708, 168724, 1193141, 880219	FALSE
ASV_8014	1925337, 1229643;1229644;1229645	FALSE
ASV_8106	296199, 678, 29497, 552386, 1516159, 693153, 663, 47951, 136468, 246167, 2777577, 1916082, 212663, 3034029, 3107983, 1868768, 1868767, 1868766, 1868765, 1868764, 1868763, 1868762, 1868761, 1868759, 1868758, 1868757, 1868756, 1868760, 1868782, 1868781, 1868780, 1868776, 1868775, 1868774, 1868773, 1868771, 1868778, 1868777, 1868770, 1868744, 1868743, 1868752, 1868748, 1868747, 1868742, 1859450, 1805575, 1805574, 1805573, 1805570, 1805564;1805565;1805571, 1851815, 3064001, 28171, 1328770, 1834798, 1792178, 1770518, 1770517, 446372, 3035453, 1673399, 1673396, 1673390, 1673289, 1673425, 1673422, 1673359, 1673410, 1673409, 1673352;1673372, 1719961, 1719848, 1719847, 1719816, 1719803, 2100116, 1691531, 1691530, 1691529, 1691528, 1691527, 1691526, 1691525, 1691524, 1691523, 1691522, 1691521, 1691520, 1691519, 1691518, 1691517, 1691516, 1691515, 1691514, 1691513, 1691512, 1691511, 1691510, 1676726, 1676721, 1676720, 1676708, 1676707, 1676706, 1676705, 1676704, 1676702, 1676700, 1676697, 1676696, 1676695, 1676694, 1676693, 1676690, 1676689, 1676681, 1676680, 1676679, 1676677, 1676676, 1676675, 1676663, 1676661, 1676660, 1676658, 1676657, 1653278, 1637825, 1637824, 1262661, 1262660, 1583695;1583959, 1584623;1584991, 1584028, 1577956, 1577949, 1577945, 1577944, 1577909, 1577939, 1577942, 1577941;1577948, 1577940, 1578953, 1194427, 446374, 1560220, 1368340, 1368335, 1368337, 2942997, 2785124, 170673, 1501404, 1501401, 1393119, 1393118, 1393117, 1393116, 1393115, 1393113, 1393112, 1393110, 1393109, 1393107, 1393106, 1393105, 1393104, 1393103, 1393102, 1393108, 1385400, 1472886, 1366848, 1462562, 1462561, 1462560, 1442111, 1442103, 1442100, 1442099, 1442094, 1442092, 1442091, 1442089, 1442088, 1442087, 1442086, 1442085, 1442131, 1442107, 1442101, 1442096, 1442090, 1442084, 1442510, 1442509, 1442502, 1442493, 1442491;1442496, 1442487, 1442482, 1442481, 1442480, 1442479, 1442478, 1442477, 1442476, 1442475, 1442474, 1442472, 1442471, 1442470, 1442469, 1442467, 1442465, 1442464, 1442463, 1442462, 1442461, 1442460, 1442458, 1442457, 1442455, 1442454, 1442451, 1442449, 1434309, 515817, 1382915, 1382914, 1382913, 1247956, 1247957, 1247951, 1247958, 1247954, 1247950, 1247952, 1247953, 1387067, 1387060, 1387059, 1387058, 355935, 1321993, 1321992, 1321991, 1321990;1321994, 1321986, 1321985, 1321984, 1321983, 1321981, 1321980, 1321979, 1321978, 1321977, 1321976, 1321973, 1321972, 1321971, 1321970, 1321969, 1321995, 1260020, 1260019, 1260018, 1260017, 1260016, 1260015, 1260014, 1260013, 1260012, 1260011, 1260010, 1260009, 1260008, 1260007, 1260006, 1260004, 1260002, 1259993, 1259992, 1259990;1259991, 1259989, 1261429, 1254589, 1240395, 1229323, 1229322, 1889773, 1204179, 1191501, 1207454;1207463, 1207461, 1207460, 1207458, 1207457, 1207455, 1207450;1207452;1207453;1207456, 1207451, 1207445, 1149637, 397884, 397879;864335, 1086684, 1086680, 1055439, 1029717, 1017173, 1017172, 1016972, 1016973, 934217, 934203, 934199, 934196, 934193, 934192, 934183, 946583, 868819, 868788, 868787, 868798;868799, 868848, 868792, 869057, 869059, 869053, 869056, 869054, 869050, 630486, 745785, 723299, 701157, 669460, 662999, 574955, 574951, 574952, 574954, 574953, 511072, 198832, 644490, 619772, 579879, 579878, 579877, 579876, 579875, 579874, 579872, 579870, 579869, 579868, 579867, 579799, 579797, 579796, 579794, 579793, 579792, 579791, 579790, 579788, 579787, 579786, 579785, 579784, 579783, 579782, 579781, 579780, 579779, 579778, 579776, 579775, 579774, 579773, 579771, 579770, 579769, 579768, 579767, 579766, 579757, 579755, 579898, 579883, 579882, 579881, 579880, 579843, 579750, 579749, 579680, 485763, 562741, 562739, 544933, 544935, 539929, 523617, 523504, 523482, 523480, 511753, 478474, 478476, 459817, 433350, 414699, 383899, 377046, 284913, 284881, 284879, 284877, 284872, 284869, 284867, 284864, 284862, 284829, 284827, 284826, 284823, 344011, 285152, 368234, 368233, 368232, 368220, 368219, 368212, 297155, 182462, 182460, 182458, 165264, 266747, 266745, 266746, 346219, 346218, 346212, 346194, 314207, 309479, 170680, 172725, 119364, 119363, 119362, 119361, 115125, 115124, 115123, 1673290, 1673378, 1673349, 1673381, 1673402, 579800, 579795, 246171	FALSE
ASV_8157	156133, 284976;284978;284979;284980;284981;284982	FALSE
ASV_820	2926, 2932, 1471208, 2925, 1126604, 1126602, 1126603, 1126601, 1041877, 1041877;1126601;1126602;1126603;1126604, 1126609, 1126608, 1126610, 1126608;1126610, 1126605;1126607;1126608;1126609;1126610	FALSE
ASV_8307	1840506, 1911418, 128131, 168767, 2039479, 1859706;1859708, 168724, 1193141, 880219	FALSE
ASV_8334	1714380, 1606541, 172717, 1411662, 1411661, 91992, 722754;1714387	FALSE
ASV_8352	72677, 2496629, 1905723, 237471, 237471;1905723	FALSE
ASV_836	1714380, 1606541, 1411661, 722754;1714387	FALSE
ASV_8365	56646, 29916, 5507, 660027, 948311, 5518, 5127, 1707700, 5341, 169388, 1036759, 5128, 40199, 5516, 1859699, 42551, 1497428, 5515, 117187, 569361, 59765, 42676, 334819, 426428, 334819;426428, 61235, 282269, 2502994, 61374, 1817976, 1758542, 1709941, 1779648, 1697770, 1697769, 1697771, 1628945, 61366, 282267, 1525337, 229533, 1585995, 101028, 1563341, 182845, 72228, 1279085, 1347863, 221976, 46105, 1225211, 48021, 1056085, 768043, 758578, 742027, 651449, 536333, 536332, 536329, 536326, 427675, 379007, 379008, 379004, 379003, 5128;5507;40199, 56641, 365515, 93594, 330378, 43265, 114497, 379006, 1628944, 1628922, 498535, 1628943	FALSE
ASV_8417	41300, 619272, 619271, 619270, 614189, 226320, 312044, 225408, 221626;265276;265277, 133490, 178343	FALSE
ASV_8423	83875, 270537, 435999, 1218182, 173311, 141264, 232276, 8187, 58220, 8218, 52239, 54343, 160734, 293821, 283035, 375764, 56716, 8167, 241346, 327821, 357811, 1680563, 586787, 272797, 367072, 109912, 109732, 109923, 109725, 109727, 1445868, 1474814, 1474813, 586788, 1474818, 466111, 110272, 80972, 8167;283036, 27706, 147949, 8182;13106;270329, 75562, 143350, 56733, 8237, 13677, 1156109, 1680712, 1489734, 75024, 586790, 1366890, 272788, 1701550, 272785, 109711, 109715, 1633020, 1003686, 1366891, 192871, 229075, 94984, 195855, 426098, 184440, 1474870, 166261, 215367, 241359, 1680609, 443694, 316135, 1582965, 348049, 334880;1230718, 1680832, 1206982, 271941, 1230797, 548269, 886300, 548263, 274718, 271942, 1680617, 392539;1503330;1680611;1680833, 189388, 36212;189388, 229290, 101497, 182642, 390354, 135768, 334896, 352913, 274803, 308081, 150301, 638236, 135755, 135754, 160963, 13676, 109687, 80970, 1367090, 428446, 1411154, 1333648, 80966, 2012909, 86230, 1412989, 160726, 2136010, 1311488, 1109169, 367073, 1070782, 103820, 173331, 99344, 1920301, 179371, 1266866, 466120, 237618, 1897801, 146811, 40497, 482919, 334415, 332418, 451889, 482915, 700793, 160721, 40494, 75016, 236585, 40503, 51758, 490245, 3352919, 531324, 303728, 555490, 1154654, 119718, 334385, 435274, 50351, 236586, 435273, 1182200, 40504, 586798, 1182847, 1182846, 129049, 2750679, 40495, 1182262, 37949, 184441, 40499, 2726525, 2968238, 107766, 555487, 1206948, 1231074, 490251, 308097, 2968240, 316137, 1219345, 13604, 13353, 492021, 319444, 1077867, 507566, 516980, 143332, 293907, 206108, 274697, 314234, 179370, 1743396, 1343686, 119682, 638296, 91608, 545688, 175432, 396781, 157584, 157585, 721873, 1240562, 342439, 1916742, 367075, 293913, 459920, 229058, 153621, 372794, 173309, 173334, 72063, 394690, 72103, 72075, 72067, 72092, 72094, 72084, 394693, 72074, 201702, 72079, 175442, 722560, 443712, 443676, 316127, 173346, 1508078, 938385, 326724, 13454, 153620, 13323, 238051, 109713, 109686, 109693, 396786, 238053, 316349, 238055, 396779, 175431, 100206, 1459839, 390315, 490258, 2163919, 163143, 1343685, 2923461, 753649, 753643, 175434, 173344, 242929, 1156094, 1156140, 274700, 3040455, 398258, 1311505, 40502, 2108418, 260524, 281679, 75028, 2108417, 109733, 75014, 175435, 109694, 39042, 192870, 342444, 229087, 2108419, 242928, 175444, 238050, 146141, 75013, 1828454, 2108423, 586812, 2108422, 3360228, 1311544, 12913, 997966, 700668, 109914, 109708, 466130, 529471, 3357991, 586789, 1099869, 443693, 998006, 1156133, 173312, 88708, 208333, 8236, 119488, 334379, 109909, 8240, 8237;8240, 214486, 490257, 304459, 941984, 77115, 72105, 323802, 34816, 78195, 308080, 78195;352911;352912, 45783, 135765, 135764, 135759;135763, 443679, 613159;661444, 135766, 8179, 56722, 8168, 135760;135761, 613159, 28743, 217026	FALSE
ASV_8426	33642;1662657	TRUE
ASV_8440	1714380, 1606541, 1411661, 722754;1714387	FALSE
ASV_8467	1916387, 1916386, 87103, 1524184, 1524178, 1524176, 1524175, 1524174, 1312089;1312103;1312105, 379101	FALSE
ASV_8482	2302895;2302896, 2302894, 2302887, 3085199, 2812594, 3075321, 1764240, 1764237;1764239, 464278, 1522444, 284968, 156122;284971	FALSE
ASV_849	1816782, 1524187, 1524186, 627963;1816783, 549348, 549345;1516112, 549349, 549347, 549346, 549343, 549342, 368449, 215587, 3030862	FALSE
ASV_8513	39450, 1905723, 1905723;2315413, 39449, 2364126, 3075827, 2968077, 71860, 3019568, 2820087, 1290334, 2902008, 35672	FALSE
ASV_856	6551, 173667, 6550, 29158, 40252, 2840390;2840391;2840392;2840393;2840394, 2840387;2840389, 2840388, 2840382, 429177, 431275	FALSE
ASV_8721	5482, 52253, 5476, 52253;1853550, 1115047, 436011, 385480, 380744, 379326, 378043, 344175, 344174, 344173	FALSE
ASV_8893	72677, 2590415, 2496629, 89963, 1905723, 407301, 1486022, 2291467, 237471, 237471;1905723, 2746695, 2746694, 66473, 640130, 60595	FALSE
ASV_893	1840506, 1911418, 128131, 168767, 2039479, 1859706;1859708, 168724, 1193141, 880219	FALSE
ASV_8984	1859870, 1859750;1859817;1859819;1859855;1859867, 1817465, 1817464, 1817463, 1817462, 1817461, 1817466;1859826, 1817467, 1817467;1859766;1859804, 1817460	FALSE
ASV_9012	1925337, 1229643;1229644;1229645	FALSE
ASV_9041	523845, 387629, 387627, 387626, 387625;387628	FALSE
ASV_9057	1916387, 1916386, 1524178, 1524176, 1524175, 1524174, 1312089;1312103;1312105, 379101	FALSE
ASV_9084	2586235, 2586233, 2586230;2586231;2586232, 2586226;2586227;2586228;2586229	FALSE
ASV_910	1714380, 1606541, 1411661, 722754;1714387	FALSE
ASV_9135	1804765, 183588, 44447, 2528238, 2528237, 2528234;2528236, 2528233, 2528232;2528235, 2528231, 2528230, 189737, 195935, 1664502, 37319, 2775602, 2302162, 364747, 365525, 476440, 697910, 2023136, 2938944, 1155431, 1041513, 265592, 186176, 655801, 708205	FALSE
ASV_9147	35677, 35677;44463	FALSE
ASV_920	1840506, 1911418, 128131, 168767, 2039479, 1859706;1859708, 168724, 1193141, 880219	FALSE
ASV_922	1010487;1010569, 1010567;1010568, 1010543, 1010507, 1010474;1010503;1010513;1010526	FALSE
ASV_9305	2547360, 187800, 187800;2547360, 947579, 947578, 1519747	FALSE
ASV_9312	2546201, 1653259;1653274, 1653245, 198009, 198006, 198005	FALSE
ASV_9317	2903, 38817, 1856765, 1856766, 280463, 2903;38817;1663125, 38817;284784;284790, 2903;38817, 44459	FALSE
ASV_9367	1010556, 1010533, 1010473;1010490;1010542	FALSE
ASV_940	2976942, 1268641, 420575, 420574, 72199, 98058;420639	FALSE
ASV_9512	1840506, 1911418, 128131, 168767, 2039479, 1859706;1859708, 168724, 1193141, 880219	FALSE
ASV_9524	1905833, 3075301, 236787, 464225, 1606603, 1606602, 236787;1411684, 669373	FALSE
ASV_9558	72677, 2496629, 89963, 1905723, 237471, 237471;1905723, 1407743, 1641413	FALSE
ASV_9587	1905833, 3075301, 236787, 464225, 1606603, 1606602, 236787;1411684, 669373	FALSE
ASV_9614	1714380, 1606541, 1411661, 722754;1714387	FALSE
ASV_9661	1905833, 3075301, 236787, 464225, 1606603, 1606602, 236787;1411684, 669373	FALSE
ASV_9790	143670, 2292165, 106543, 1695222, 1691974, 71861, 1652117, 1655535, 1655529, 1691973, 1239451, 2684370, 631048, 407301, 858356, 260577, 260576, 284798;284799;284802, 284797, 66473	FALSE
ASV_9845	1840506, 1911418, 128131, 168767, 2039479, 1859706;1859708, 168724, 1193141, 880219	FALSE
ASV_9880	1044905, 1044903;1044904	FALSE
ASV_9915	1010487;1010569, 1010567;1010568, 1010543, 1010507, 1010474;1010503;1010513;1010526, 1010434, 1010425	FALSE
ASV_9945	77931, 47934;77931;704171;1123954, 46947, 704171, 46947;704171, 150622, 437763;704171, 265870, 47934;120300;146760;150623;447208;497816	FALSE
