1000418
1000989
100206
1003021
1003023
1003027
1003031
1003037
1003040
1003048
1003049
1003062
1003089
1003095
1003135
1003137
1003149
1003175
1003307
1003308
1003325
10034
1003686
1003994
1004043
1004048
1004399
1005653
1006490
100774
100861
10090
100914
100933
101028
1010425
1010426
1010430
1010433
1010434
1010435
1010436
1010438
1010439
1010442
1010443
1010445
1010447
1010450
1010452
1010453
1010454
1010455
1010456
1010457
1010459
1010461
1010462
1010463
1010465
1010466
1010470
1010471
1010473
1010474
1010487
1010490
1010493
1010498
1010500
1010503
1010505
1010506
1010507
1010510
1010513
1010526
1010531
1010533
1010535
1010536
1010537
1010542
1010543
1010544
1010556
1010567
1010568
1010569
1010633
1010715
101203
101283
101383
101497
1016972
1016973
1017172
1017173
101924
102259
102328
102331
1027580
1027598
1029717
1030539
1030540
1030541
1030542
1030543
1030544
1030545
1030546
1030547
1030548
1030549
103348
1033846
1034612
1034652
1034813
1034814
1034816
1034828
1034830
1034831
1035122
1035256
1035519
1035520
1035521
1035522
1035524
1035525
1035528
1035838
1036736
1036759
1036810
1037063
1037237
1037239
103820
1038839
1041513
1041877
1042646
1043722
1043733
1043734
1043735
1043736
1043737
1044903
1044904
1044905
1045407
1045408
1045413
1045432
1045433
1045436
104710
104721
104777
1048533
1048732
1049798
1049800
1050072
1050077
1050078
1050079
1050084
1050087
1050095
1050096
1050097
1050099
1050624
1050714
1051111
1051708
1051732
1051737
1052040
1052096
1053080
1054024
105404
105407
105414
1055000
1055439
1056084
1056085
1056086
1056087
1056088
1056814
105881
105986
106002
106003
106017
106020
106175
106224
106276
1064588
1064589
106530
106539
106542
106543
1065492
1065493
1065494
106847
1068670
1068896
1069092
1069094
1069096
1069099
1069103
1070782
1071516
1071518
1072025
1073843
1073941
1074837
1077150
1077163
107757
107766
1077867
1079765
1080349
108101
108102
108103
108104
108105
108110
108113
108115
108116
108118
108119
108123
1081457
1081601
1081906
1082188
1082808
1082812
1085071
1085072
1086680
1086684
1091424
109185
109238
109239
109379
1096269
1096270
1096272
1096275
109686
109687
109693
109694
1097015
109708
109711
109713
109715
109725
109727
109732
109733
1097433
109764
109889
109891
109898
109909
109912
109914
109923
109947
109948
109949
109952
109953
1099869
1100049
110120
110272
110276
110372
1104436
1104439
110477
1105129
110520
1108076
1108160
1108492
1108793
1109169
1109176
111291
1113700
1113790
1113792
1113793
1113794
1113801
1113802
1113803
1113888
1113889
1113890
1114232
1115047
111653
111665
111667
1117030
1117177
111831
111862
1118981
112014
1120154
1120360
1120725
112098
112138
1122133
1122224
1123717
1123954
1124163
1124166
1124230
1124232
1124235
1124241
112456
1124679
1125411
1125412
1126601
1126602
1126603
1126604
1126605
1126607
1126608
1126609
1126610
1127100
1127101
1127137
1127141
1127202
1127203
1127213
1127215
1127218
1127520
1128081
1128107
1128109
1128911
1129382
1129409
1129410
1130126
1131260
1131436
1131438
1131440
1131441
1131762
1132386
1132513
1132520
1132523
1132524
1132638
1133372
1133413
1133414
1133415
1133416
1133417
1133418
1133419
1133422
1133979
113421
1136018
113644
1136767
1136772
1136786
1137292
1137475
1138462
1139989
1140381
114067
114068
114070
114071
114156
114157
114168
114176
114237
114254
1143158
1144756
1144864
114497
1145023
114524
114525
114526
114672
1147133
114794
1148182
1149637
1151058
1151059
115123
115124
115125
115130
1154654
1155186
1155428
1155429
1155430
1155431
1155432
1155433
1155434
1155435
1155436
1155437
1155438
1155439
1155554
115562
115563
115564
115565
1156094
1156109
1156133
1156140
1156958
1156992
1157611
1157692
1157699
1157700
1157701
1157970
1157983
1158072
1162085
1162089
1162740
1162806
1163737
1165220
1165456
1165860
1167625
1167805
1167876
1168856
1168997
1168999
1169000
1169001
1169003
1169004
1169005
1169006
1169022
1169131
1169133
1169886
1169940
1169942
1169943
1169947
1169953
1169954
1169955
1169958
1170544
1170553
1170556
1170808
1171614
1171669
1171670
1171671
1171672
1171673
1171674
1171675
1171676
1171677
1171678
1171679
1171680
1171681
1171682
1171683
1171684
1171685
1171686
117187
1173374
1173416
1176324
1176325
1176356
1176361
1176362
1176364
1176367
1176369
1176373
1176383
1176387
1176391
1176393
1176437
1176449
1176540
1177060
1177068
1177091
1177109
1177184
1179464
1179470
1180192
1180198
1180206
1180455
1180457
1180461
118079
118080
1181717
1181720
1181996
1182200
1182262
1182846
1182847
118321
1183870
1184751
1184753
1186237
1190596
1190813
1191501
1193135
1193136
1193137
1193138
1193141
119361
119362
119363
119364
119368
119369
119370
119372
1194144
1194294
1194427
1194445
119488
1194921
1196008
1196155
1196157
1196158
119682
119718
119757
1198383
1198491
1198650
1198651
1201293
1202962
120299
120300
1203277
120371
120401
1204179
120420
120431
1206333
1206335
1206337
1206380
120654
120655
1206948
1206982
1207445
1207450
1207451
1207452
1207453
1207454
1207455
1207456
1207457
1207458
1207460
1207461
1207463
1208498
1209069
1209075
120984
121025
1210405
1210406
1210407
1210972
1211168
1211169
121138
1213619
1214254
1214255
121462
1215376
1215658
1215679
1215986
1215987
1215988
1215989
1216001
1218182
121870
1219345
1220494
1221879
1221977
1222188
1222190
122233
1223656
1224295
1225209
1225211
1225622
1225972
1226012
1227127
1227128
1229322
1229323
1229391
122942
1229643
1229644
1229645
1229646
1229648
1229649
1229734
1229908
1229909
1229915
1229919
1229920
1229923
1229925
1229938
1229939
1229947
1229951
1229953
1230018
1230019
1230083
1230094
1230097
1230112
1230116
1230117
1230118
1230320
1230330
1230718
1230781
1230797
1231054
1231074
1232486
1233982
1234160
1234425
1234578
1234579
1234821
1235672
123597
123601
1237422
1238142
123918
1239448
1239449
1239450
1239451
1240395
1240562
1240663
1241907
1241909
1241910
1242244
124259
124337
124339
1244649
1244665
1244696
1244743
1244813
1246328
1246791
1246797
1246876
1246877
1247190
1247950
1247951
1247952
1247953
1247954
1247956
1247957
1247958
1248441
1248442
1248446
1248448
1249057
1249456
1254441
1254443
1254589
1256016
1256017
1259989
1259990
1259991
1259992
1259993
1260002
1260004
1260006
1260007
1260008
1260009
1260010
1260011
1260012
1260013
1260014
1260015
1260016
1260017
1260018
1260019
1260020
1261429
1262057
1262058
1262060
1262062
1262068
1262087
1262089
1262095
1262161
1262660
1262661
126280
1263499
126422
1264739
1266600
1266866
1267452
1268641
1268895
127145
127148
1271888
1272193
127229
1272313
1272317
1273022
1273161
1273174
1273570
1273571
1274397
1274486
1274488
1274935
1274961
1274962
1274963
127547
127562
127563
127567
1276030
1276034
1276039
1276066
1276067
1276092
1276093
1276104
1276107
1276108
1276138
1276142
1276173
127628
1276540
1277069
1277256
1279085
1279102
1280
128131
1281429
1281777
1282294
1282295
1282296
1286073
1286129
1286876
1287561
1289001
1289034
1290334
129049
12913
129184
129187
1292461
1292971
1293430
1294205
1294206
1294207
1294260
1294303
1294304
1294305
1294306
1294307
1294308
1294309
1294310
1294311
1294312
1294313
1294314
1294315
1294316
1294317
1294318
1294319
1294320
1294321
1294322
1294323
1294324
1294325
1294326
1294327
1294328
1294329
1294330
1294331
1294332
1294333
1294334
1294335
1294336
1294337
1294338
1294339
1294340
1294341
1294342
1294343
1294344
1294345
1294346
1294347
1294348
1294349
1294350
1294351
1294352
1294353
1294354
1294355
1294356
1294357
1294358
1294359
1294360
1294361
1294362
1294363
1294364
1294365
1294366
1294367
1294368
1294369
1294370
1294371
1294372
1294373
1294374
1294375
1294376
1294377
1294378
1294379
1294380
1294381
1294382
1294383
1294384
1294385
1294386
1294387
1294388
1295009
1295155
1295631
1295632
1295633
1295634
1296266
1296329
1297743
1297756
12997
1301017
1302792
1302830
1303895
1303911
1303913
1303917
13055
1305840
1306356
1307430
1307819
1308625
1308629
1308635
1308642
1308664
1308665
1308666
13093
1310031
1310041
13106
1311488
1311505
1311516
1311521
1311524
1311544
1311769
1312089
1312096
1312097
1312098
1312099
1312103
1312105
1312369
1312527
1314681
1314683
1315715
1316093
1316094
1316112
1316266
1316268
1316761
1317017
132112
1321365
1321399
1321401
1321669
1321969
1321970
1321971
1321972
1321973
1321976
1321977
1321978
1321979
1321980
1321981
1321983
1321984
1321985
1321986
1321990
1321991
1321992
1321993
1321994
1321995
13221
1323129
132411
1325294
132577
132611
1326762
1326763
1326765
1326766
1326767
1326768
1326769
1326770
1326774
1326775
1326776
1326777
1326778
1326780
1326782
1326783
1328770
13288
1329800
133224
13323
133304
1333648
1333877
133412
133427
1334851
133488
133490
1334925
1334934
1334957
1334967
1334977
1334982
1335100
1335101
1335110
1335111
1335114
1335120
1335122
13353
1336815
1336816
1336820
1336828
1336864
1336866
1336880
1336887
1336899
1336913
1336929
1336939
1337061
1338630
1339220
13397
1340056
1340057
1341612
1342317
1342547
1342565
1342607
1342635
1342636
1342682
13427
1342701
1342708
1343130
1343133
1343134
1343139
1343140
134320
1343685
1343686
1344038
1345006
1345012
1345016
1345021
1345087
13454
1346146
1346494
1346590
134763
1347775
1347863
1348342
1348343
1348404
1348406
1348415
1348417
1348612
1348975
1349747
135208
135209
1353228
1353538
135473
135477
135516
135523
1357343
135754
135755
135759
135760
135761
135763
135764
135765
135766
135768
135771
1357977
1358725
13604
13608
136085
136184
136459
136468
1365490
1365868
1365869
1365872
1366848
1366867
1366869
1366890
1366891
1366900
1367090
1367441
1367452
1367453
1367454
1367455
1367459
1367460
1367461
13676
13677
1368214
1368326
1368335
1368337
1368340
136941
136985
136987
137466
137547
1378299
1379952
1379953
1379954
138011
1381942
1381943
1381944
1381946
1382908
1382909
1382910
1382913
1382914
1382915
1383549
1383891
1384505
138538
138539
1385400
1386913
1386941
1387058
1387059
1387060
1387067
1387910
1387911
1387912
1387914
1387915
1387916
138849
1388884
1388885
1389005
1390099
1390100
139025
139077
1390973
1390974
1391521
1391542
1391543
139176
1393087
1393088
1393102
1393103
1393104
1393105
1393106
1393107
1393108
1393109
1393110
1393112
1393113
1393114
1393115
1393116
1393117
1393118
1393119
1395135
1395173
1397109
1397484
1398087
1398096
1398153
139984
1400426
1400429
1400866
1400978
1400981
1400982
1401165
1401167
1401171
1401173
1401174
1401176
1401177
1401178
1401181
1401182
1401183
1401185
1401186
1401187
1401193
1401194
1401195
1401196
1401197
1401198
1401199
1401200
1401201
1401202
1401203
1401236
1401354
1403701
140455
140477
140487
140496
140499
1406157
1406512
1406828
1406829
1406830
1406831
1406833
1406834
1406837
1406838
1406839
1407008
1407009
1407743
1407745
1408142
1408657
1411154
1411642
1411661
1411662
1411682
1411684
1411927
1411931
1411935
1411941
1411952
141264
1412989
141414
1415789
1416548
1416552
1416937
141884
141886
141887
1420631
1420632
1420634
1420635
1420636
1420637
1420638
1420640
1420644
1420645
1420646
1420647
1420648
1420817
1420917
142110
1421103
142113
1421139
1421823
1421824
1421826
1423344
1425172
1425173
1425477
142818
1428570
1429247
1431123
1431592
1431838
1431936
1431937
1432660
1432661
143332
143345
143350
1433721
1434223
1434309
1434743
1434936
1434982
1435180
1435210
143670
143672
1442084
1442085
1442086
1442087
1442088
1442089
1442090
1442091
1442092
1442094
1442096
1442099
1442100
1442101
1442103
1442107
1442111
1442131
1442449
1442451
1442454
1442455
1442457
1442458
1442460
1442461
1442462
1442463
1442464
1442465
1442467
1442469
1442470
1442471
1442472
1442474
1442475
1442476
1442477
1442478
1442479
1442480
1442481
1442482
1442487
1442491
1442493
1442496
1442502
1442509
1442510
1443164
1443620
1443624
1445585
1445868
1445907
1446909
1446917
1446920
1449643
1449650
1449663
1449665
1450234
1450236
1450237
1450238
1450239
1450240
1450241
1450242
1450243
1450244
1450245
1450247
1450248
1450249
1450250
1450251
1450252
1450253
1450254
1450255
1450256
1450258
1450259
1450260
1450263
1450265
1450267
1450269
1450271
1450273
1450275
1450276
1450280
1450284
1450288
1450295
1450296
1450297
1450298
1450299
1450302
145168
1453603
1453980
1454202
145471
145482
1454835
145522
1456981
1457143
1457144
1457145
1457146
1457147
1457148
1457149
1457150
1457151
1458363
1459839
1460289
1460405
1460407
1460408
1460409
1460410
1460411
1460412
1461142
146141
1461541
1461545
1461550
1462466
1462468
1462560
1462561
1462562
1463818
146479
146480
146760
146811
1469146
1469147
1469148
1469152
1469362
1470008
1470009
1470010
1470011
1470012
1470066
1471208
1471210
1471211
1472886
1474813
1474814
1474818
1474870
1475065
1477495
147769
1479024
147949
1483226
1483711
1484060
1484083
1484298
1484336
1484357
1485196
1485251
1485252
1485254
1485255
1485256
1485682
148582
1486009
1486022
1486463
1486889
1487598
1488661
1488662
1488663
1489435
1489483
1489734
148987
148993
149074
1491831
1492196
1492817
1495444
1495935
1497428
1497510
1497665
1497666
1497673
1498200
1498201
1498203
1500003
1500538
1501237
1501395
1501401
1501404
1501482
1502085
150301
1503305
1503306
1503330
1503408
150358
1503927
150448
150449
1504577
1504735
1504736
1504737
1504738
1504742
1504743
1504744
1504745
1504746
1504747
1504748
1504749
1504752
1504753
1504754
1504755
1504756
1504757
1504759
1504760
1504761
1504762
1504763
1504764
1504765
1504766
1504767
1504768
1504771
1504772
1504773
1504774
1504775
1504778
1504779
1504780
1504781
1504783
1504784
1504785
1504786
1504787
1504788
1504789
1504790
1504791
1504792
1504794
1504795
1504796
1504797
1504798
1504799
150597
150622
150623
1508078
151026
151027
1511721
1513492
1514137
151428
1514897
1515079
1515080
1515081
1515082
1516112
1516159
1519423
1519424
1519425
1519606
1519611
1519614
1519644
1519744
1519747
1519750
1519751
1521551
1521754
1522444
1524168
1524174
1524175
1524176
1524177
1524178
1524179
1524180
1524181
1524182
1524183
1524184
1524185
1524186
1524187
1524190
1524191
1524323
1524940
1524957
1525337
1525339
1525729
1527646
1527793
1527796
1527800
1527828
1527829
1529017
1529069
1529363
1529364
1529365
1532214
1532218
153251
1534972
1535962
153620
153621
153648
1536901
1537144
1537145
1537840
1537841
1537842
1538619
1539906
1539909
1541179
154311
154317
1543200
154321
1543311
1543694
1543968
1544721
1545445
1545446
1547167
1547851
1548725
1548726
1549164
1550665
1550670
1550672
1550680
155077
1550895
155755
155904
155984
1560220
1560652
1560653
1560663
1560673
1560675
1560688
156092
156102
156103
156104
156113
156122
156128
156130
156133
156134
1561715
156172
156173
156174
156175
156181
156182
156187
156216
1562161
156217
156230
1562322
1562391
1562708
1562709
1562711
1562712
1562715
1562717
1562961
1563317
1563319
1563321
1563322
1563323
1563324
1563334
1563339
1563341
1563348
1563362
1563398
1563419
1563420
1563516
1563663
1565494
156577
156587
1566675
1566677
1567047
1567050
1567051
156761
1569383
1570281
1570327
157092
157242
1572647
1573495
1574080
157584
157585
1576323
1576324
1576914
1577085
1577088
1577089
1577631
1577745
1577746
1577791
1577909
1577939
1577940
1577941
1577942
1577944
1577945
1577948
1577949
1577956
1578931
1578953
1579373
1580670
1581027
1581411
1582110
1582111
1582112
1582113
1582114
1582117
1582120
1582122
1582124
1582125
1582126
1582128
1582130
1582134
1582135
1582137
1582138
1582139
1582145
1582272
1582274
1582439
1582896
1582965
1583695
1583959
1584028
1584623
1584991
1585411
1585995
158605
158606
1586264
1587505
1590
1590110
1592562
159317
159342
1594483
1594485
159566
159567
159570
159598
159748
159749
160064
160216
160221
160265
1603439
1603606
1604653
1604855
160601
160602
160603
160610
160611
160612
160619
160623
1606475
1606541
1606602
1606603
160661
1606698
160677
1606861
1606869
1606870
160721
160726
160734
1607853
1607860
1607870
1607871
1607872
1608482
1609601
160963
1610580
1610688
1611985
1614639
161657
1618014
1618016
1618017
1618018
1618019
1618810
1619497
161951
1621396
1621447
1621451
1621459
1621480
1621483
1621491
162159
162160
162197
162207
162275
1628909
1628910
1628911
1628913
1628922
1628926
1628943
1628944
1628945
1628957
1628961
1628964
1628971
1628973
1628974
1628975
1628977
1628981
1628982
1628984
1628988
1628997
1628998
1629000
1629001
1629045
1629645
1629837
1629872
1630649
1630683
163100
1631189
163143
1631756
1631960
163232
1632369
1632551
1633020
1633460
163359
163480
163503
163516
1637824
1637825
1638942
1638943
1638946
1639545
1639570
1639573
1639577
1639579
1641411
1641413
1641414
1641588
1641808
1642025
164258
164412
1644136
164536
164537
164538
164539
164540
1647522
1647606
1648948
1648949
1651134
1651142
1651775
1652117
165264
1652997
1653212
1653245
1653259
1653274
1653278
1654351
1654353
1654606
1655527
1655529
1655532
1655535
1655537
1655546
1655547
1656164
1656261
1657016
1657017
1658403
1658618
1659185
1659217
166042
1661263
1661264
166261
1662657
166267
1663125
166318
1664039
166404
1664046
1664062
1664502
1672146
1672169
1672177
1672188
1672189
1673289
1673290
1673349
1673352
1673359
1673372
1673378
1673381
1673390
1673396
1673399
1673402
1673409
1673410
1673422
1673425
167535
167536
1675850
1676596
1676657
1676658
1676660
1676661
1676663
1676675
1676676
1676677
1676679
1676680
1676681
1676689
1676690
1676693
1676694
1676695
1676696
1676697
1676700
1676702
1676704
1676705
1676706
1676707
1676708
1676720
1676721
1676726
1677973
1677984
1677990
167831
1678892
1679438
167961
1680563
1680609
1680611
1680617
1680712
1680827
1680832
1680833
1681063
1681091
1681092
1682365
1682430
1683278
1683283
1683323
1683324
1683374
1683381
1683834
1683866
1683870
1684122
168488
168489
168491
168493
168494
168497
168499
168500
168503
168507
1685547
1685954
1686789
168724
168729
168733
168745
168756
168763
168767
168771
168785
1688446
1689149
1689221
1689237
1689272
169011
1690225
1691510
1691511
1691512
1691513
1691514
1691515
1691516
1691517
1691518
1691519
1691520
1691521
1691522
1691523
1691524
1691525
1691526
1691527
1691528
1691529
1691530
1691531
1691973
1691974
169388
1695206
1695222
1696430
1696433
1696439
1696441
1696450
1696457
169771
1697769
1697770
1697771
1701109
1701531
1701550
1701991
1701993
1701994
1702225
1702226
1702229
1702231
1704083
1704084
1704087
1704139
1704919
1704920
170509
1705789
1706300
1706452
170673
170680
1707142
170721
170722
1707700
1708399
1708747
1709935
1709939
1709941
1712426
1713628
1714380
1714387
1714837
1715256
1719758
1719803
1719816
1719847
1719848
1719961
1720109
1720110
172293
172659
172717
172725
172817
172822
172824
172825
173054
173055
173056
173091
1732013
1732396
173309
173311
173312
173331
173334
173344
173346
173654
1736631
173667
1736673
1737061
1740263
174037
1742613
1742615
1742617
1742618
1742621
1742626
1742904
1743396
1744892
1746097
1752160
1752179
1752674
1752675
1754044
175431
175432
175434
175435
175442
175444
1755686
1756918
175694
1758542
1758910
1759395
1760868
176102
176125
1761466
1761656
176176
1761792
1762016
1762025
1762031
1762032
1762037
176265
1763578
1763830
1764007
1764008
1764082
1764151
1764195
1764217
1764218
1764220
1764225
1764237
1764239
1764240
1764243
1764244
1764615
1764617
1764619
1764630
1764634
1764635
1764640
1764642
1764643
1764644
1764645
1764815
1764833
1764850
1764852
1764853
1764854
1764860
1764861
1764880
1764904
1764906
1764907
1764925
1764932
1764970
1764972
1767092
1767114
1767118
1769360
1769413
1769487
1770517
1770518
177412
1775177
177560
1778479
1778489
1779341
1779351
1779407
1779633
1779639
1779642
1779643
1779647
1779648
1779650
1779651
1779652
1779653
1779654
1779656
1779657
1779659
1779660
1779661
1779662
1779664
1779746
1780399
178273
178343
178361
178362
178372
178375
178378
1784714
1785164
1785919
178650
178779
1789350
1792178
1792275
179370
179371
1793876
1793945
1794708
1794719
1794724
1794725
1794727
1794730
1795139
1795199
1795446
1795455
1795457
1795458
1795459
1795460
1795463
1795465
1795467
1795469
1798018
1798043
1798130
1798948
1798950
1803796
1803797
1803798
1803799
1803847
1804149
1804151
1804765
1805505
1805525
1805528
1805529
1805564
1805565
1805570
1805571
1805573
1805574
1805575
1806640
1806642
180675
1806893
180940
180941
1809752
1810855
181122
1811857
1812408
1812409
1812745
1812833
1814199
181586
181621
1816218
181622
181651
181653
1816782
1816783
1817460
1817461
1817462
1817463
1817464
1817465
1817466
1817467
1817549
1817550
1817976
1819599
182090
182092
182243
182244
182458
182460
182462
1825523
1825700
1825721
1825722
1825905
182642
1826646
182845
1828454
1834756
1834757
1834759
1834798
183588
183656
183678
183959
183962
1840408
1840506
184214
1842504
1843191
1843195
1843199
1843205
1843215
1843216
1843705
1844090
184440
184441
1844875
184495
184747
184761
1848509
1848823
1848828
1848830
1848831
1849353
1850256
1851737
1851791
1851815
1852269
1852270
1853550
1853554
1855377
1856113
185665
1856765
1856766
185739
185805
1859131
1859133
1859380
1859412
1859450
1859699
1859702
1859703
1859706
1859708
1859735
1859738
1859749
1859750
1859752
1859760
1859765
1859766
1859767
1859793
1859794
1859795
1859797
1859798
1859804
1859817
1859819
1859826
1859836
1859855
1859867
1859870
1859880
1859893
1859912
1859916
186025
186029
186038
186039
186040
186043
1861721
1861722
1861727
186175
186176
1862976
1864535
1864603
1864604
1864606
1864612
1864614
1864615
1864616
1864621
1867410
1868455
1868456
1868742
1868743
1868744
1868747
1868748
1868752
1868756
1868757
1868758
1868759
1868760
1868761
1868762
1868763
1868764
1868765
1868766
1868767
1868768
1868770
1868771
1868773
1868774
1868775
1868776
1868777
1868778
1868780
1868781
1868782
1869227
1871037
1871186
187195
1872084
1872427
1872435
187245
1872568
1872634
1872691
1873229
1873500
187406
1874992
1874994
1874995
187732
187735
187800
187809
187810
188011
188023
1880573
1880593
1880595
1880605
1880606
1881105
1881117
1881125
188185
1882014
1882047
1882049
1882061
1882063
1882203
1882204
1882215
1882216
188228
188236
1882490
1883109
1883388
1884248
188453
1884585
1884647
1884861
188541
1886619
1886624
1886628
1886631
1886636
1887086
1888207
1888913
1888972
1889227
1889228
1889229
1889231
1889232
1889233
1889234
1889236
188940
188952
188953
188957
188964
188967
1889773
188980
1890235
1891026
1891229
1891231
1891234
1891235
1891237
1891239
1891240
1891244
1891249
1891361
1891646
1891978
1892383
1892433
1892629
189332
189333
189388
1895944
1896765
1896767
189737
1897801
189818
1898410
1898749
189915
190213
1902457
1902458
1902460
1902462
1902468
1902473
1902486
190263
1902853
1902861
1902918
1902928
1903071
190328
190468
1905723
1905832
1905833
1905834
1907792
1907928
1908221
1908693
1909291
1909294
1909701
1909705
1911418
1911560
1911593
1911595
1911598
1911682
1912850
1913988
1913989
1914957
1914961
1915358
191579
1916082
1916386
1916387
1916742
1918381
1918384
1920018
1920022
1920173
1920301
1920892
1921132
1921136
192219
1922226
1922284
1922287
1922288
1922289
1922290
1923966
1923967
1923972
1923973
1925001
1925333
1925337
1925414
1925416
1925417
1925419
1925420
1926331
1928008
1928331
192870
1928706
192871
1929015
1931081
1931083
193133
193184
1932391
1932413
1932427
1932610
1934158
1935389
193542
1935446
1936197
1936264
1936265
1936266
1936267
1937690
1937691
1937694
1938884
1940336
1940530
1940681
1941224
194193
194552
194557
195069
195071
195108
1951536
195209
195215
195226
195259
195275
1954219
1954227
195504
1955398
1955432
1955561
1955562
1955565
1955566
1955567
1955568
195612
195615
195623
1956399
195640
195855
195935
195967
195969
1960186
196075
1960768
1961811
1962505
196259
196260
196261
196274
196276
1963033
1963845
1964568
1965126
1965130
1965466
196595
1966350
1967136
1967940
1967941
1967943
196828
196829
196830
196831
196832
196835
1968775
1969575
1969740
1969917
197124
197222
1973076
1973080
1973086
1973196
1973197
1973198
1973263
1974332
197469
1975048
1975050
197648
1977087
197754
1978334
1978355
197858
197897
197902
1979794
1979800
1979864
198005
198006
1980070
198009
198015
198021
198022
1980407
1982007
1982022
1982023
1982027
1982029
1982030
1982032
1982034
198241
198252
1985157
1985161
1986217
1987369
198832
199309
199554
199570
2003107
2003110
2003113
200329
2004639
2006146
2006545
2006546
2006547
200680
2006848
200886
200894
2009197
2009235
2010215
2010915
201153
2011916
2011922
2012224
2012228
2012337
2012384
2012909
2014755
2014757
2014768
2014769
2014771
2014772
2014774
2014776
2014777
2014780
2014783
2015011
2015012
2015511
2015514
201552
201558
2015894
2015897
2015899
2016245
2016246
2016247
2016248
201645
201685
201702
2018028
2018480
2018706
2018708
2020862
202128
2021665
2022000
2022002
2022003
2022428
2023136
2023678
2023679
2023682
2023685
2023689
2023690
2023695
2023717
2023735
2023888
2024834
2024855
2025170
2025171
2025187
2025196
2026243
2026621
2026722
2026734
2026735
2026739
2026743
2026779
2026782
2026799
2026803
202702
202721
2027451
2027515
202898
2029556
2029594
2029595
2029625
2030809
2030969
2031021
2031109
2031116
203122
203191
2033
2033693
2036684
2036686
2037922
2038129
2038130
2038137
2038138
2038148
2038323
2038754
2039479
203972
203982
2039876
2040219
20403
2040503
2040628
2040703
2040705
2040976
2040982
2041974
204328
2044469
2044563
2044797
2044940
2044944
2046025
204618
2046222
2046349
2046374
2047754
2049346
2049432
2049438
2049697
2051554
2051559
2051956
2052622
2052623
2052632
2052831
2053074
2053084
2053085
2053086
2053087
2053088
2053089
2053090
2053091
2053094
2053095
2053096
2053097
2053100
2053101
2053102
2053103
2053111
2053114
205346
205348
2053480
2053489
205352
2053537
205354
2053897
2054275
2055250
2055951
2056411
2056412
2056444
2056445
2056446
2056447
2056448
2056449
2056450
2056451
2056452
2056977
2056978
2056981
2056991
2057000
2057234
2057238
2058121
2058400
2058781
2058846
2058847
2058848
2058849
205988
206108
2066531
2066603
2066604
2066605
2066608
2066644
2066647
2066651
2066653
2066654
2066655
2066658
2066662
2066664
2066665
2066676
2066678
2066686
2066691
2067834
2068119
2069578
2070707
2070708
2070709
2070710
2071690
2071996
2072196
2072426
2072428
2072433
2072437
2072438
2072440
2072442
2072448
2072451
2072467
2072493
207946
207955
2081635
2081638
2081639
2081640
2081961
2082235
2082239
2082240
2082250
208273
2083195
2083298
208333
2086364
2086586
209243
209285
2094189
209423
2094247
2094253
2094254
2094265
209644
2099344
2099354
2099362
2099404
2099405
2099408
2099409
2099410
2099413
2099415
2099417
2099418
2099419
2099420
2099421
2099423
2099424
2099426
2099427
2099428
2099430
2099431
2099433
2099434
2099436
2099437
2099438
2099580
2100116
210409
210441
210447
210602
210606
210611
210618
210625
210626
210632
2107305
2107309
210733
210735
2108417
2108418
2108419
2108422
2108423
210852
2109568
2109569
2109570
2109572
2109573
2109575
211012
211016
211018
211022
211094
2115823
2116662
211668
211864
2126239
2126243
2126244
2126246
2126266
2126440
2126442
212663
213318
2136010
2137185
2137954
2138295
214434
214486
214687
214821
214914
214916
214925
2152760
2152833
2152835
2152837
2152838
2152926
2153193
2153194
215367
215587
215801
2161682
216374
2163919
216620
216621
216731
216749
216762
216763
216767
216768
216774
216777
216790
216798
216802
216823
216885
216892
216893
216897
216921
216927
2169487
217026
2170262
2171361
2172521
2172673
2172678
2173040
2174348
217515
217517
2175682
2175958
2176022
2184952
218683
218960
218965
218966
218967
218968
218969
218970
218971
218972
218973
218974
218975
218976
218977
218978
218979
218980
218981
218982
218983
218987
218988
218990
218991
218993
218994
2200875
2200922
2200936
2201156
2201275
2202662
2202681
2202706
2202731
2202741
2202743
2202744
2204099
2204100
2204105
2204106
2204107
2204109
2204112
2204114
2204115
2204122
2204123
2204124
2204132
2204134
220647
220648
221336
221339
221342
221343
221348
221358
221443
221625
221626
221663
2217853
221976
2219862
2219881
221995
222003
222013
222015
222067
222884
2231128
2231145
2231156
223141
2231657
2231658
223366
223573
224131
224198
2248425
2250255
225107
225196
225408
225428
2259400
2259639
226052
226071
226073
226125
226126
226230
226320
2267218
2268451
2268653
2268699
2268910
2268966
2268987
227
2282215
2282234
2282857
228490
228594
229058
229075
229087
2291002
2291004
2291357
2291363
2291366
2291368
2291373
2291374
2291459
2291467
2291609
229162
2291668
2292165
229228
2292707
229290
229347
2294036
2294130
2294131
229533
2301599
2301984
2302000
2302162
2302169
2302204
2302206
2302226
2302401
2302887
2302894
2302895
2302896
2302902
2302903
2303287
2303293
2303294
2303412
230409
230410
230411
230412
230413
230419
230420
2304600
2304654
2304685
2304709
230516
2305714
230603
2306725
231110
2315346
2315412
2315413
2315414
2315415
2315479
2315864
2315890
2315891
2315893
2315894
2315904
2316437
2316504
2316508
2316510
2316634
2316663
231818
2321265
232276
232288
232428
232941
233005
2340796
234597
234625
234806
235072
235080
235195
235196
235197
235198
235944
236065
236100
2364126
236585
236586
236787
237018
237183
237398
237413
237448
237449
237451
237452
237455
237456
237470
237471
237618
238050
238051
238053
238055
238097
238540
238746
238839
238909
238910
239206
239743
240228
240364
240383
240449
240571
240573
240578
241346
241359
241424
241494
241699
241842
2419807
2419808
2419809
2419810
2420342
242046
242159
242928
242929
242932
243090
243198
243232
243326
243327
243824
244253
244423
244449
244454
2448046
2448773
2448934
2448935
2448936
244960
244961
244962
244963
245079
245098
246117
246119
246124
246167
246171
246404
247154
247157
247506
247632
247633
247636
247637
247638
247639
247640
247641
247642
247643
247644
247645
247647
2478900
2480077
2480080
248481
2485796
2485797
2485823
2486705
2486766
2486874
2486896
2486928
2487154
248916
2490635
2490919
2491017
249203
249210
249217
249218
2493094
2493095
2493209
2493233
2493505
2496141
2496629
2496630
2497411
2497619
2497682
2499157
2499817
2500157
2502171
2502994
2506109
2506222
2506279
2508687
2508726
2508839
2509520
2510334
2511775
2511779
2511932
251331
251332
251475
2516999
251741
2520508
252311
252313
252315
252669
252671
2527708
2527996
252809
2528150
2528217
2528220
2528221
2528222
2528225
2528226
2528230
2528231
2528232
2528233
2528234
2528235
2528236
2528237
2528238
2528240
2528354
2528355
2528933
2528942
2528946
2528947
2528949
2528950
2528951
2528952
2528956
2529244
2529245
252964
2530474
2530480
2530482
253302
253304
253309
253475
253498
253694
254031
254430
2546128
2546201
2546683
2547360
2547364
2547392
2547484
2547605
2547612
2547616
2547617
2547777
2548448
2548449
2548450
2548451
2548452
2548453
254933
254934
2555406
2555407
2555684
2555748
2555765
2555772
2555874
2556043
2556044
2556048
2556051
2556055
255724
2557542
2558189
255881
255883
255894
2559856
256004
256043
256058
2562335
2562705
2562715
2562716
2562736
2562777
256323
2563896
2567862
2569856
2570295
2570296
2571004
2571150
2571256
2571260
2571262
2572164
2574743
2574747
2575364
2575707
2575858
2576060
2576346
2576442
2576788
2576789
2577016
257771
2578037
2578038
2578210
2578421
257875
2580214
258031
2583061
2584542
2584543
2584544
258491
2585837
2586223
2586226
2586227
2586228
2586229
2586230
2586231
2586232
2586233
2586234
2586235
2586236
2586237
2586238
2586248
2586255
2586256
2586262
2586263
2586264
2586265
2586266
2586267
2586268
2586269
2586270
2586740
2586954
2587264
2587268
2587269
2587452
2588357
2588759
2589715
2589718
2589785
259040
2590415
2590420
2590897
2590921
2590922
2590923
2591687
2591690
2592167
2592173
2592174
2592175
2592176
2592177
2592178
2592180
2592181
2592182
2592183
2592184
2592185
2592186
2592187
2592188
2592189
2592882
2592890
2593073
2593264
2593363
259385
2594182
2594959
259564
259652
2597375
2597714
2597715
2598534
2598547
2598548
2598554
2598555
2598560
2598561
259897
259926
2600145
2601260
2601894
260212
2602407
2602413
2604147
2604950
260499
260524
2605626
2605655
2605704
260576
260577
2605924
2606406
260685
2606879
2606882
2606883
2606886
2606887
2606889
260704
260706
260712
2607893
2607899
2607900
2607901
261099
2611280
2611340
2611346
2613842
2613926
2614934
2614970
2615092
2615108
261842
261843
261845
261878
262233
262237
262295
262427
262428
262785
262969
262970
263357
263422
263736
264050
264055
264121
2650746
2651332
2651584
2651821
2651881
2651908
2651909
2651910
2651911
2652393
2652452
2652453
2652454
2652455
2652457
2652458
2652459
2652460
2652461
2652462
2652463
2652464
2652465
2652466
2652467
2652468
2652469
2652470
2652472
2652473
2652474
2652475
2652476
2652477
2652478
2652480
2652481
2652482
2652483
2652484
2652485
2652486
2652487
2652488
2652490
2652492
2652493
2652494
2652495
2652496
2652497
2652498
2652499
2652500
2652502
2652503
2652504
2652505
2652506
2652507
2652508
2652509
2652510
2652511
2652512
2652513
2652515
2652517
2652518
2652520
2652521
2652522
2652523
2652524
2652525
2652527
2652528
2652529
2652530
2652531
2652533
2652534
2652536
2652537
2652538
2652539
2652540
2652541
2652542
2652543
2652544
2652546
2652547
2652548
2652549
2652551
2652553
2652554
2652556
2652557
2652558
2652559
2652560
2652561
2652562
2652563
2652564
2652567
2652568
2652569
2652570
2652571
2652572
2652573
2652574
2652575
2652576
2652577
2652578
2652579
2652580
2652582
2652583
2652585
2652587
2652588
2652589
2652591
2652592
2652593
2652594
2652596
2652597
2652598
2652600
2652601
2652602
2652604
2652605
2652606
2652607
2652608
2652609
2652610
2652611
2652612
2652613
2652614
2652615
2652616
2652617
2652618
2652619
2652620
2652621
2652622
2652624
2652625
2652626
2652627
2652628
2652629
2652630
2652631
2652633
2652634
2652636
2652637
2652638
2652639
2652640
2652642
2652643
2652644
2652645
2652646
2652647
2652648
2652649
2652650
2652651
2652653
2652654
2652655
2652656
2652657
2652658
2652659
2652660
2652667
2652668
2652669
2652671
2652672
2652674
2652675
2652676
2652678
2652680
2652681
2652682
2652683
2652684
2652685
2652686
2652687
2652688
2652689
2652690
2652692
2652693
2652694
2652696
2652697
2652698
2652699
2652700
2652701
265276
265277
2652865
2653059
2653186
2654475
2654834
2654861
265524
265525
265527
265528
265533
265534
265537
265540
265543
265544
265545
265549
265550
265552
265559
265560
265563
265564
265565
265575
265581
265586
265591
265592
265599
265606
265616
2658586
265869
265870
266103
2661873
2661874
2662319
2662428
2662603
2663268
2663269
2663273
2663276
2663283
2663286
2663287
266664
266745
266746
266747
266817
266818
266819
266820
266837
267231
267260
267565
267566
267567
2676190
2678340
267858
267982
267983
2682161
2684113
2684369
2684370
2684371
2684852
2686358
268820
268821
269054
2691105
2691108
2691979
2692273
2692274
2692286
2692287
2692304
269554
2698480
2699462
2699473
2699475
270263
270329
2703868
2704024
2704025
2704098
2704136
2704522
2704931
270537
2705381
2705534
2706930
2707304
2707732
2707733
2709422
2710711
2711280
2714763
2716229
2716569
2716572
2716573
2716576
2716585
2716588
2716591
2716593
2716595
2716600
2716604
2716605
271679
271692
2717461
2717462
2718892
271941
271942
2719951
2719952
2720202
2721090
2723146
2723225
2723226
2723666
2724434
2724750
2724751
2724752
2724753
2724754
2724755
2724762
2724777
2724778
2724779
2724780
2724781
2724782
2724783
2724784
2724785
2724786
2724787
2724788
2724789
2724790
2724791
2724792
2724793
2724896
2724952
2724953
2724954
2724955
2725330
2726525
272745
272785
272788
272797
2728128
2728129
2728132
2728153
2728166
27291
27292
273017
273044
2731296
2731686
27322
2732264
2732863
2732991
27334
27338
2735798
2735801
2736689
2737744
2737745
2737746
2737747
2737748
2737750
2737751
2737752
2737755
2737757
2737758
2737759
2737811
2737812
2737813
2738250
2738263
2738277
2738279
2738280
2738288
273904
273907
2739562
2740184
274055
274056
274057
2741701
2742144
2743356
2744111
2744112
2744113
2744114
2744115
2744116
2744117
2744118
2744119
2744120
2744121
2744122
2744124
2744139
2744300
2746230
2746413
2746694
2746695
2746895
274697
274700
274709
274714
274718
2747386
274766
2747904
2747905
2747967
274803
2748289
2748608
2748896
2749328
2750679
2750815
2751863
2751894
2757713
2758191
2758192
2758218
2758220
2759249
2759271
2760439
27606
2760912
27610
2761385
27615
2762
2763340
2763554
2764997
2765378
2766526
276837
276838
2770537
27706
2770853
2770865
2771
2771352
2771424
2771425
2774197
2774605
2775602
27771
2777157
2777577
2777711
2778481
2778692
277999
278002
2780037
2780179
2780190
2780203
2780223
2780306
2780308
2780316
2780320
2780365
27804
27808
2781081
278112
278118
278122
2781578
2781972
2781973
2782525
2785124
2786
278976
279060
2790877
279128
27923
27933
27940
2794061
2794243
2794254
2795197
2795268
2795480
2795484
2795494
2795626
2795687
279580
279590
279643
279644
27967
2797544
2798854
28001
2800443
2800447
2800448
2800449
2800450
2800453
2800454
2800649
28014
2801507
2802088
2802089
2802090
2802091
2802975
2803505
280463
2805055
2805718
2805719
2805720
2805722
2805723
2805724
2805725
2805727
2805728
2805729
2805730
2805731
2805732
2805958
2806009
2809014
281027
281058
2811639
2811703
2811705
281195
2812483
2812485
2812571
2812594
2813037
2813651
2813890
2813891
2813894
2813895
2813926
2813927
2813928
2813929
2813930
2813931
2814445
281460
281609
281610
281612
281614
281679
2816827
28171
2817656
2818485
2819023
2820016
2820020
2820035
2820079
2820086
2820087
2820152
2820153
2820187
2820661
2822003
2822207
28223
282267
282269
2822746
28229
282290
282304
2823262
2827003
2827012
2828774
2828848
2828849
2828850
2828851
2828852
2828853
2828854
2828855
2828856
2828857
2828858
2829511
283035
283036
283539
283547
2836452
283647
283656
2836743
2836745
2836748
2836763
2836769
2837385
2837474
2837575
2837614
283781
283783
283887
2840216
2840382
2840387
2840388
2840389
2840390
2840391
2840392
2840393
2840394
2840439
284051
2841285
2841337
2841609
2841610
2841833
2843
2846882
284755
284756
284757
284758
284760
284783
284784
284787
284790
284792
284793
284796
284797
284798
284799
2847991
284800
284802
284823
284826
284827
284829
284834
284862
284864
284867
284869
284872
284877
284879
284881
2848983
2848984
2848985
2848988
2848990
2848991
2848993
2848994
2848996
2848997
2848998
2848999
2849002
2849004
284913
2849227
284941
2849483
2849485
2849486
2849488
28496
284967
284968
284971
284976
284978
284979
284980
284981
284982
2850086
285029
285043
285046
285047
285048
285049
285051
285052
285056
285057
285058
285059
285060
285061
285062
285065
285152
285158
285160
285162
285218
285223
2853
2853211
2854
28540
2855563
2856
2859628
2859630
285985
2861137
2861142
2862141
2862367
2863858
2864184
2865179
2865182
2865206
2865207
2865214
2865216
2865218
2865226
2865239
2865262
2865271
2865384
2865392
2865393
2865413
2865416
2865420
2865460
2865470
2865541
2865591
2866162
2866190
2866311
2866709
2867501
2867502
2867506
2867507
2867955
2871461
2871680
2872
2872216
2873515
28743
287508
2876143
2876155
2876884
2877765
2877766
2877767
2877768
2877793
2877794
2877795
2877813
2877821
2878105
2878697
288
2880
2881058
2881428
2884263
2885476
288570
288667
2888765
2893599
289378
289389
2893949
2894198
289420
2895526
2897342
2898042
2898045
2898052
28985
2899173
2899174
2899175
2899176
2900362
2900548
290070
290072
290075
2902008
2903
2904152
2908638
2908639
2909287
2909434
2909459
2909485
2909513
2909592
2909657
2909809
2909855
291029
291030
291031
291032
291033
2912879
2912880
2912898
2912904
2912988
2912989
2913296
2913312
2913315
2913316
2913318
2914002
2914904
2915133
2915582
29158
2916
2917077
29190
2919509
2919510
2919511
2919512
2919513
2919514
2919516
2919517
2920
29204
29205
29207
29208
29209
2921197
2923
2923095
2923317
2923461
2925
2925154
2925218
2925399
2925417
2926
2926555
2927232
2927233
2927234
2927236
2927974
29291
2929146
2930371
2930474
2931363
293193
293194
293196
293198
293199
2932
293206
293210
2932268
2932327
2932382
2932487
293275
2934422
2934426
2934451
2935
293625
2936289
2936456
293646
2936604
293821
2938944
293907
293913
2940182
29410
2942997
2943812
2945
2945566
294749
29497
2950
2950213
2950227
2950228
295108
2952
2953576
2954813
2957
2957510
2957512
295837
2959
296199
2962066
296218
2962706
2962870
2964002
2964010
2964324
2964736
2965284
2965285
2965323
2965488
2965489
2965490
2965491
2965492
2965493
2965494
29655
296587
296588
296590
2966
2966241
2966242
296670
2967112
2967348
2968077
2968238
2968240
2968501
2968506
2968831
2969152
2969155
2969156
2969158
2969159
2969665
2969666
2969762
2969764
2970911
2971366
2971367
2971470
2971495
297155
2973586
2973839
2974344
2974346
297447
297450
297451
2974818
2974960
2976465
2976530
2976538
2976774
2976941
2976942
2979115
2979175
2979589
298137
298164
298165
2981897
298287
2982930
2983578
298366
2984346
2984350
2984353
2984356
2984361
2984362
298454
2984886
298604
2986618
2989
2990467
29916
29917
29918
2991858
2992
299206
2994320
2994407
2994700
2994701
2994959
2995687
2995689
2995690
2995691
2997248
2997270
299778
299886
299901
299902
299905
3000
3003
3003278
3003317
3003490
3003861
3003862
3003917
3005
3013917
3013920
3014148
3015271
3015982
301696
3018275
3018305
3018795
3018796
3018978
3019278
3019568
302021
302480
3025909
3028027
3028228
3028765
30288
3028840
3028841
3028918
3029
30291
3029278
30295
30297
3029723
30299
3030862
3031
3031135
3031762
3031813
3031841
3031842
3032
3032086
3033977
303400
303401
303402
3034029
303406
3034176
3035453
3035570
3036234
3036256
303728
3038442
3038443
3038445
3038447
3038451
3038467
3038468
3038469
3038471
3038481
3038522
3038523
3038530
3038923
3040455
3040557
3042009
304202
3042507
304258
3042694
3043345
3043346
3043770
304413
3044367
304459
3045160
3046266
304864
3049703
3050065
3050085
3051125
3051248
3051398
30522
30532
3053594
3053630
3055487
3055612
3058351
3061235
3061869
3064001
3064075
3064076
3064829
3065438
3065865
3068544
3068794
3068899
3068900
3068901
3068911
3068912
3069588
3069612
3069614
3069615
3069627
3069635
3069638
3069642
3069646
3069660
3069664
3069672
3069677
3069680
307053
307057
307059
307061
307063
307103
3071811
307245
3072868
3075301
3075321
3075330
3075827
307616
3076617
3078904
3078916
308080
308081
3080823
308097
3081637
3081669
3081764
3081772
3085199
308566
308599
308610
3086144
3086146
308616
308662
308692
3092284
3092287
3092289
3092756
3092759
3092760
3092761
3092762
3092763
3092764
309479
3094919
3095324
3096115
3097027
3097298
3097313
3097324
3097328
309984
310037
310045
3101730
3101757
3104234
310562
310565
3105985
3106951
3107983
310810
3108486
310905
3110968
3110969
3111447
311172
311201
3112573
3113259
3113363
311390
311396
311397
3114442
311458
3115510
3116938
3118044
3118396
3119006
31193
311979
3119969
3120116
3120117
31202
312044
312227
3126173
3126526
3126674
31276
3128484
3129261
312988
312990
312992
312995
312996
31312
3131928
31329
3133389
3133838
3134927
3141535
314207
314234
314250
314251
314261
314287
3144
3144157
314502
314507
314508
314509
314511
314512
314514
314515
314516
314529
314533
314577
3148851
3151
315236
3153607
3153643
3153665
3153666
3153811
3153813
3156025
3157346
315780
315787
3158002
3158010
315820
3158539
3159519
316067
316127
316135
316137
316170
316177
316184
316189
316191
316192
316193
316194
316203
316205
316209
316211
316213
316215
316216
316218
316222
316224
316226
316229
316230
3162686
316279
316349
318456
318481
318818
319230
319389
319397
319444
319734
320166
32052
321201
32198
322594
3228764
3229849
3230861
323290
323299
323307
323310
323323
323326
323328
323329
323333
3233623
3234291
3234292
323802
3239287
324081
324491
324623
324673
3248539
324873
324891
32570
3258
32595
32597
3260958
326149
32630
326332
326544
326724
3271206
3271371
327389
327391
3277448
327821
3279442
328260
328349
328360
328428
328594
328598
328599
3287591
3293479
329443
329447
329474
329973
330153
330378
3306467
330721
330722
330723
330724
330725
330727
330888
33092
331079
331088
331090
331091
331094
331408
331608
3322
332212
332336
332337
332338
332418
332648
3329432
333133
333350
3341701
334379
334385
334415
3344393
334530
334531
334819
334880
334896
3352919
335489
335712
335713
335794
3357991
335992
3360228
33640
33642
33657
33658
33659
3368631
337180
3373029
337322
337443
338211
338244
338254
338256
339963
339968
340022
340023
340024
340078
340201
340206
340370
340371
340422
340691
341390
342070
342079
342081
342082
342439
342444
34257
342586
342588
344011
34409
344173
344174
344175
344733
34480
34488
344910
345631
346194
346212
346218
346219
346240
346247
34765
348049
34816
34865
348707
349456
35101
35128
35137
35142
35144
351623
35163
352448
352465
352471
352911
352912
352913
353922
353925
353935
353961
353977
354008
354011
354045
354049
354246
354441
354587
354588
355634
355935
356485
356655
356656
35672
35677
35679
35682
35684
35687
356934
357350
357460
35761
357811
358020
358189
35884
359856
360534
360536
360538
360663
360664
360681
360682
360708
361209
36121
36133
361426
361427
36181
36212
362230
363275
363325
363326
363907
363908
364747
365354
365369
365371
365373
365375
365377
365382
365385
365386
365515
365525
365608
3661
3662
3663
3664
366425
366433
366440
366441
366455
36651
366601
366620
367072
367073
367075
367110
36774
367903
367905
367906
367909
367911
367912
367914
367919
367921
367925
367927
368212
368219
368220
368232
368233
368234
368449
36881
36892
36894
36896
36898
368987
369761
370103
3702
3707
3708
37097
37099
3710
3711
3712
3715
3716
371681
371682
3719
371952
3726
372794
372813
372814
372817
373018
373042
37308
373093
37318
37319
373306
373317
373401
37360
373746
37469
3747
37475
37519
37520
37524
37541
375764
376140
37621
376353
376358
376364
37641
37642
3770
377046
37710
3772
377434
378043
378412
378414
378505
378992
379003
379004
379006
379007
379008
379101
379326
37949
37998
380453
380492
380744
38149
381795
382299
382360
382361
382364
382365
382366
382367
382369
382370
382373
382377
382379
382380
382386
382387
382392
382397
382451
38246
382464
382490
382491
382529
382552
382701
38271
382710
38273
383812
383813
383899
385029
385391
385413
385415
385418
385419
385427
385480
385796
386076
386499
387382
387388
387404
387405
387407
387409
387435
38760
387625
387626
387627
387628
387629
387996
38817
38822
388226
388232
38824
38833
38836
388428
388638
388800
390315
390354
39042
390553
390554
390555
390556
390563
390572
3917
392227
392267
392538
392539
39301
393035
393036
39317
39353
393596
393765
393878
39395
39408
39437
39447
39449
39450
39453
39455
39459
39464
394690
394693
394730
394741
394744
394750
394751
394774
394801
394909
395010
395882
396003
396322
396344
396345
396347
396515
396600
396779
396781
396786
39714
39717
397414
397552
397560
397580
397583
397594
397879
397884
397951
397953
398258
398450
398543
398545
398671
399052
400142
400702
400755
400756
400838
40199
40252
402583
404293
40454
40494
40495
40497
40499
40502
40503
40504
405170
4054
405425
40559
40563
405977
406009
406825
407208
407209
407301
408822
409284
409302
40986
410623
410738
411053
41120
411672
411673
412152
412153
412156
412157
412158
412164
412375
41300
413064
413324
413326
413330
413332
413642
413645
413647
413850
41401
414396
41457
414672
414673
414699
414718
415975
41631
416573
416578
416580
416584
416612
416803
416816
416830
416832
417073
417294
417575
418113
4182
418331
41836
418362
418379
41875
41877
41880
41886
418912
418938
418940
418943
418945
418946
418956
418962
418963
418974
41900
419288
419481
41950
420258
420259
420260
420261
420264
420275
420281
420286
420299
420540
420551
420553
420555
420556
420557
420568
420574
420575
420619
420639
420640
420641
42068
420782
42100
421690
421702
423245
423246
4236
423615
42384
424481
424526
424540
424541
424542
424544
424545
424546
424547
424816
425070
425076
425264
42551
425801
425804
425807
425808
425809
425813
426078
426079
426080
426081
426082
426098
426428
426624
426625
426630
426631
426632
426634
426635
426637
426638
426639
426648
426664
42676
427311
427675
427755
428031
428034
428328
428446
42893
429177
429241
429242
429447
429449
429453
429454
429456
429458
429460
429461
429462
431275
431400
431568
431586
431593
431928
432264
432302
432305
432346
43265
433350
433405
433461
433500
433501
433740
433949
434030
434087
434494
435273
435274
435404
435697
435698
435893
435914
435999
436006
436011
436017
43686
437443
437713
437714
437763
437765
437766
437767
438878
438879
43935
439494
439559
44056
44058
441544
44190
44197
442665
442991
44306
443152
443381
443638
443676
443679
443693
443694
443712
44434
44440
444440
44445
44446
44447
44451
44453
44459
444606
44462
44463
445906
445912
445914
445959
446372
446374
446482
446684
447208
447210
447216
447242
447950
447961
447962
448035
449143
449161
44932
449394
449583
450181
450187
450529
450531
450735
450738
450739
450740
450741
45107
45157
451786
451787
451791
451889
452538
452646
45354
453764
454270
454274
454282
454604
455251
45568
45621
45653
457074
457075
457078
457359
457362
457367
457374
457375
457376
457380
457647
457650
457664
45783
457850
458495
458502
458503
459342
459412
459501
459534
459535
459817
459920
46105
462866
462868
462884
462885
462886
463189
463289
463290
463619
463620
463622
463623
463624
464225
464228
464278
46462
464989
465777
46585
46601
46610
466111
466120
466130
467091
467946
468558
468837
46947
469473
46948
46950
47071
470781
471943
471962
473813
473817
475233
475725
476099
476440
4766
476918
476925
4770
478384
478396
478420
478474
478476
478481
47887
479279
479281
47934
479467
479489
47951
479716
47983
48021
480995
48109
48117
481301
4814
48144
48146
481893
48242
482489
482490
482556
482915
482919
483365
483369
483370
483371
483417
483532
48412
484495
484496
484497
484502
484804
485445
48551
485763
4860
486107
486108
48697
48708
487320
487518
487634
487641
487987
4881
488254
48848
488533
488588
488837
490245
490251
490257
490258
4903
490754
492021
492274
49238
49239
49240
49246
49249
49252
49255
492566
49258
49260
49261
49265
492768
4931
4932
4934
493465
493467
493470
493475
493538
493560
493932
494514
497157
497490
497493
497494
497503
497703
497727
497729
497732
497741
497816
497994
498005
498006
498211
498505
498510
498520
498522
498524
498527
498535
498585
4992
4997
499907
500023
500057
5003
500713
501294
501545
501546
501608
501609
502081
502949
502950
502966
502968
503033
503034
503035
503039
503042
50351
503670
50417
50422
504414
50459
50462
50463
505693
505716
5059
505994
505996
5074
50741
507566
5076
5078
5081
508708
508709
50928
509574
509963
510610
51076
511072
51156
511742
511743
511753
512220
512238
512246
512255
512643
5127
5128
51294
513281
513285
513287
51350
51351
5141
5147
515470
515473
515474
515481
515482
515485
515486
515487
515817
516002
516369
516513
51671
516904
516908
516980
51758
5180
51983
520276
520278
520280
520285
520372
520387
520390
520393
520394
520395
520396
520404
520406
520407
520409
520413
520414
521390
521395
52230
52239
52253
523209
523480
523482
523504
523566
523575
523576
523585
523617
523654
523658
523845
524895
524897
524898
524900
524917
52547
52552
52555
52556
52559
526559
527499
52824
5288
52901
529148
529466
529471
52970
529768
529820
529821
529882
530540
5310
531324
53249
5325
5327
5341
535939
53616
536288
536289
536292
536293
536326
536327
536328
536329
536330
536331
536332
536333
536334
536335
536336
536337
536338
536339
537139
537752
53944
53948
539915
539922
539929
54099
541016
541018
541227
5417
542335
543355
54343
543857
543858
54396
54398
544933
544935
545688
545793
5467
546942
547557
5476
5482
548263
548269
549204
549342
549343
549345
549346
549347
549348
549349
550474
5507
551278
5515
5516
5518
552362
552386
552662
552824
552825
552826
5535
553535
553611
5537
553858
554453
554486
554634
55529
555487
555490
55567
555720
555753
555754
555756
555789
555830
555832
555837
555845
55629
55643
55647
556724
556794
556798
557275
557421
557571
558121
558123
558138
559292
559850
560972
560987
561169
56192
56195
56245
562739
562741
563195
5632
563750
563755
563759
563765
564088
564090
564096
564101
564102
56443
56452
56641
56646
566462
566467
566470
566475
56716
56722
56726
56733
56799
56804
568212
569361
56941
569439
569955
569958
57028
570961
572236
572237
573095
573096
573193
573606
573608
574839
574840
574842
574843
574844
574849
574856
57486
574951
574952
574953
574954
574955
575201
575863
57664
576741
576742
576745
576746
576748
576781
57679
576801
576802
576805
576809
576816
576822
576824
576828
576830
576834
576836
576842
576843
576845
576847
577428
5778
57902
57903
57912
57918
57926
57931
579513
579518
579680
579749
579750
579755
579757
579766
579767
579768
579769
579770
579771
579773
579774
579775
579776
579778
579779
579780
579781
579782
579783
579784
579785
579786
579787
579788
579790
579791
579792
579793
579794
579795
579796
579797
579799
579800
57983
579843
579867
579868
579869
579870
579872
579874
579875
579876
579877
579878
579879
579880
579881
579882
579883
579898
580078
5801
580240
580365
580366
580401
580404
580406
58158
58161
58220
582403
582508
582753
582755
582757
582759
58369
584794
584866
584890
585412
585414
585417
585423
585455
585572
586722
586787
586788
586789
586790
586798
586812
587151
587614
58796
58804
588094
588325
588350
588352
588406
589322
589948
589951
589960
589976
590968
591571
592011
592142
592853
592863
59291
59296
594546
594547
59560
59564
596236
59765
59809
59810
59861
598732
5997
600358
60172
60563
60593
60595
6063
608205
608811
61156
6116
61207
61235
613159
61337
61366
61374
614050
614189
6145
6148
61495
617173
61847
61848
61853
619270
619271
619272
619275
619276
619277
619278
619279
619772
620741
621102
621103
621104
621106
622350
622355
622439
622781
62300
62307
626261
626278
626733
626734
626735
626736
626737
62690
627963
627964
627965
627966
627967
627968
629751
629752
629753
629754
629759
629760
629761
629762
629763
629764
630486
630538
630675
630703
631048
63136
631387
63141
632140
632150
633638
634193
634306
6344
63459
63515
6364
63673
637378
637379
637410
637470
637492
637499
637500
637501
637502
637539
637540
637541
637542
637543
637544
638236
638296
639589
639591
640130
641108
641206
641213
641214
641229
641666
641674
641726
642938
643144
643680
644164
644165
644167
644169
644170
644171
644172
644173
644174
644175
644176
644177
644179
644180
644181
644184
644221
644490
64471
64511
645299
645351
645367
645378
645382
645386
645392
645398
646052
646139
646141
646463
64706
64707
647109
647392
647393
647394
64940
649609
649613
650052
650053
650062
6503
650509
651182
651197
651200
651205
651425
651427
651428
651429
651449
651450
651451
651452
651459
651549
652053
652056
652067
6523
652658
652710
652861
652906
652932
6550
6551
655348
655474
655750
655751
655801
656063
656065
656068
65693
6577
6579
658120
658122
658141
65816
658552
658560
659
659331
65948
659878
660
660027
660064
6604
661444
661989
661998
662006
662020
662034
662074
66222
662999
663
663229
663693
664271
664273
664416
66456
66465
66466
66468
66473
665079
665100
665140
666512
667017
6678
66791
66850
669373
669460
669682
670440
670708
670782
671091
672125
672126
672227
672400
672929
672931
673113
67476
6755
675800
6759
676023
676024
676025
676026
676789
67781
678
678896
679014
6799
680074
682669
6837
684664
684751
685110
685760
685761
685763
686723
686724
686725
686726
686733
686737
686738
686742
686753
686754
687159
687160
687944
687948
68803
688076
689415
689416
689417
689418
689419
689420
689422
689424
689426
689428
689430
689434
689436
689438
689440
689442
689444
689448
689452
689457
689653
69056
690577
690713
690716
691888
692278
692279
692521
692525
692531
693049
693143
693153
693163
693253
693254
693316
693447
693645
693860
693862
693909
693910
693912
693924
693931
693950
694121
694123
694314
696080
696093
696133
696184
696186
696293
696307
696348
696411
696961
69783
697907
697908
697909
697910
698789
698876
698986
699226
699227
699229
699233
699235
69944
700633
700668
700671
700672
700676
700793
701157
70189
702563
70285
703033
703082
703294
704171
70448
705413
707162
707164
707981
70808
708205
708423
70936
709961
71001
710191
713919
714454
714537
714603
714605
714608
714609
714610
714611
71516
715184
715297
715329
715450
715980
716816
717064
717096
718187
718188
71860
71861
72004
72011
72063
72067
72074
72075
72079
72084
72092
72094
72103
72105
721873
72199
72228
722560
722754
723299
72548
72664
72677
72681
72733
72990
732115
73842
73843
73845
73848
73849
73915
740694
74089
74099
741088
741089
741090
742027
744195
744196
74433
744586
744862
744873
744985
745345
745346
74557
745714
745785
74635
74645
74649
746504
746505
746506
74656
74736
74861
748992
749009
749188
749231
749232
75013
75014
75016
75024
75028
752057
75297
75308
75329
753643
753649
754476
75562
755732
756461
758569
758578
758760
7590
759128
759348
759917
7602
7603
7604
7611
76111
7616
762664
762665
762734
763142
763493
763931
763934
765933
7663
7668
76717
76773
76775
76796
768043
768463
768832
769005
769006
77115
77218
7725
7726
7729
77300
77589
77922
77927
77928
77929
77931
78178
78191
78195
78550
78556
79275
79277
79324
79325
795029
795952
796002
796330
797135
797268
79772
798209
79861
79894
8030
8032
80347
80365
80378
8049
8063
80720
80778
80836
80837
80854
80956
80966
80970
80972
81533
81535
81572
81636
81638
8164
8167
8168
8177
8179
8182
81843
81844
8187
82174
8218
82288
82356
8236
8237
82379
8240
8255
82558
8260
8262
8267
82927
83371
83372
83528
83875
83955
84071
84301
84485
84588
84638
84667
84976
84978
84979
85094
85179
85206
85552
856786
856795
856889
858351
858356
858606
859419
859642
859643
859984
86007
86013
86016
860291
860588
860607
860901
861515
86230
862908
862912
862914
862916
862926
86304
864286
864335
864640
864654
864691
864859
864860
864861
864862
864863
864864
864869
864871
864873
864875
864879
864881
864883
864887
86556
86591
865992
865993
86610
86615
86640
866871
866872
866873
866874
866875
866876
866877
866878
866879
866881
866882
866883
866884
866885
866886
866887
866888
868040
868044
86828
868787
868788
868792
868798
868799
868819
868848
86898
869050
869053
869054
869056
869057
869059
87102
87103
87104
87105
87107
87111
87112
871236
87298
876016
876145
877583
880219
880220
880235
880241
880243
880253
880257
880261
880430
880432
880884
880990
881006
88149
88154
88271
883000
88364
884218
884619
885332
88552
885934
886300
88708
887100
888421
888424
888425
888426
888427
888428
888429
88926
88928
889597
889610
89138
891395
89141
89381
89401
89402
89940
89957
89963
90247
90248
90339
903642
903645
903650
903657
903658
903661
903662
903665
903677
903678
903679
903680
903681
903682
903685
903693
903708
903714
903726
903728
903730
903731
903733
903735
903737
903738
903739
903744
903745
903752
903754
903761
903765
903767
903772
903773
903776
903780
903784
903796
903799
903808
90426
904677
90675
906921
90736
90803
90861
908977
90936
911039
911321
91325
91375
913974
91604
91608
91991
91992
92081
926437
92950
92969
92972
92976
92984
92985
930805
93162
933485
93385
933853
934183
934187
934192
934193
934194
934196
934199
934203
934217
93486
935192
935693
93593
93594
9361
936282
936283
936337
93692
93694
936963
937740
937743
937756
937758
937804
938103
938105
938122
938385
93931
941209
941460
941984
94247
942635
942637
942638
942650
942674
942677
942691
943225
943230
944587
94610
946583
947042
947044
947086
947090
947098
947578
947579
94784
94785
9483
948311
948935
94951
94984
9515
9544
95528
95546
9555
9565
95748
95749
9590
9593
9597
9598
9600
96007
9601
9606
9612
9615
9643
9644
96446
96477
9657
9659
9662
96639
9666
9685
97084
9711
9713
9716
97196
97199
97223
97227
9728
9731
9733
97330
97331
9739
9742
97484
97485
97487
97489
9764
9767
9796
980160
980195
980197
980339
98058
98068
98070
981262
981509
98217
98291
98308
983296
983340
98351
984270
985833
985835
986871
986880
986902
9886
989644
990148
990950
991072
9915
9925
99300
99344
993617
99391
994319
994786
995045
995046
996684
997027
997966
998006
9986
9988
99911
999463
9995
